SVM RBF
Classification_report:
             precision    recall  f1-score   support
          B       0.45      0.35      0.39        77
          C       0.00      0.00      0.00        20
          G       0.00      0.00      0.00        36
          M       1.00      0.02      0.04        45
          O       0.00      0.00      0.00         6
          P       0.63      0.48      0.54        65
          R       0.39      0.85      0.54       117

avg / total       0.46      0.43      0.36       366

[[ 27   0   1   0   0   4  45]
 [  1   0   0   0   0   4  15]
 [ 16   0   0   0   0   1  19]
 [  1   0   0   1   0   2  41]
 [  0   0   0   0   0   2   4]
 [  3   0   1   0   0  31  30]
 [ 12   0   0   0   0   5 100]]

SVM linear
Classification_report:
             precision    recall  f1-score   support
          B       0.41      0.47      0.44        77
          C       0.31      0.25      0.28        20
          G       0.43      0.36      0.39        36
          M       0.25      0.29      0.27        45
          O       0.00      0.00      0.00         6
          P       0.61      0.57      0.59        65
          R       0.47      0.48      0.47       117

avg / total       0.44      0.44      0.43       366

[[36  4 10  6  0  4 17]
 [ 4  5  1  1  0  4  5]
 [16  2 13  1  0  0  4]
 [ 4  0  1 13  0  3 24]
 [ 0  0  0  0  0  4  2]
 [ 6  2  3  6  0 37 11]
 [21  3  2 26  0  9 56]]

KNN
Classification_report:
             precision    recall  f1-score   support
          B       0.25      0.26      0.25        77
          C       0.10      0.05      0.07        20
          G       0.16      0.17      0.16        36
          M       0.17      0.24      0.20        45
          O       0.50      0.33      0.40         6
          P       0.41      0.42      0.41        65
          R       0.38      0.34      0.36       117

avg / total       0.30      0.29      0.29       366

[[20  2 10 11  0 11 23]
 [ 5  1  5  1  0  2  6]
 [12  4  6  4  0  4  6]
 [ 7  0  2 11  0  6 19]
 [ 0  0  0  0  2  3  1]
 [10  1  7 10  1 27  9]
 [26  2  7 28  1 13 40]]

NB
Classification_report:
             precision    recall  f1-score   support
          B       0.36      0.18      0.24        77
          C       0.11      0.20      0.14        20
          G       0.24      0.14      0.18        36
          M       0.23      0.31      0.27        45
          O       0.00      0.00      0.00         6
          P       0.33      0.26      0.29        65
          R       0.37      0.49      0.42       117

avg / total       0.31      0.30      0.29       366

[[14  8  8 10  0  8 29]
 [ 2  4  2  2  0  2  8]
 [ 7  6  5  3  0  2 13]
 [ 1  2  1 14  0  3 24]
 [ 0  0  0  1  0  2  3]
 [ 3 12  2  9  0 17 22]
 [12  6  3 21  0 18 57]]

DT
Classification_report:
             precision    recall  f1-score   support
          B       0.32      0.23      0.27        77
          C       0.05      0.05      0.05        20
          G       0.11      0.14      0.12        36
          M       0.11      0.16      0.13        45
          O       0.00      0.00      0.00         6
          P       0.22      0.23      0.23        65
          R       0.42      0.38      0.40       117

avg / total       0.27      0.25      0.26       366

[[18  6 11 15  0 11 16]
 [ 2  1  4  2  0  7  4]
 [ 9  2  5  2  0 10  8]
 [ 6  1  8  7  1  7 15]
 [ 1  0  1  1  0  2  1]
 [ 9  4  5 11  2 15 19]
 [11  7 10 26  2 16 45]]
