SVM RBF
Classification_report:
             precision    recall  f1-score   support
          B       1.00      0.05      0.10        77
          C       0.00      0.00      0.00        20
          G       0.00      0.00      0.00        36
          M       0.00      0.00      0.00        45
          O       0.00      0.00      0.00         6
          P       0.00      0.00      0.00        65
          R       0.32      1.00      0.49       117

avg / total       0.31      0.33      0.18       366

[[  4   0   0   0   0   0  73]
 [  0   0   0   0   0   0  20]
 [  0   0   0   0   0   0  36]
 [  0   0   0   0   0   0  45]
 [  0   0   0   0   0   0   6]
 [  0   0   0   0   0   0  65]
 [  0   0   0   0   0   0 117]]

SVM linear
Classification_report:
             precision    recall  f1-score   support
          B       0.39      0.48      0.43        77
          C       0.29      0.25      0.27        20
          G       0.47      0.42      0.44        36
          M       0.28      0.24      0.26        45
          O       1.00      0.33      0.50         6
          P       0.66      0.54      0.59        65
          R       0.48      0.52      0.50       117

avg / total       0.47      0.45      0.45       366

[[37  3  6  5  0  6 20]
 [ 7  5  0  1  0  1  6]
 [13  2 15  0  0  0  6]
 [10  0  3 11  0  2 19]
 [ 0  0  0  0  2  2  2]
 [ 5  3  6  4  0 35 12]
 [24  4  2 19  0  7 61]]

