SVM RBF
Classification_report:
             precision    recall  f1-score   support
          B       0.65      0.17      0.27        77
          C       0.00      0.00      0.00        20
          G       0.00      0.00      0.00        36
          M       0.00      0.00      0.00        45
          O       0.00      0.00      0.00         6
          P       0.60      0.14      0.22        65
          R       0.34      0.96      0.50       117

avg / total       0.35      0.37      0.26       366

[[ 13   0   0   0   0   2  62]
 [  0   0   0   0   0   0  20]
 [  3   0   0   0   0   0  33]
 [  0   0   0   0   0   2  43]
 [  0   0   0   0   0   0   6]
 [  1   0   0   0   0   9  55]
 [  3   0   0   0   0   2 112]]

SVM linear
Classification_report:
             precision    recall  f1-score   support
          B       0.34      0.38      0.36        77
          C       0.12      0.15      0.13        20
          G       0.25      0.25      0.25        36
          M       0.21      0.29      0.25        45
          O       1.00      0.33      0.50         6
          P       0.34      0.29      0.31        65
          R       0.41      0.35      0.38       117

avg / total       0.34      0.32      0.32       366

[[29  5 11  8  0  8 16]
 [ 6  3  0  1  0  5  5]
 [11  4  9  3  0  4  5]
 [ 6  1  2 13  0  7 16]
 [ 0  0  0  1  2  2  1]
 [13  5  6  7  0 19 15]
 [21  8  8 28  0 11 41]]

KNN
Classification_report:
             precision    recall  f1-score   support
          B       0.25      0.36      0.30        77
          C       0.04      0.05      0.05        20
          G       0.25      0.19      0.22        36
          M       0.16      0.13      0.14        45
          O       0.50      0.17      0.25         6
          P       0.43      0.32      0.37        65
          R       0.40      0.38      0.39       117

avg / total       0.31      0.30      0.30       366

[[28  4  9 10  0  5 21]
 [ 6  1  1  2  0  3  7]
 [13  5  7  1  0  3  7]
 [11  2  0  6  1  5 20]
 [ 1  0  0  0  1  2  2]
 [20  6  2  5  0 21 11]
 [33  6  9 14  0 10 45]]

NB
Classification_report:
             precision    recall  f1-score   support
          B       0.36      0.19      0.25        77
          C       0.10      0.15      0.12        20
          G       0.20      0.17      0.18        36
          M       0.23      0.18      0.20        45
          O       0.00      0.00      0.00         6
          P       0.26      0.18      0.22        65
          R       0.39      0.61      0.47       117

avg / total       0.30      0.31      0.29       366

[[15  6 10  4  0  9 33]
 [ 2  3  2  2  0  2  9]
 [ 9  4  6  1  0  2 14]
 [ 1  2  1  8  0  6 27]
 [ 1  0  0  0  0  1  4]
 [ 5  9  6  9  0 12 24]
 [ 9  6  5 11  1 14 71]]

DT
Classification_report:
             precision    recall  f1-score   support
          B       0.29      0.29      0.29        77
          C       0.11      0.10      0.11        20
          G       0.11      0.11      0.11        36
          M       0.19      0.16      0.17        45
          O       0.00      0.00      0.00         6
          P       0.20      0.25      0.22        65
          R       0.38      0.38      0.38       117

avg / total       0.26      0.26      0.26       366

[[22  1 18  5  0 15 16]
 [ 5  2  3  1  0  4  5]
 [ 9  3  4  2  1  9  8]
 [ 7  3  0  7  1  4 23]
 [ 2  0  0  0  0  1  3]
 [17  5  4  7  0 16 16]
 [15  4  8 14  2 30 44]]
