SVM RBF
Classification_report:
             precision    recall  f1-score   support
          B       1.00      0.05      0.10        77
          C       0.00      0.00      0.00        20
          G       0.00      0.00      0.00        36
          M       0.00      0.00      0.00        45
          O       0.00      0.00      0.00         6
          P       0.00      0.00      0.00        65
          R       0.32      1.00      0.49       117

avg / total       0.31      0.33      0.18       366

[[  4   0   0   0   0   0  73]
 [  0   0   0   0   0   0  20]
 [  0   0   0   0   0   0  36]
 [  0   0   0   0   0   0  45]
 [  0   0   0   0   0   0   6]
 [  0   0   0   0   0   0  65]
 [  0   0   0   0   0   0 117]]

SVM linear
Classification_report:
             precision    recall  f1-score   support
          B       0.35      0.44      0.39        77
          C       0.24      0.20      0.22        20
          G       0.37      0.28      0.32        36
          M       0.28      0.24      0.26        45
          O       1.00      0.33      0.50         6
          P       0.63      0.58      0.61        65
          R       0.47      0.50      0.48       117

avg / total       0.44      0.43      0.43       366

[[34  3  7  6  0  6 21]
 [ 8  4  0  1  0  1  6]
 [18  2 10  0  0  0  6]
 [ 8  1  2 11  0  2 21]
 [ 0  0  0  0  2  3  1]
 [ 7  3  5  2  0 38 10]
 [23  4  3 19  0 10 58]]

