SVM RBF
Classification_report:
             precision    recall  f1-score   support
          B       0.59      0.29      0.39        77
          C       0.00      0.00      0.00        20
          G       1.00      0.03      0.05        36
          M       0.00      0.00      0.00        45
          O       0.00      0.00      0.00         6
          P       0.69      0.28      0.40        65
          R       0.35      0.91      0.51       117

avg / total       0.46      0.40      0.32       366

[[ 22   0   0   0   0   1  54]
 [  0   0   0   0   0   0  20]
 [  6   0   1   0   0   0  29]
 [  0   0   0   0   0   3  42]
 [  0   0   0   0   0   0   6]
 [  3   0   0   0   0  18  44]
 [  6   0   0   0   0   4 107]]

SVM linear
Classification_report:
             precision    recall  f1-score   support
          B       0.43      0.55      0.48        77
          C       0.13      0.15      0.14        20
          G       0.38      0.36      0.37        36
          M       0.20      0.24      0.22        45
          O       1.00      0.17      0.29         6
          P       0.46      0.40      0.43        65
          R       0.46      0.38      0.42       117

avg / total       0.40      0.39      0.39       366

[[42  6  9  4  0  7  9]
 [ 3  3  1  1  0  4  8]
 [10  3 13  2  0  2  6]
 [ 8  1  1 11  0  3 21]
 [ 1  0  0  0  1  2  2]
 [13  4  3 12  0 26  7]
 [21  6  7 25  0 13 45]]

