SVM RBF
Classification_report:
             precision    recall  f1-score   support
          B       0.38      1.00      0.56       179
          C       0.00      0.00      0.00        20
          G       0.00      0.00      0.00        36
          M       0.00      0.00      0.00        59
          O       0.00      0.00      0.00         1
          P       0.00      0.00      0.00        68
          R       0.00      0.00      0.00       103

avg / total       0.15      0.38      0.21       466

[[179   0   0   0   0   0   0]
 [ 20   0   0   0   0   0   0]
 [ 36   0   0   0   0   0   0]
 [ 59   0   0   0   0   0   0]
 [  1   0   0   0   0   0   0]
 [ 68   0   0   0   0   0   0]
 [103   0   0   0   0   0   0]]

SVM linear
Classification_report:
             precision    recall  f1-score   support
          B       0.54      0.63      0.58       179
          C       0.08      0.05      0.06        20
          G       0.24      0.17      0.20        36
          M       0.22      0.22      0.22        59
          O       0.00      0.00      0.00         1
          P       0.49      0.53      0.51        68
          R       0.28      0.24      0.26       103

avg / total       0.39      0.41      0.40       466

[[112   4  13  16   0  12  22]
 [  8   1   1   1   0   5   4]
 [ 24   0   6   1   0   1   4]
 [ 15   1   0  13   0   9  21]
 [  0   0   0   0   0   0   1]
 [ 11   3   2   4   0  36  12]
 [ 38   4   3  23   0  10  25]]

KNN
Classification_report:
             precision    recall  f1-score   support
          B       0.44      0.73      0.55       179
          C       0.00      0.00      0.00        20
          G       0.07      0.06      0.06        36
          M       0.21      0.14      0.16        59
          O       0.00      0.00      0.00         1
          P       0.44      0.34      0.38        68
          R       0.18      0.08      0.11       103

avg / total       0.31      0.37      0.32       466

[[130   2  16  11   0  10  10]
 [ 11   0   1   3   0   1   4]
 [ 30   0   2   0   0   2   2]
 [ 28   1   2   8   0   5  15]
 [  0   0   0   0   0   0   1]
 [ 31   2   1   7   0  23   4]
 [ 63   7   5   9   0  11   8]]

NB
Classification_report:
             precision    recall  f1-score   support
          B       0.51      0.45      0.48       179
          C       0.00      0.00      0.00        20
          G       0.23      0.28      0.25        36
          M       0.28      0.44      0.34        59
          O       0.00      0.00      0.00         1
          P       0.43      0.49      0.46        68
          R       0.29      0.19      0.23       103

avg / total       0.38      0.36      0.37       466

[[81 10 23 29  0 15 21]
 [ 6  0  3  2  0  4  5]
 [16  0 10  5  0  1  4]
 [14  1  2 26  0  7  9]
 [ 0  0  0  1  0  0  0]
 [12  7  0  7  0 33  9]
 [31  9  5 22  0 16 20]]

DT
Classification_report:
             precision    recall  f1-score   support
          B       0.46      0.43      0.45       179
          C       0.07      0.05      0.06        20
          G       0.09      0.11      0.10        36
          M       0.19      0.24      0.21        59
          O       0.00      0.00      0.00         1
          P       0.25      0.25      0.25        68
          R       0.23      0.22      0.23       103

avg / total       0.30      0.29      0.29       466

[[77  7 17 22  0 24 32]
 [ 7  1  2  3  0  3  4]
 [18  1  4  5  0  1  7]
 [15  1  5 14  0  6 18]
 [ 1  0  0  0  0  0  0]
 [20  2  2 11  0 17 16]
 [28  3 13 18  0 18 23]]
