SVM RBF
Classification_report:
             precision    recall  f1-score   support
          B       0.38      1.00      0.56       179
          C       0.00      0.00      0.00        20
          G       0.00      0.00      0.00        36
          M       0.00      0.00      0.00        59
          O       0.00      0.00      0.00         1
          P       0.00      0.00      0.00        68
          R       0.00      0.00      0.00       103

avg / total       0.15      0.38      0.21       466

[[179   0   0   0   0   0   0]
 [ 20   0   0   0   0   0   0]
 [ 36   0   0   0   0   0   0]
 [ 59   0   0   0   0   0   0]
 [  1   0   0   0   0   0   0]
 [ 68   0   0   0   0   0   0]
 [103   0   0   0   0   0   0]]

SVM linear
Classification_report:
             precision    recall  f1-score   support
          B       0.53      0.61      0.57       179
          C       0.10      0.10      0.10        20
          G       0.19      0.14      0.16        36
          M       0.24      0.24      0.24        59
          O       0.00      0.00      0.00         1
          P       0.50      0.53      0.51        68
          R       0.31      0.25      0.28       103

avg / total       0.39      0.41      0.40       466

[[109   7  16  17   0  11  19]
 [  8   2   1   2   0   4   3]
 [ 24   0   5   1   0   1   5]
 [ 19   1   0  14   0   7  18]
 [  0   0   0   0   0   0   1]
 [ 11   4   2   4   0  36  11]
 [ 35   6   3  20   0  13  26]]

KNN
Classification_report:
             precision    recall  f1-score   support
          B       0.45      0.74      0.56       179
          C       0.00      0.00      0.00        20
          G       0.00      0.00      0.00        36
          M       0.20      0.12      0.15        59
          O       0.00      0.00      0.00         1
          P       0.46      0.40      0.43        68
          R       0.27      0.12      0.16       103

avg / total       0.32      0.38      0.33       466

[[132   2  12  13   0  11   9]
 [ 12   0   1   2   0   1   4]
 [ 31   0   0   1   0   2   2]
 [ 30   1   4   7   0   3  14]
 [  0   0   0   0   0   0   1]
 [ 27   4   2   5   0  27   3]
 [ 60   5   4   7   0  15  12]]

NB
Classification_report:
             precision    recall  f1-score   support
          B       0.50      0.42      0.46       179
          C       0.04      0.05      0.04        20
          G       0.22      0.31      0.25        36
          M       0.23      0.39      0.29        59
          O       0.00      0.00      0.00         1
          P       0.41      0.44      0.43        68
          R       0.25      0.16      0.19       103

avg / total       0.35      0.34      0.34       466

[[76  9 27 27  0 18 22]
 [ 6  1  3  3  0  3  4]
 [16  1 11  5  0  0  3]
 [13  1  4 23  0  7 11]
 [ 0  0  0  1  0  0  0]
 [15  3  0 12  0 30  8]
 [27 11  6 28  0 15 16]]

DT
Classification_report:
             precision    recall  f1-score   support
          B       0.43      0.41      0.42       179
          C       0.00      0.00      0.00        20
          G       0.10      0.14      0.11        36
          M       0.17      0.15      0.16        59
          O       0.00      0.00      0.00         1
          P       0.37      0.37      0.37        68
          R       0.25      0.25      0.25       103

avg / total       0.30      0.30      0.30       466

[[74  8 25 17  0 20 35]
 [ 8  0  2  2  0  4  4]
 [17  0  5  5  0  0  9]
 [25  1  3  9  1  5 15]
 [ 0  0  0  0  0  1  0]
 [18  3  3  5  0 25 14]
 [32  3 14 15  0 13 26]]
