SVM RBF
Classification_report:
             precision    recall  f1-score   support
          B       0.44      0.96      0.60       179
          C       0.00      0.00      0.00        20
          G       0.00      0.00      0.00        36
          M       0.67      0.10      0.18        59
          O       0.00      0.00      0.00         1
          P       0.62      0.24      0.34        68
          R       0.23      0.09      0.13       103

avg / total       0.39      0.43      0.33       466

[[171   0   0   1   0   2   5]
 [ 16   0   0   0   0   2   2]
 [ 34   0   0   0   0   0   2]
 [ 38   0   0   6   0   1  14]
 [  1   0   0   0   0   0   0]
 [ 45   0   0   0   0  16   7]
 [ 87   0   0   2   0   5   9]]

SVM linear
Classification_report:
             precision    recall  f1-score   support
          B       0.52      0.55      0.54       179
          C       0.10      0.15      0.12        20
          G       0.23      0.25      0.24        36
          M       0.25      0.29      0.27        59
          O       0.00      0.00      0.00         1
          P       0.40      0.40      0.40        68
          R       0.28      0.19      0.23       103

avg / total       0.37      0.38      0.37       466

[[99 11 25 16  0 12 16]
 [ 7  3  0  2  0  4  4]
 [19  0  9  3  0  1  4]
 [13  3  1 17  0  9 16]
 [ 0  0  0  0  0  1  0]
 [16  5  2  6  0 27 12]
 [35  8  2 25  0 13 20]]

