SVM RBF
Classification_report:
             precision    recall  f1-score   support
          B       0.46      0.94      0.62       179
          C       0.00      0.00      0.00        20
          G       0.00      0.00      0.00        36
          M       0.80      0.07      0.12        59
          O       0.00      0.00      0.00         1
          P       0.88      0.31      0.46        68
          R       0.31      0.21      0.25       103

avg / total       0.47      0.46      0.38       466

[[169   0   0   0   0   1   9]
 [ 17   0   0   0   0   0   3]
 [ 33   0   0   0   0   0   3]
 [ 36   0   0   4   0   0  19]
 [  0   0   0   0   0   0   1]
 [ 33   0   0   0   0  21  14]
 [ 78   0   0   1   0   2  22]]

SVM linear
Classification_report:
             precision    recall  f1-score   support
          B       0.52      0.59      0.56       179
          C       0.00      0.00      0.00        20
          G       0.20      0.17      0.18        36
          M       0.30      0.34      0.32        59
          O       0.00      0.00      0.00         1
          P       0.51      0.56      0.53        68
          R       0.35      0.27      0.31       103

avg / total       0.41      0.42      0.41       466

[[106   4  18  19   0  12  20]
 [  8   0   2   2   0   3   5]
 [ 26   1   6   1   0   0   2]
 [ 15   2   0  20   0   9  13]
 [  0   0   0   0   0   0   1]
 [ 12   2   0   6   0  38  10]
 [ 35   5   4  18   0  13  28]]

