SVM RBF
Classification_report:
             precision    recall  f1-score   support
          B       0.40      0.96      0.57       179
          C       0.00      0.00      0.00        20
          G       0.00      0.00      0.00        36
          M       0.50      0.03      0.06        59
          O       0.00      0.00      0.00         1
          P       0.67      0.15      0.24        68
          R       0.11      0.02      0.03       103

avg / total       0.34      0.40      0.27       466

[[172   0   0   1   0   1   5]
 [ 17   0   0   0   0   1   2]
 [ 36   0   0   0   0   0   0]
 [ 51   0   0   2   0   1   5]
 [  1   0   0   0   0   0   0]
 [ 53   0   0   0   0  10   5]
 [ 98   0   0   1   0   2   2]]

SVM linear
Classification_report:
             precision    recall  f1-score   support
          B       0.49      0.60      0.54       179
          C       0.00      0.00      0.00        20
          G       0.22      0.22      0.22        36
          M       0.25      0.22      0.24        59
          O       0.00      0.00      0.00         1
          P       0.43      0.46      0.44        68
          R       0.29      0.19      0.23       103

avg / total       0.36      0.38      0.37       466

[[107   7  20  11   0  16  18]
 [  9   0   2   0   0   5   4]
 [ 20   2   8   1   0   2   3]
 [ 23   1   2  13   0   5  15]
 [  0   0   0   0   0   1   0]
 [ 19   3   0   5   0  31  10]
 [ 39   6   5  21   0  12  20]]

