SVM RBF
Classification_report:
             precision    recall  f1-score   support
          B       0.38      0.76      0.51       256
          C       0.00      0.00      0.00        40
          G       0.00      0.00      0.00        72
          M       0.50      0.01      0.02       104
          O       0.00      0.00      0.00         7
          P       0.68      0.26      0.37       133
          R       0.37      0.46      0.41       220

avg / total       0.39      0.40      0.33       832

[[195   0   0   0   0   3  58]
 [ 26   0   0   0   0   2  12]
 [ 63   0   0   0   0   0   9]
 [ 36   0   0   1   0   5  62]
 [  4   0   0   0   0   1   2]
 [ 71   0   0   0   0  34  28]
 [113   0   0   1   0   5 101]]

SVM linear
Classification_report:
             precision    recall  f1-score   support
          B       0.47      0.60      0.52       256
          C       0.20      0.12      0.15        40
          G       0.32      0.19      0.24        72
          M       0.21      0.14      0.17       104
          O       0.33      0.29      0.31         7
          P       0.40      0.39      0.40       133
          R       0.40      0.42      0.41       220

avg / total       0.38      0.40      0.39       832

[[153   6  22  10   0  25  40]
 [ 14   5   1   0   0   9  11]
 [ 42   3  14   0   0   4   9]
 [ 25   0   1  15   0  14  49]
 [  0   0   0   0   2   3   2]
 [ 31   6   3  15   0  52  26]
 [ 63   5   3  30   4  23  92]]

