SVM RBF
Classification_report:
             precision    recall  f1-score   support
          B       0.31      1.00      0.47       256
          C       0.00      0.00      0.00        40
          G       0.00      0.00      0.00        72
          M       0.00      0.00      0.00       104
          O       0.00      0.00      0.00         7
          P       0.00      0.00      0.00       133
          R       0.00      0.00      0.00       220

avg / total       0.09      0.31      0.14       832

[[256   0   0   0   0   0   0]
 [ 40   0   0   0   0   0   0]
 [ 72   0   0   0   0   0   0]
 [104   0   0   0   0   0   0]
 [  7   0   0   0   0   0   0]
 [133   0   0   0   0   0   0]
 [220   0   0   0   0   0   0]]

SVM linear
Classification_report:
             precision    recall  f1-score   support
          B       0.49      0.59      0.54       256
          C       0.08      0.07      0.08        40
          G       0.35      0.31      0.33        72
          M       0.32      0.31      0.31       104
          O       0.40      0.29      0.33         7
          P       0.65      0.59      0.62       133
          R       0.45      0.41      0.43       220

avg / total       0.45      0.45      0.45       832

[[150  12  29  18   0   5  42]
 [ 15   3   3   2   0   7  10]
 [ 42   1  22   0   0   2   5]
 [ 23   2   0  32   0   9  38]
 [  0   0   0   0   2   2   3]
 [ 19   5   6  12   0  78  13]
 [ 55  15   3  36   3  17  91]]

