SVM RBF
Classification_report:
             precision    recall  f1-score   support
          B       0.43      0.77      0.55       256
          C       0.00      0.00      0.00        40
          G       0.00      0.00      0.00        72
          M       0.33      0.02      0.04       104
          O       0.00      0.00      0.00         7
          P       0.64      0.29      0.40       133
          R       0.40      0.55      0.46       220

avg / total       0.38      0.43      0.36       832

[[198   0   0   0   0   3  55]
 [ 23   0   0   0   0   3  14]
 [ 64   0   0   0   0   0   8]
 [ 31   0   0   2   0   5  66]
 [  0   0   0   0   0   2   5]
 [ 61   0   0   0   0  38  34]
 [ 87   0   0   4   0   8 121]]

SVM linear
Classification_report:
             precision    recall  f1-score   support
          B       0.47      0.55      0.50       256
          C       0.16      0.15      0.16        40
          G       0.33      0.28      0.30        72
          M       0.29      0.32      0.30       104
          O       0.25      0.14      0.18         7
          P       0.46      0.46      0.46       133
          R       0.44      0.36      0.40       220

avg / total       0.41      0.41      0.41       832

[[141   8  32  22   0  23  30]
 [ 18   6   1   2   0   6   7]
 [ 40   3  20   3   0   1   5]
 [ 21   3   0  33   0  16  31]
 [  0   0   0   1   1   3   2]
 [ 29   8   3   8   0  61  24]
 [ 54   9   5  46   3  24  79]]

KNN
Classification_report:
             precision    recall  f1-score   support
          B       0.41      0.57      0.48       256
          C       0.09      0.07      0.08        40
          G       0.17      0.12      0.14        72
          M       0.23      0.19      0.21       104
          O       0.17      0.14      0.15         7
          P       0.52      0.38      0.43       133
          R       0.29      0.27      0.28       220

avg / total       0.33      0.34      0.33       832

[[145  10  17  17   1  15  51]
 [ 13   3   4   5   0   1  14]
 [ 43   3   9   4   0   2  11]
 [ 34   2   3  20   1   4  40]
 [  2   0   0   0   1   1   3]
 [ 39   5   5  10   1  50  23]
 [ 78  10  15  32   2  24  59]]

NB
Classification_report:
             precision    recall  f1-score   support
          B       0.48      0.45      0.46       256
          C       0.13      0.23      0.16        40
          G       0.24      0.29      0.26        72
          M       0.16      0.29      0.21       104
          O       0.00      0.00      0.00         7
          P       0.37      0.26      0.30       133
          R       0.36      0.26      0.30       220

avg / total       0.35      0.32      0.33       832

[[114  19  37  46   0  11  29]
 [ 12   9   5   2   0   5   7]
 [ 33   4  21   6   0   2   6]
 [ 15   2   6  30   0  16  35]
 [  0   0   0   2   0   2   3]
 [ 20  19   7  30   0  34  23]
 [ 43  18  12  67   1  22  57]]

DT
Classification_report:
             precision    recall  f1-score   support
          B       0.40      0.39      0.39       256
          C       0.09      0.10      0.10        40
          G       0.15      0.19      0.17        72
          M       0.15      0.14      0.15       104
          O       0.00      0.00      0.00         7
          P       0.31      0.30      0.30       133
          R       0.28      0.27      0.28       220

avg / total       0.28      0.28      0.28       832

[[100  14  30  34   1  24  53]
 [  9   4   4   2   1   6  14]
 [ 26   0  14   3   0  13  16]
 [ 27  11  10  15   1  11  29]
 [  1   1   0   0   0   2   3]
 [ 24   8  11  14   1  40  35]
 [ 66   6  22  29   3  35  59]]
