SVM RBF
Classification_report:
             precision    recall  f1-score   support
          B       0.45      0.78      0.57       256
          C       0.00      0.00      0.00        40
          G       0.00      0.00      0.00        72
          M       0.71      0.05      0.09       104
          O       0.00      0.00      0.00         7
          P       0.73      0.46      0.56       133
          R       0.42      0.57      0.48       220

avg / total       0.46      0.47      0.40       832

[[199   0   0   0   0   2  55]
 [ 21   0   0   0   0   3  16]
 [ 66   0   0   0   0   0   6]
 [ 30   0   0   5   0   3  66]
 [  0   0   0   0   0   3   4]
 [ 43   0   0   0   0  61  29]
 [ 82   0   0   2   0  11 125]]

SVM linear
Classification_report:
             precision    recall  f1-score   support
          B       0.45      0.51      0.48       256
          C       0.09      0.07      0.08        40
          G       0.36      0.33      0.35        72
          M       0.28      0.29      0.28       104
          O       0.00      0.00      0.00         7
          P       0.59      0.56      0.58       133
          R       0.37      0.33      0.35       220

avg / total       0.40      0.40      0.40       832

[[131   8  34  23   0  11  49]
 [ 12   3   2   3   1   6  13]
 [ 39   0  24   2   0   0   7]
 [ 27   1   3  30   0  10  33]
 [  0   1   0   0   0   3   3]
 [ 20   7   1  11   0  75  19]
 [ 64  15   3  40   3  22  73]]

KNN
Classification_report:
             precision    recall  f1-score   support
          B       0.43      0.55      0.48       256
          C       0.09      0.07      0.08        40
          G       0.19      0.18      0.19        72
          M       0.21      0.15      0.18       104
          O       0.40      0.29      0.33         7
          P       0.43      0.42      0.42       133
          R       0.38      0.32      0.35       220

avg / total       0.35      0.36      0.35       832

[[141  10  28  15   0  21  41]
 [ 15   3   1   4   0   6  11]
 [ 39   2  13   5   0   5   8]
 [ 33   2   5  16   0   9  39]
 [  0   0   0   0   2   3   2]
 [ 34   7   6  12   1  56  17]
 [ 67  10  14  25   2  31  71]]

NB
Classification_report:
             precision    recall  f1-score   support
          B       0.47      0.44      0.46       256
          C       0.10      0.20      0.13        40
          G       0.29      0.31      0.30        72
          M       0.17      0.41      0.25       104
          O       0.00      0.00      0.00         7
          P       0.40      0.20      0.26       133
          R       0.38      0.20      0.27       220

avg / total       0.36      0.31      0.31       832

[[113  23  30  58   0   9  23]
 [ 13   8   4   4   0   4   7]
 [ 27   6  22  10   0   1   6]
 [ 19   2   7  43   0   9  24]
 [  1   0   0   2   0   2   2]
 [ 19  23   5  48   0  26  12]
 [ 48  22   9  81   1  14  45]]

DT
Classification_report:
             precision    recall  f1-score   support
          B       0.40      0.41      0.41       256
          C       0.05      0.05      0.05        40
          G       0.14      0.15      0.14        72
          M       0.12      0.12      0.12       104
          O       0.00      0.00      0.00         7
          P       0.35      0.36      0.35       133
          R       0.31      0.29      0.30       220

avg / total       0.29      0.29      0.29       832

[[106   9  33  23   1  31  53]
 [ 11   2   3   5   0   4  15]
 [ 23   6  11  13   2   4  13]
 [ 32   4   9  12   3  19  25]
 [  2   0   1   1   0   0   3]
 [ 27   7   8  12   2  48  29]
 [ 62  10  15  33   4  33  63]]

CRF
Classification_report:
             precision    recall  f1-score   support
          B      0.370     0.477     0.416       256
          C      0.000     0.000     0.000        40
          G      0.000     0.000     0.000        72
          M      0.000     0.000     0.000       104
          O      0.000     0.000     0.000         7
          P      0.337     0.263     0.295       133
          R      0.302     0.545     0.389       220

avg / total      0.247     0.333     0.278       832
