SVM RBF
Classification_report:
             precision    recall  f1-score   support
          B       0.31      1.00      0.47       256
          C       0.00      0.00      0.00        40
          G       0.00      0.00      0.00        72
          M       0.00      0.00      0.00       104
          O       0.00      0.00      0.00         7
          P       0.00      0.00      0.00       133
          R       0.00      0.00      0.00       220

avg / total       0.09      0.31      0.14       832

[[256   0   0   0   0   0   0]
 [ 40   0   0   0   0   0   0]
 [ 72   0   0   0   0   0   0]
 [104   0   0   0   0   0   0]
 [  7   0   0   0   0   0   0]
 [133   0   0   0   0   0   0]
 [220   0   0   0   0   0   0]]

SVM linear
Classification_report:
             precision    recall  f1-score   support
          B       0.52      0.63      0.57       256
          C       0.12      0.10      0.11        40
          G       0.37      0.31      0.34        72
          M       0.35      0.33      0.34       104
          O       0.50      0.29      0.36         7
          P       0.69      0.62      0.65       133
          R       0.44      0.42      0.43       220

avg / total       0.47      0.48      0.47       832

[[162   8  28  14   0   4  40]
 [ 17   4   2   2   0   6   9]
 [ 39   0  22   0   0   1  10]
 [ 22   1   0  34   0   7  40]
 [  0   0   0   0   2   3   2]
 [ 18   6   4   8   0  82  15]
 [ 54  14   3  39   2  16  92]]

KNN
Classification_report:
             precision    recall  f1-score   support
          B       0.39      0.59      0.47       256
          C       0.10      0.07      0.08        40
          G       0.20      0.14      0.16        72
          M       0.19      0.20      0.20       104
          O       0.00      0.00      0.00         7
          P       0.46      0.36      0.41       133
          R       0.35      0.25      0.29       220

avg / total       0.33      0.34      0.33       832

[[150   6  15  35   0  19  31]
 [ 18   3   2   3   0   4  10]
 [ 49   0  10   5   0   2   6]
 [ 38   0   2  21   1   6  36]
 [  1   1   0   0   0   2   3]
 [ 38   9   8  16   0  48  14]
 [ 88  12  14  28   1  23  54]]

NB
Classification_report:
             precision    recall  f1-score   support
          B       0.51      0.44      0.47       256
          C       0.09      0.17      0.12        40
          G       0.27      0.35      0.30        72
          M       0.19      0.32      0.24       104
          O       0.00      0.00      0.00         7
          P       0.45      0.40      0.42       133
          R       0.41      0.29      0.34       220

avg / total       0.39      0.35      0.36       832

[[112  17  39  40   0  17  31]
 [  9   7   5   5   0   7   7]
 [ 28   6  25   3   0   3   7]
 [ 14   2   7  33   0  14  34]
 [  0   0   0   1   0   2   4]
 [ 17  19   7  29   0  53   8]
 [ 41  23  10  61   0  22  63]]

DT
Classification_report:
             precision    recall  f1-score   support
          B       0.42      0.41      0.42       256
          C       0.03      0.03      0.03        40
          G       0.20      0.17      0.18        72
          M       0.10      0.11      0.10       104
          O       0.00      0.00      0.00         7
          P       0.31      0.29      0.30       133
          R       0.32      0.36      0.34       220

avg / total       0.30      0.30      0.29       832

[[104   3  22  36   0  32  59]
 [ 11   1   2   3   0   9  14]
 [ 21   7  12   7   2   6  17]
 [ 23   4   8  11   1  11  46]
 [  1   0   0   1   0   3   2]
 [ 30   6  11  17   0  39  30]
 [ 55  15   6  34   4  27  79]]
