SVM RBF
Classification_report:
             precision    recall  f1-score   support
          B       0.39      0.31      0.35        77
          C       0.00      0.00      0.00        20
          G       0.71      0.14      0.23        36
          M       0.67      0.04      0.08        45
          O       0.00      0.00      0.00         6
          P       0.49      0.28      0.35        65
          R       0.37      0.81      0.51       117

avg / total       0.44      0.39      0.33       366

[[24  0  1  0  0  5 47]
 [ 2  0  0  0  0  1 17]
 [12  0  5  0  0  1 18]
 [ 2  0  0  2  0  5 36]
 [ 0  0  0  0  0  0  6]
 [ 7  0  1  0  0 18 39]
 [14  0  0  1  0  7 95]]

SVM linear
Classification_report:
             precision    recall  f1-score   support
          B       0.27      0.32      0.30        77
          C       0.12      0.15      0.14        20
          G       0.24      0.25      0.24        36
          M       0.14      0.20      0.17        45
          O       0.60      0.50      0.55         6
          P       0.42      0.37      0.39        65
          R       0.42      0.32      0.36       117

avg / total       0.32      0.30      0.31       366

[[25  7 15 11  0  7 12]
 [ 5  3  2  1  0  4  5]
 [12  5  9  3  0  3  4]
 [11  0  3  9  0  6 16]
 [ 0  0  0  0  3  2  1]
 [10  2  5 11  0 24 13]
 [28  7  4 28  2 11 37]]

KNN
Classification_report:
             precision    recall  f1-score   support
          B       0.28      0.44      0.34        77
          C       0.21      0.15      0.18        20
          G       0.19      0.17      0.18        36
          M       0.28      0.31      0.29        45
          O       0.25      0.17      0.20         6
          P       0.44      0.31      0.36        65
          R       0.39      0.33      0.36       117

avg / total       0.33      0.32      0.32       366

[[34  3  9 11  0  5 15]
 [ 6  3  3  0  0  2  6]
 [16  3  6  2  1  2  6]
 [ 8  1  1 14  0  6 15]
 [ 0  0  1  0  1  1  3]
 [19  1  4  5  1 20 15]
 [39  3  8 18  1  9 39]]

NB
Classification_report:
             precision    recall  f1-score   support
          B       0.42      0.25      0.31        77
          C       0.13      0.25      0.17        20
          G       0.30      0.22      0.25        36
          M       0.19      0.22      0.21        45
          O       0.00      0.00      0.00         6
          P       0.34      0.23      0.28        65
          R       0.38      0.51      0.44       117

avg / total       0.33      0.32      0.31       366

[[19  7  7  8  0  5 31]
 [ 3  5  4  1  0  0  7]
 [ 9  5  8  0  0  1 13]
 [ 1  3  0 10  0 10 21]
 [ 0  0  0  0  0  1  5]
 [ 3 10  3 13  1 15 20]
 [10  8  5 20  2 12 60]]

DT
Classification_report:
             precision    recall  f1-score   support
          B       0.35      0.36      0.36        77
          C       0.17      0.15      0.16        20
          G       0.21      0.22      0.22        36
          M       0.20      0.18      0.19        45
          O       0.00      0.00      0.00         6
          P       0.29      0.32      0.30        65
          R       0.41      0.40      0.41       117

avg / total       0.31      0.31      0.31       366

[[28  3 11  7  0  9 19]
 [ 3  3  3  2  0  7  2]
 [ 9  2  8  2  0  6  9]
 [ 7  1  1  8  2  7 19]
 [ 0  0  0  2  0  2  2]
 [11  5  5  7  0 21 16]
 [21  4 10 13  1 21 47]]

CRF
Classification_report:
             precision    recall  f1-score   support
          B      0.538     0.091     0.156        77
          C      0.500     0.150     0.231        20
          G      0.167     0.028     0.048        36
          M      0.000     0.000     0.000        45
          O      0.000     0.000     0.000         6
          P      0.462     0.369     0.410        65
          R      0.394     0.974     0.562       117

avg / total      0.365     0.407     0.302       366
