SVM RBF
Classification_report:
             precision    recall  f1-score   support
          B       0.46      0.81      0.58       256
          C       0.00      0.00      0.00        40
          G       0.00      0.00      0.00        72
          M       0.00      0.00      0.00       104
          O       0.00      0.00      0.00         7
          P       0.72      0.49      0.58       133
          R       0.43      0.56      0.48       220

avg / total       0.37      0.47      0.40       832

[[207   0   0   0   0   3  46]
 [ 20   0   0   0   0   4  16]
 [ 66   0   0   0   0   0   6]
 [ 37   0   0   0   0   3  64]
 [  0   0   0   0   0   4   3]
 [ 37   0   0   0   0  65  31]
 [ 86   0   0   0   0  11 123]]

SVM linear
Classification_report:
             precision    recall  f1-score   support
          B       0.48      0.59      0.53       256
          C       0.19      0.12      0.15        40
          G       0.41      0.31      0.35        72
          M       0.37      0.37      0.37       104
          O       0.25      0.14      0.18         7
          P       0.68      0.63      0.65       133
          R       0.45      0.43      0.44       220

avg / total       0.47      0.47      0.47       832

[[150   7  26  19   0  10  44]
 [ 15   5   1   2   1   4  12]
 [ 44   0  22   0   0   2   4]
 [ 23   1   1  38   0   4  37]
 [  0   1   0   0   1   3   2]
 [ 23   2   1   7   0  84  16]
 [ 56  10   3  38   2  17  94]]

KNN
Classification_report:
             precision    recall  f1-score   support
          B       0.42      0.57      0.48       256
          C       0.12      0.05      0.07        40
          G       0.16      0.12      0.14        72
          M       0.22      0.22      0.22       104
          O       1.00      0.14      0.25         7
          P       0.46      0.38      0.42       133
          R       0.35      0.30      0.32       220

avg / total       0.35      0.36      0.34       832

[[145   1  18  23   0  20  49]
 [ 13   2   4   6   0   3  12]
 [ 46   0   9   2   0   4  11]
 [ 27   1   6  23   0   9  38]
 [  1   1   0   0   1   2   2]
 [ 42   4   8  15   0  51  13]
 [ 75   7  12  37   0  23  66]]

NB
Classification_report:
             precision    recall  f1-score   support
          B       0.50      0.50      0.50       256
          C       0.08      0.15      0.10        40
          G       0.23      0.32      0.27        72
          M       0.21      0.25      0.23       104
          O       0.00      0.00      0.00         7
          P       0.47      0.34      0.39       133
          R       0.37      0.30      0.33       220

avg / total       0.38      0.35      0.36       832

[[128  23  38  28   0   9  30]
 [ 14   6   4   1   0   5  10]
 [ 28   5  23   4   0   3   9]
 [ 19   2  10  26   0  10  37]
 [  0   0   0   1   0   1   5]
 [ 23  17   9  17   0  45  22]
 [ 43  25  15  49   0  23  65]]

DT
Classification_report:
             precision    recall  f1-score   support
          B       0.34      0.32      0.33       256
          C       0.09      0.12      0.11        40
          G       0.06      0.06      0.06        72
          M       0.20      0.22      0.21       104
          O       0.00      0.00      0.00         7
          P       0.25      0.27      0.26       133
          R       0.28      0.28      0.28       220

avg / total       0.26      0.25      0.25       832

[[82 15 24 25  1 45 64]
 [10  5  6  3  0  7  9]
 [31  6  4  9  0  6 16]
 [16  3  8 23  0 14 40]
 [ 1  0  0  2  0  3  1]
 [40  7  9 15  0 36 26]
 [60 17 11 37  2 32 61]]

CRF
Classification_report:
             precision    recall  f1-score   support
          B      0.477     0.723     0.575       256
          C      0.000     0.000     0.000        40
          G      0.000     0.000     0.000        72
          M      0.000     0.000     0.000       104
          O      0.000     0.000     0.000         7
          P      0.375     0.293     0.329       133
          R      0.401     0.618     0.487       220

avg / total      0.313     0.433     0.358       832
