Reading  corpus/output366.json
SVM RBF
Classification_report:
             precision    recall  f1-score   support

          B       0.44      0.49      0.46        77
          C       0.22      0.20      0.21        20
          G       0.34      0.33      0.34        36
          M       0.19      0.22      0.21        45
          O       0.67      0.33      0.44         6
          P       0.48      0.45      0.46        65
          R       0.46      0.44      0.45       117

avg / total       0.40      0.40      0.40       366

[[38  2 11  7  0  9 10]
 [ 2  4  0  0  0  2 12]
 [14  0 12  2  0  5  3]
 [ 4  1  1 10  0  6 23]
 [ 0  0  0  1  2  1  2]
 [18  2  4  3  0 29  9]
 [11  9  7 29  1  9 51]]

SVM linear
Classification_report:
             precision    recall  f1-score   support

          B       0.45      0.51      0.48        77
          C       0.23      0.25      0.24        20
          G       0.29      0.33      0.31        36
          M       0.19      0.22      0.20        45
          O       0.67      0.33      0.44         6
          P       0.38      0.31      0.34        65
          R       0.47      0.43      0.45       117

avg / total       0.39      0.38      0.38       366

[[39  2 15  2  0 10  9]
 [ 1  5  0  1  0  3 10]
 [14  0 12  1  1  3  5]
 [ 3  2  4 10  0  6 20]
 [ 0  0  0  0  2  1  3]
 [17  4  5 10  0 20  9]
 [13  9  6 30  0  9 50]]

Reading  corpus/output466.json
SVM RBF
Classification_report:
             precision    recall  f1-score   support

          B       0.69      0.72      0.70       179
          C       0.30      0.35      0.33        20
          G       0.44      0.39      0.41        36
          M       0.23      0.24      0.23        59
          O       0.00      0.00      0.00         1
          P       0.55      0.53      0.54        68
          R       0.46      0.43      0.45       102

avg / total       0.52      0.52      0.52       465

[[129   0  18   5   0  19   8]
 [  0   7   0   1   0   1  11]
 [ 20   0  14   0   0   2   0]
 [ 10   2   0  14   0   4  29]
 [  0   0   0   0   0   1   0]
 [ 19   3   0   7   0  36   3]
 [  9  11   0  35   0   3  44]]

SVM linear
Classification_report:
             precision    recall  f1-score   support

          B       0.64      0.68      0.66       179
          C       0.33      0.35      0.34        20
          G       0.33      0.39      0.35        36
          M       0.28      0.29      0.28        59
          O       0.00      0.00      0.00         1
          P       0.62      0.57      0.60        68
          R       0.51      0.43      0.47       102

avg / total       0.52      0.52      0.52       465

[[122   0  24   7   0  16  10]
 [  1   7   0   1   0   1  10]
 [ 22   0  14   0   0   0   0]
 [ 16   1   0  17   0   5  20]
 [  0   0   0   0   0   1   0]
 [ 18   2   2   5   0  39   2]
 [ 12  11   3  31   0   1  44]]

Reading  corpus/output832.json
SVM RBF
Classification_report:
             precision    recall  f1-score   support

          B       0.55      0.61      0.58       256
          C       0.19      0.25      0.22        40
          G       0.32      0.32      0.32        72
          M       0.19      0.17      0.18       104
          O       0.50      0.14      0.22         7
          P       0.48      0.47      0.48       133
          R       0.40      0.36      0.38       219

avg / total       0.42      0.42      0.42       831

[[157   5  33  11   1  24  25]
 [  7  10   0   1   0   3  19]
 [ 36   0  23   2   0   5   6]
 [ 23   5   1  18   0  11  46]
 [  0   0   0   0   1   4   2]
 [ 27  10   5   9   0  63  19]
 [ 37  23   9  52   0  20  78]]

SVM linear
Classification_report:
             precision    recall  f1-score   support

          B       0.57      0.66      0.61       256
          C       0.22      0.28      0.24        40
          G       0.31      0.32      0.32        72
          M       0.24      0.26      0.25       104
          O       0.40      0.29      0.33         7
          P       0.54      0.47      0.50       133
          R       0.47      0.38      0.42       219

avg / total       0.46      0.46      0.45       831

[[170   7  31  16   2  14  16]
 [  3  11   1   1   0   5  19]
 [ 38   1  23   5   0   1   4]
 [ 18   5   4  27   0  10  40]
 [  2   0   0   1   2   1   1]
 [ 32   3   8  15   0  62  13]
 [ 34  23   7  49   1  21  84]]
