Reading  corpus/output366.json
SVM RBF
Classification_report:
             precision    recall  f1-score   support

          B       0.49      0.55      0.52        77
          C       0.40      0.30      0.34        20
          G       0.41      0.33      0.37        36
          M       0.27      0.27      0.27        45
          O       0.00      0.00      0.00         6
          P       0.58      0.57      0.57        65
          R       0.51      0.56      0.53       117

avg / total       0.46      0.48      0.47       366

[[42  1 11  2  0  8 13]
 [ 1  6  0  1  0  2 10]
 [14  2 12  1  0  1  6]
 [ 6  0  0 12  0  4 23]
 [ 0  0  0  1  0  3  2]
 [10  0  5  4  0 37  9]
 [13  6  1 23  0  9 65]]

SVM linear
Classification_report:
             precision    recall  f1-score   support

          B       0.50      0.52      0.51        77
          C       0.44      0.35      0.39        20
          G       0.35      0.33      0.34        36
          M       0.25      0.31      0.27        45
          O       0.00      0.00      0.00         6
          P       0.57      0.58      0.58        65
          R       0.57      0.55      0.56       117

avg / total       0.48      0.48      0.48       366

[[40  2 14  4  0  8  9]
 [ 1  7  0  2  0  2  8]
 [13  0 12  4  0  2  5]
 [ 4  0  1 14  0  5 21]
 [ 0  1  0  1  0  3  1]
 [10  1  5  7  0 38  4]
 [12  5  2 25  0  9 64]]

Reading  corpus/output466.json
SVM RBF
Classification_report:
             precision    recall  f1-score   support

          B       0.69      0.79      0.74       179
          C       0.27      0.20      0.23        20
          G       0.38      0.22      0.28        36
          M       0.42      0.36      0.39        59
          O       0.00      0.00      0.00         1
          P       0.65      0.62      0.63        68
          R       0.50      0.54      0.52       102

avg / total       0.56      0.58      0.57       465

[[141   2  13   5   0   7  11]
 [  0   4   0   1   0   2  13]
 [ 26   0   8   0   0   2   0]
 [  7   3   0  21   0   5  23]
 [  0   0   0   0   0   1   0]
 [ 14   0   0   3   0  42   9]
 [ 15   6   0  20   0   6  55]]

SVM linear
Classification_report:
             precision    recall  f1-score   support

          B       0.71      0.75      0.73       179
          C       0.33      0.20      0.25        20
          G       0.35      0.22      0.27        36
          M       0.38      0.44      0.41        59
          O       0.00      0.00      0.00         1
          P       0.59      0.60      0.60        68
          R       0.50      0.50      0.50       102

avg / total       0.56      0.57      0.56       465

[[135   2  15   7   0  12   8]
 [  0   4   0   3   0   2  11]
 [ 26   0   8   0   0   1   1]
 [  6   2   0  26   0   5  20]
 [  0   0   0   0   0   1   0]
 [ 13   1   0   2   0  41  11]
 [ 11   3   0  30   0   7  51]]

Reading  corpus/output832.json
SVM RBF
Classification_report:
             precision    recall  f1-score   support

          B       0.54      0.62      0.58       256
          C       0.33      0.33      0.33        40
          G       0.35      0.31      0.33        72
          M       0.30      0.28      0.29       104
          O       0.00      0.00      0.00         7
          P       0.61      0.54      0.57       133
          R       0.43      0.42      0.43       219

avg / total       0.46      0.47      0.46       831

[[160   4  30  18   0   9  35]
 [  5  13   1   1   0   5  15]
 [ 37   1  22   2   0   2   8]
 [ 20   4   1  29   0   9  41]
 [  0   0   0   0   0   4   3]
 [ 28   3   5   6   0  72  19]
 [ 47  14   4  42   1  18  93]]

SVM linear
Classification_report:
             precision    recall  f1-score   support

          B       0.53      0.62      0.57       256
          C       0.27      0.33      0.30        40
          G       0.30      0.31      0.30        72
          M       0.28      0.29      0.28       104
          O       0.00      0.00      0.00         7
          P       0.54      0.53      0.53       133
          R       0.47      0.37      0.42       219

avg / total       0.45      0.45      0.45       831

[[158   7  36  19   0  12  24]
 [  6  13   1   2   0   6  12]
 [ 36   1  22   3   0   3   7]
 [ 22   4   3  30   0  14  31]
 [  0   1   0   0   0   4   2]
 [ 28   6   8   5   0  70  16]
 [ 46  16   3  49   3  20  82]]
