Reading  corpus/output366.json
SVM RBF
Classification_report:
             precision    recall  f1-score   support

          B       0.45      0.53      0.49        77
          C       0.30      0.35      0.33        20
          G       0.39      0.31      0.34        36
          M       0.18      0.20      0.19        45
          O       1.00      0.17      0.29         6
          P       0.47      0.45      0.46        65
          R       0.47      0.44      0.46       117

avg / total       0.42      0.41      0.41       366

[[41  3  7  5  0 11 10]
 [ 3  7  0  1  0  0  9]
 [12  0 11  2  0  5  6]
 [ 5  1  1  9  0  6 23]
 [ 0  0  0  1  1  2  2]
 [13  3  5  7  0 29  8]
 [17  9  4 26  0  9 52]]

SVM linear
Classification_report:
             precision    recall  f1-score   support

          B       0.45      0.51      0.48        77
          C       0.28      0.35      0.31        20
          G       0.36      0.39      0.37        36
          M       0.17      0.20      0.18        45
          O       1.00      0.17      0.29         6
          P       0.45      0.45      0.45        65
          R       0.50      0.42      0.46       117

avg / total       0.42      0.40      0.41       366

[[39  3 11  5  0 10  9]
 [ 2  7  0  2  0  1  8]
 [11  0 14  0  0  5  6]
 [ 5  1  4  9  0  7 19]
 [ 0  0  0  1  1  2  2]
 [15  2  6  8  0 29  5]
 [14 12  4 28  0 10 49]]

Reading  corpus/output466.json
SVM RBF
Classification_report:
             precision    recall  f1-score   support

          B       0.68      0.74      0.71       179
          C       0.44      0.40      0.42        20
          G       0.38      0.33      0.35        36
          M       0.34      0.37      0.35        59
          O       0.00      0.00      0.00         1
          P       0.55      0.51      0.53        68
          R       0.47      0.42      0.44       102

avg / total       0.54      0.54      0.54       465

[[132   0  19   2   0  16  10]
 [  0   8   0   1   0   0  11]
 [ 21   0  12   0   0   2   1]
 [  8   2   0  22   0   4  23]
 [  0   0   0   0   0   1   0]
 [ 21   0   0   8   0  35   4]
 [ 12   8   1  32   0   6  43]]

SVM linear
Classification_report:
             precision    recall  f1-score   support

          B       0.63      0.67      0.65       179
          C       0.37      0.35      0.36        20
          G       0.33      0.39      0.35        36
          M       0.41      0.41      0.41        59
          O       0.00      0.00      0.00         1
          P       0.48      0.46      0.47        68
          R       0.47      0.41      0.44       102

avg / total       0.51      0.51      0.51       465

[[120   0  27   3   0  17  12]
 [  0   7   0   1   0   1  11]
 [ 21   0  14   0   0   1   0]
 [  9   3   0  24   0   4  19]
 [  0   0   0   0   0   1   0]
 [ 25   1   1   5   0  31   5]
 [ 16   8   1  26   0   9  42]]

Reading  corpus/output832.json
SVM RBF
Classification_report:
             precision    recall  f1-score   support

          B       0.55      0.62      0.58       256
          C       0.18      0.20      0.19        40
          G       0.37      0.36      0.36        72
          M       0.25      0.27      0.26       104
          O       0.50      0.14      0.22         7
          P       0.50      0.47      0.49       133
          R       0.45      0.39      0.42       219

avg / total       0.45      0.45      0.44       831

[[159   6  32  16   1  17  25]
 [  6   8   0   3   0   7  16]
 [ 33   2  26   1   0   6   4]
 [ 23   2   2  28   0  10  39]
 [  0   0   0   0   1   4   2]
 [ 27   6   5  15   0  63  17]
 [ 41  21   6  48   0  18  85]]

SVM linear
Classification_report:
             precision    recall  f1-score   support

          B       0.53      0.58      0.56       256
          C       0.21      0.30      0.24        40
          G       0.34      0.39      0.36        72
          M       0.27      0.31      0.29       104
          O       0.50      0.14      0.22         7
          P       0.51      0.47      0.49       133
          R       0.46      0.35      0.40       219

avg / total       0.44      0.44      0.44       831

[[149   7  33  19   1  21  26]
 [  9  12   0   2   0   4  13]
 [ 32   2  28   3   0   3   4]
 [ 20   2   4  32   0  11  35]
 [  0   0   0   0   1   4   2]
 [ 32   6   7  16   0  63   9]
 [ 38  29  10  47   0  18  77]]
