Reading  corpus/output366.json
SVM RBF
Classification_report:
             precision    recall  f1-score   support

          B       0.51      0.64      0.56        77
          C       0.71      0.25      0.37        20
          G       0.61      0.31      0.41        36
          M       0.23      0.20      0.21        45
          O       0.00      0.00      0.00         6
          P       0.63      0.60      0.61        65
          R       0.48      0.58      0.53       117

avg / total       0.50      0.49      0.48       366

[[49  0  4  3  0  6 15]
 [ 2  5  0  0  0  2 11]
 [16  0 11  1  0  1  7]
 [ 4  0  1  9  0  4 27]
 [ 0  1  0  0  0  3  2]
 [ 7  0  1  6  0 39 12]
 [19  1  1 21  0  7 68]]

SVM linear
Classification_report:
             precision    recall  f1-score   support

          B       0.52      0.60      0.56        77
          C       0.33      0.30      0.32        20
          G       0.57      0.33      0.42        36
          M       0.24      0.24      0.24        45
          O       0.00      0.00      0.00         6
          P       0.62      0.60      0.61        65
          R       0.48      0.53      0.50       117

avg / total       0.48      0.48      0.47       366

[[46  1  5  4  0  6 15]
 [ 1  6  0  0  0  2 11]
 [13  0 12  2  0  1  8]
 [ 5  0  1 11  0  4 24]
 [ 0  1  0  0  0  3  2]
 [ 8  2  1  7  0 39  8]
 [15  8  2 22  0  8 62]]

Reading  corpus/output466.json
SVM RBF
Classification_report:
             precision    recall  f1-score   support

          B       0.71      0.83      0.77       179
          C       0.50      0.20      0.29        20
          G       0.45      0.28      0.34        36
          M       0.41      0.37      0.39        59
          O       0.00      0.00      0.00         1
          P       0.66      0.60      0.63        68
          R       0.51      0.55      0.53       102

avg / total       0.59      0.61      0.59       465

[[149   1  12   5   0   6   6]
 [  0   4   0   1   0   2  13]
 [ 24   0  10   0   0   2   0]
 [  7   1   0  22   0   4  25]
 [  0   0   0   0   0   1   0]
 [ 16   0   0   1   0  41  10]
 [ 13   2   0  25   0   6  56]]

SVM linear
Classification_report:
             precision    recall  f1-score   support

          B       0.73      0.77      0.75       179
          C       0.36      0.25      0.29        20
          G       0.40      0.33      0.36        36
          M       0.39      0.41      0.40        59
          O       0.00      0.00      0.00         1
          P       0.63      0.62      0.62        68
          R       0.54      0.55      0.55       102

avg / total       0.59      0.60      0.59       465

[[138   0  18   7   0  10   6]
 [  0   5   0   3   0   2  10]
 [ 21   0  12   0   0   2   1]
 [  6   3   0  24   0   4  22]
 [  0   0   0   0   0   1   0]
 [ 16   1   0   1   0  42   8]
 [  9   5   0  26   0   6  56]]

Reading  corpus/output832.json
SVM RBF
Classification_report:
             precision    recall  f1-score   support

          B       0.57      0.68      0.62       256
          C       0.54      0.33      0.41        40
          G       0.42      0.32      0.36        72
          M       0.34      0.32      0.33       104
          O       0.00      0.00      0.00         7
          P       0.67      0.59      0.63       133
          R       0.47      0.51      0.49       219

avg / total       0.51      0.52      0.51       831

[[174   1  28  15   0   6  32]
 [  6  13   1   2   0   3  15]
 [ 37   0  23   3   0   1   8]
 [ 21   0   1  33   0   8  41]
 [  0   1   0   0   0   3   3]
 [ 23   1   0   5   0  79  25]
 [ 42   8   2  38   0  18 111]]

SVM linear
Classification_report:
             precision    recall  f1-score   support

          B       0.56      0.64      0.60       256
          C       0.34      0.33      0.33        40
          G       0.39      0.35      0.37        72
          M       0.34      0.33      0.33       104
          O       0.00      0.00      0.00         7
          P       0.63      0.58      0.60       133
          R       0.50      0.49      0.49       219

avg / total       0.50      0.51      0.50       831

[[164   6  32  18   0   9  27]
 [  6  13   1   2   0   4  14]
 [ 35   1  25   2   0   1   8]
 [ 24   3   3  34   0   8  32]
 [  0   1   0   0   0   3   3]
 [ 23   4   1   5   0  77  23]
 [ 39  10   2  40   1  20 107]]
