Reading  corpus/output366.json
SVM RBF
Classification_report:
             precision    recall  f1-score   support

          B       0.46      0.48      0.47        77
          C       0.33      0.25      0.29        20
          G       0.54      0.39      0.45        36
          M       0.23      0.24      0.24        45
          O       1.00      0.17      0.29         6
          P       0.56      0.51      0.53        65
          R       0.47      0.56      0.51       117

avg / total       0.46      0.45      0.45       366

[[37  1  7  4  0 11 17]
 [ 2  5  0  1  0  2 10]
 [13  0 14  1  0  1  7]
 [ 3  0  0 11  0  3 28]
 [ 0  1  0  0  1  3  1]
 [11  2  4  6  0 33  9]
 [14  6  1 25  0  6 65]]

SVM linear
Classification_report:
             precision    recall  f1-score   support

          B       0.43      0.45      0.44        77
          C       0.35      0.30      0.32        20
          G       0.48      0.42      0.45        36
          M       0.19      0.22      0.20        45
          O       0.50      0.17      0.25         6
          P       0.54      0.49      0.52        65
          R       0.47      0.49      0.48       117

avg / total       0.43      0.43      0.43       366

[[35  1  9  4  0 11 17]
 [ 2  6  0  3  0  1  8]
 [12  0 15  1  0  1  7]
 [ 3  0  2 10  0  5 25]
 [ 0  1  0  0  1  2  2]
 [13  2  3  8  1 32  6]
 [16  7  2 28  0  7 57]]

Reading  corpus/output466.json
SVM RBF
Classification_report:
             precision    recall  f1-score   support

          B       0.71      0.82      0.76       179
          C       0.50      0.25      0.33        20
          G       0.44      0.33      0.38        36
          M       0.45      0.42      0.44        59
          O       0.00      0.00      0.00         1
          P       0.68      0.65      0.66        68
          R       0.55      0.56      0.56       102

avg / total       0.61      0.62      0.61       465

[[146   0  15   4   0   7   7]
 [  0   5   0   4   0   2   9]
 [ 23   0  12   0   0   1   0]
 [  7   1   0  25   0   4  22]
 [  0   0   0   0   0   1   0]
 [ 14   1   0   1   0  44   8]
 [ 15   3   0  21   0   6  57]]

SVM linear
Classification_report:
             precision    recall  f1-score   support

          B       0.69      0.77      0.73       179
          C       0.50      0.35      0.41        20
          G       0.42      0.39      0.41        36
          M       0.41      0.41      0.41        59
          O       0.00      0.00      0.00         1
          P       0.61      0.60      0.61        68
          R       0.54      0.50      0.52       102

avg / total       0.58      0.59      0.59       465

[[138   0  18   7   0  10   6]
 [  1   7   0   3   0   2   7]
 [ 21   0  14   0   0   1   0]
 [  8   1   0  24   0   5  21]
 [  0   0   0   0   0   1   0]
 [ 13   1   1   3   0  41   9]
 [ 18   5   0  21   0   7  51]]

Reading  corpus/output832.json
SVM RBF
Classification_report:
             precision    recall  f1-score   support

          B       0.57      0.66      0.61       256
          C       0.37      0.28      0.31        40
          G       0.37      0.32      0.34        72
          M       0.25      0.27      0.26       104
          O       0.00      0.00      0.00         7
          P       0.60      0.56      0.58       133
          R       0.46      0.43      0.45       219

avg / total       0.47      0.48      0.48       831

[[168   2  31  18   0  12  25]
 [  6  11   1   2   0   6  14]
 [ 39   1  23   2   0   2   5]
 [ 21   2   1  28   0   7  45]
 [  0   1   0   0   0   4   2]
 [ 23   3   3  10   0  75  19]
 [ 36  10   3  54   1  20  95]]

SVM linear
Classification_report:
             precision    recall  f1-score   support

          B       0.56      0.62      0.59       256
          C       0.32      0.35      0.33        40
          G       0.37      0.36      0.36        72
          M       0.30      0.37      0.33       104
          O       0.33      0.14      0.20         7
          P       0.56      0.56      0.56       133
          R       0.50      0.40      0.44       219

avg / total       0.48      0.48      0.48       831

[[158   3  36  17   0  18  24]
 [  7  14   1   1   0   5  12]
 [ 38   2  26   3   0   1   2]
 [ 16   4   1  38   0  10  35]
 [  0   1   0   0   1   3   2]
 [ 23   7   4  13   0  74  12]
 [ 39  13   3  54   2  21  87]]
