Reading  corpus/output366.json
SVM RBF
Classification_report:
             precision    recall  f1-score   support

          B       0.52      0.58      0.55        77
          C       0.50      0.25      0.33        20
          G       0.55      0.31      0.39        36
          M       0.23      0.22      0.22        45
          O       0.00      0.00      0.00         6
          P       0.67      0.68      0.67        65
          R       0.48      0.57      0.52       117

avg / total       0.49      0.50      0.49       366

[[45  0  6  2  0  5 19]
 [ 1  5  0  1  0  3 10]
 [15  2 11  1  0  1  6]
 [ 5  0  0 10  0  4 26]
 [ 0  0  0  1  0  3  2]
 [ 5  0  3  4  0 44  9]
 [16  3  0 25  0  6 67]]

SVM linear
Classification_report:
             precision    recall  f1-score   support

          B       0.50      0.55      0.52        77
          C       0.35      0.30      0.32        20
          G       0.50      0.36      0.42        36
          M       0.24      0.27      0.25        45
          O       0.00      0.00      0.00         6
          P       0.66      0.63      0.65        65
          R       0.52      0.56      0.54       117

avg / total       0.49      0.49      0.49       366

[[42  2  9  4  0  4 16]
 [ 2  6  0  1  0  3  8]
 [13  1 13  2  0  1  6]
 [ 6  0  0 12  0  4 23]
 [ 0  1  0  1  0  2  2]
 [ 7  3  4  4  0 41  6]
 [14  4  0 26  0  7 66]]

Reading  corpus/output466.json
SVM RBF
Classification_report:
             precision    recall  f1-score   support

          B       0.71      0.79      0.75       179
          C       0.29      0.20      0.24        20
          G       0.40      0.22      0.29        36
          M       0.41      0.34      0.37        59
          O       0.00      0.00      0.00         1
          P       0.65      0.63      0.64        68
          R       0.50      0.57      0.53       102

avg / total       0.57      0.59      0.58       465

[[142   2  12   5   0   9   9]
 [  0   4   0   2   0   2  12]
 [ 27   0   8   0   0   1   0]
 [  7   3   0  20   0   4  25]
 [  0   0   0   0   0   1   0]
 [ 12   0   0   2   0  43  11]
 [ 13   5   0  20   0   6  58]]

SVM linear
Classification_report:
             precision    recall  f1-score   support

          B       0.72      0.74      0.73       179
          C       0.38      0.30      0.33        20
          G       0.41      0.33      0.37        36
          M       0.40      0.41      0.40        59
          O       0.00      0.00      0.00         1
          P       0.59      0.60      0.60        68
          R       0.53      0.55      0.54       102

avg / total       0.58      0.58      0.58       465

[[133   1  17   8   0  12   8]
 [  0   6   0   2   0   2  10]
 [ 23   0  12   0   0   1   0]
 [  7   2   0  24   0   5  21]
 [  0   0   0   0   0   1   0]
 [ 12   2   0   2   0  41  11]
 [ 10   5   0  24   0   7  56]]

Reading  corpus/output832.json
SVM RBF
Classification_report:
             precision    recall  f1-score   support

          B       0.59      0.67      0.63       256
          C       0.38      0.23      0.28        40
          G       0.40      0.29      0.34        72
          M       0.28      0.27      0.28       104
          O       0.00      0.00      0.00         7
          P       0.65      0.63      0.64       133
          R       0.47      0.50      0.48       219

avg / total       0.50      0.51      0.50       831

[[171   4  26  20   0   7  28]
 [  5   9   1   2   0   6  17]
 [ 38   0  21   2   0   3   8]
 [ 17   1   1  28   0   8  49]
 [  0   0   0   0   0   4   3]
 [ 22   2   1   4   0  84  20]
 [ 37   8   3  43   1  17 110]]

SVM linear
Classification_report:
             precision    recall  f1-score   support

          B       0.55      0.59      0.57       256
          C       0.28      0.28      0.28        40
          G       0.33      0.35      0.34        72
          M       0.30      0.31      0.30       104
          O       0.00      0.00      0.00         7
          P       0.62      0.59      0.61       133
          R       0.49      0.46      0.47       219

avg / total       0.48      0.48      0.48       831

[[151   4  41  18   0  12  30]
 [  7  11   1   3   0   4  14]
 [ 38   1  25   3   0   0   5]
 [ 18   3   2  32   0  10  39]
 [  0   1   0   0   0   3   3]
 [ 23   6   5   5   0  79  15]
 [ 36  14   2  46   1  20 100]]
