Reading  corpus/output366.json
SVM RBF
Classification_report:
             precision    recall  f1-score   support

          B       0.34      0.36      0.35        77
          C       0.24      0.30      0.27        20
          G       0.29      0.28      0.28        36
          M       0.18      0.22      0.20        45
          O       1.00      0.17      0.29         6
          P       0.32      0.34      0.33        65
          R       0.42      0.36      0.39       117

avg / total       0.34      0.33      0.33       366

[[28  4 11  4  0 15 15]
 [ 5  6  0  0  0  4  5]
 [ 9  3 10  3  0  5  6]
 [ 5  0  2 10  0  9 19]
 [ 0  0  0  1  1  2  2]
 [12  5  6 10  0 22 10]
 [23  7  6 27  0 12 42]]

SVM linear
Classification_report:
             precision    recall  f1-score   support

          B       0.35      0.42      0.38        77
          C       0.14      0.25      0.18        20
          G       0.28      0.31      0.29        36
          M       0.16      0.24      0.20        45
          O       0.50      0.17      0.25         6
          P       0.31      0.26      0.29        65
          R       0.51      0.33      0.40       117

avg / total       0.36      0.32      0.33       366

[[32  9 12  6  0 11  7]
 [ 4  5  1  2  0  3  5]
 [12  4 11  1  0  5  3]
 [ 6  0  3 11  0 10 15]
 [ 0  1  0  2  1  0  2]
 [14  5  7 16  0 17  6]
 [23 11  6 29  1  8 39]]

Reading  corpus/output466.json
SVM RBF
Classification_report:
             precision    recall  f1-score   support

          B       0.66      0.73      0.69       179
          C       0.32      0.35      0.33        20
          G       0.42      0.39      0.41        36
          M       0.33      0.36      0.34        59
          O       0.00      0.00      0.00         1
          P       0.51      0.47      0.49        68
          R       0.43      0.36      0.39       102

avg / total       0.51      0.52      0.51       465

[[130   2  18   5   1  17   6]
 [  1   7   0   1   0   1  10]
 [ 20   0  14   0   0   2   0]
 [  8   1   0  21   0   4  25]
 [  0   0   0   0   0   1   0]
 [ 21   3   1   3   0  32   8]
 [ 16   9   0  34   0   6  37]]

SVM linear
Classification_report:
             precision    recall  f1-score   support

          B       0.62      0.64      0.63       179
          C       0.25      0.25      0.25        20
          G       0.28      0.33      0.30        36
          M       0.31      0.31      0.31        59
          O       0.00      0.00      0.00         1
          P       0.44      0.47      0.46        68
          R       0.41      0.35      0.38       102

avg / total       0.47      0.47      0.47       465

[[114   1  29   5   1  21   8]
 [  1   5   0   1   0   3  10]
 [ 23   0  12   0   0   0   1]
 [ 11   1   1  18   0   3  25]
 [  0   0   0   0   0   1   0]
 [ 22   4   1   2   0  32   7]
 [ 13   9   0  32   0  12  36]]

Reading  corpus/output832.json
SVM RBF
Classification_report:
             precision    recall  f1-score   support

          B       0.52      0.61      0.56       256
          C       0.19      0.20      0.20        40
          G       0.29      0.29      0.29        72
          M       0.33      0.26      0.29       104
          O       0.50      0.14      0.22         7
          P       0.47      0.47      0.47       133
          R       0.46      0.42      0.44       219

avg / total       0.44      0.44      0.44       831

[[157   6  34  12   1  19  27]
 [  6   8   4   0   0   8  14]
 [ 36   3  21   0   0   5   7]
 [ 17   4   3  27   0  14  39]
 [  0   0   0   0   1   5   1]
 [ 35   7   4   7   0  63  17]
 [ 50  14   7  37   0  20  91]]

SVM linear
Classification_report:
             precision    recall  f1-score   support

          B       0.56      0.65      0.60       256
          C       0.20      0.33      0.25        40
          G       0.32      0.25      0.28        72
          M       0.25      0.21      0.23       104
          O       0.20      0.14      0.17         7
          P       0.43      0.42      0.42       133
          R       0.47      0.40      0.43       219

avg / total       0.43      0.44      0.43       831

[[166   8  22  15   1  22  22]
 [  3  13   2   2   0   7  13]
 [ 39   2  18   2   0   7   4]
 [ 18   4   4  22   1  12  43]
 [  0   0   0   0   1   5   1]
 [ 35   9   5  11   0  56  17]
 [ 38  28   6  36   2  22  87]]
