Reading  corpus/output366.json
SVM RBF
Classification_report:
             precision    recall  f1-score   support

          B       0.36      0.44      0.40        77
          C       0.29      0.40      0.33        20
          G       0.38      0.31      0.34        36
          M       0.18      0.18      0.18        45
          O       1.00      0.17      0.29         6
          P       0.40      0.38      0.39        65
          R       0.46      0.42      0.44       117

avg / total       0.39      0.37      0.37       366

[[34  6  6  4  0 12 15]
 [ 2  8  1  1  0  1  7]
 [11  3 11  1  0  4  6]
 [ 9  1  3  8  0  7 17]
 [ 0  0  0  1  1  2  2]
 [10  5  4 10  0 25 11]
 [28  5  4 20  0 11 49]]

SVM linear
Classification_report:
             precision    recall  f1-score   support

          B       0.35      0.44      0.39        77
          C       0.22      0.35      0.27        20
          G       0.32      0.31      0.31        36
          M       0.18      0.22      0.20        45
          O       1.00      0.17      0.29         6
          P       0.41      0.37      0.39        65
          R       0.48      0.37      0.42       117

avg / total       0.38      0.36      0.36       366

[[34  7 10  5  0  8 13]
 [ 4  7  1  1  0  1  6]
 [12  4 11  1  0  5  3]
 [ 8  4  3 10  0  7 13]
 [ 0  0  0  1  1  2  2]
 [ 9  4  6 13  0 24  9]
 [30  6  3 24  0 11 43]]

Reading  corpus/output466.json
SVM RBF
Classification_report:
             precision    recall  f1-score   support

          B       0.68      0.73      0.71       179
          C       0.40      0.30      0.34        20
          G       0.42      0.42      0.42        36
          M       0.34      0.37      0.36        59
          O       0.00      0.00      0.00         1
          P       0.55      0.53      0.54        68
          R       0.43      0.39      0.41       102

avg / total       0.53      0.54      0.53       465

[[131   1  19   3   0  15  10]
 [  0   6   0   1   0   1  12]
 [ 18   0  15   0   0   2   1]
 [ 10   0   0  22   0   4  23]
 [  0   0   0   0   0   1   0]
 [ 17   0   1   8   0  36   6]
 [ 16   8   1  30   0   7  40]]

SVM linear
Classification_report:
             precision    recall  f1-score   support

          B       0.64      0.66      0.65       179
          C       0.50      0.35      0.41        20
          G       0.35      0.42      0.38        36
          M       0.37      0.41      0.39        59
          O       0.00      0.00      0.00         1
          P       0.50      0.50      0.50        68
          R       0.48      0.41      0.44       102

avg / total       0.52      0.52      0.52       465

[[119   1  25   5   0  20   9]
 [  0   7   0   1   0   1  11]
 [ 19   0  15   0   0   1   1]
 [ 10   1   0  24   0   4  20]
 [  0   0   0   0   0   1   0]
 [ 23   0   0   6   0  34   5]
 [ 16   5   3  29   0   7  42]]

Reading  corpus/output832.json
SVM RBF
Classification_report:
             precision    recall  f1-score   support

          B       0.56      0.63      0.59       256
          C       0.21      0.25      0.23        40
          G       0.33      0.35      0.34        72
          M       0.28      0.28      0.28       104
          O       0.33      0.14      0.20         7
          P       0.51      0.48      0.50       133
          R       0.45      0.38      0.42       219

avg / total       0.45      0.45      0.45       831

[[162   5  34  14   1  13  27]
 [  7  10   1   4   0   5  13]
 [ 35   3  25   0   0   4   5]
 [ 15   3   5  29   1  15  36]
 [  0   0   0   0   1   3   3]
 [ 27   4   5  16   0  64  17]
 [ 44  22   6  42   0  21  84]]

SVM linear
Classification_report:
             precision    recall  f1-score   support

          B       0.53      0.60      0.57       256
          C       0.20      0.28      0.23        40
          G       0.31      0.33      0.32        72
          M       0.29      0.31      0.30       104
          O       0.50      0.14      0.22         7
          P       0.46      0.44      0.45       133
          R       0.50      0.39      0.44       219

avg / total       0.45      0.44      0.44       831

[[154  10  34  16   1  24  17]
 [  5  11   0   3   0   7  14]
 [ 36   4  24   0   0   4   4]
 [ 18   3   4  32   0  12  35]
 [  0   0   0   1   1   4   1]
 [ 30   5  10  15   0  59  14]
 [ 45  22   5  44   0  17  86]]
