Reading  corpus/output366.json
SVM RBF
Classification_report:
             precision    recall  f1-score   support

          B       0.35      0.40      0.38        77
          C       0.19      0.20      0.20        20
          G       0.45      0.39      0.42        36
          M       0.13      0.13      0.13        45
          O       1.00      0.33      0.50         6
          P       0.44      0.40      0.42        65
          R       0.44      0.45      0.45       117

avg / total       0.38      0.37      0.37       366

[[31  6  9  4  0  8 19]
 [ 4  4  0  1  0  3  8]
 [10  3 14  1  0  3  5]
 [ 7  0  2  6  0  7 23]
 [ 0  0  0  0  2  2  2]
 [11  2  4 12  0 26 10]
 [25  6  2 21  0 10 53]]

SVM linear
Classification_report:
             precision    recall  f1-score   support

          B       0.33      0.38      0.35        77
          C       0.12      0.15      0.13        20
          G       0.33      0.33      0.33        36
          M       0.14      0.18      0.16        45
          O       1.00      0.17      0.29         6
          P       0.34      0.32      0.33        65
          R       0.45      0.38      0.42       117

avg / total       0.35      0.33      0.33       366

[[29  7 10  9  0  9 13]
 [ 5  3  1  0  0  5  6]
 [11  3 12  3  0  2  5]
 [11  0  3  8  0  7 16]
 [ 0  0  0  0  1  2  3]
 [10  4  5 14  0 21 11]
 [21  8  5 23  0 15 45]]

Reading  corpus/output466.json
SVM RBF
Classification_report:
             precision    recall  f1-score   support

          B       0.67      0.74      0.70       179
          C       0.19      0.15      0.17        20
          G       0.48      0.42      0.45        36
          M       0.34      0.36      0.35        59
          O       0.00      0.00      0.00         1
          P       0.57      0.53      0.55        68
          R       0.39      0.36      0.37       102

avg / total       0.51      0.52      0.52       465

[[132   1  15   9   0  13   9]
 [  1   3   0   0   0   1  15]
 [ 17   0  15   0   0   3   1]
 [  9   1   0  21   0   3  25]
 [  0   0   0   0   0   1   0]
 [ 20   1   1   1   0  36   9]
 [ 19  10   0  30   0   6  37]]

SVM linear
Classification_report:
             precision    recall  f1-score   support

          B       0.66      0.68      0.67       179
          C       0.35      0.40      0.37        20
          G       0.32      0.33      0.33        36
          M       0.35      0.37      0.36        59
          O       0.00      0.00      0.00         1
          P       0.53      0.57      0.55        68
          R       0.43      0.36      0.39       102

avg / total       0.51      0.51      0.51       465

[[121   1  23   9   0  15  10]
 [  1   8   0   1   0   1   9]
 [ 20   0  12   0   0   3   1]
 [  8   2   0  22   0   5  22]
 [  0   0   0   0   0   1   0]
 [ 18   1   1   2   0  39   7]
 [ 15  11   1  29   0   9  37]]

Reading  corpus/output832.json
SVM RBF
Classification_report:
             precision    recall  f1-score   support

          B       0.55      0.61      0.58       256
          C       0.22      0.25      0.24        40
          G       0.31      0.32      0.31        72
          M       0.26      0.28      0.27       104
          O       0.00      0.00      0.00         7
          P       0.52      0.50      0.51       133
          R       0.47      0.41      0.44       219

avg / total       0.45      0.45      0.45       831

[[155   9  37  21   1  10  23]
 [  4  10   2   3   0   5  16]
 [ 34   3  23   0   0   7   5]
 [ 20   4   1  29   1  11  38]
 [  0   0   0   0   0   6   1]
 [ 25   6   5  13   0  66  18]
 [ 42  13   7  44   1  22  90]]

SVM linear
Classification_report:
             precision    recall  f1-score   support

          B       0.52      0.59      0.55       256
          C       0.22      0.30      0.26        40
          G       0.24      0.29      0.26        72
          M       0.29      0.32      0.30       104
          O       0.00      0.00      0.00         7
          P       0.47      0.41      0.43       133
          R       0.48      0.37      0.41       219

avg / total       0.43      0.42      0.42       831

[[150  10  40  20   1  14  21]
 [  5  12   2   2   0   5  14]
 [ 38   2  21   0   0   5   6]
 [ 26   2   5  33   0  11  27]
 [  0   0   0   0   0   5   2]
 [ 30   6  10  16   0  54  17]
 [ 42  22   9  44   0  22  80]]
