Reading  corpus/output366.json
SVM RBF
Classification_report:
             precision    recall  f1-score   support

          B       0.34      0.38      0.36        77
          C       0.17      0.25      0.20        20
          G       0.22      0.22      0.22        36
          M       0.21      0.22      0.22        45
          O       0.67      0.33      0.44         6
          P       0.47      0.40      0.43        65
          R       0.44      0.41      0.42       117

avg / total       0.36      0.35      0.35       366

[[29  7 12  7  1  5 16]
 [ 3  5  1  1  0  1  9]
 [15  3  8  3  0  3  4]
 [ 7  1  2 10  0  7 18]
 [ 0  0  0  1  2  1  2]
 [10  5  5  6  0 26 13]
 [21  9  8 19  0 12 48]]

SVM linear
Classification_report:
             precision    recall  f1-score   support

          B       0.31      0.36      0.34        77
          C       0.11      0.20      0.15        20
          G       0.20      0.25      0.23        36
          M       0.16      0.18      0.17        45
          O       0.50      0.33      0.40         6
          P       0.38      0.31      0.34        65
          R       0.46      0.35      0.40       117

avg / total       0.33      0.31      0.31       366

[[28  8 14  5  1  5 16]
 [ 5  4  1  1  0  3  6]
 [15  2  9  3  1  4  2]
 [ 7  1  3  8  0 11 15]
 [ 0  0  1  1  2  1  1]
 [15  4  8  9  0 20  9]
 [20 16  8 23  0  9 41]]

Reading  corpus/output466.json
SVM RBF
Classification_report:
             precision    recall  f1-score   support

          B       0.69      0.74      0.71       179
          C       0.30      0.35      0.33        20
          G       0.42      0.36      0.39        36
          M       0.20      0.20      0.20        59
          O       0.00      0.00      0.00         1
          P       0.57      0.60      0.59        68
          R       0.46      0.39      0.42       102

avg / total       0.52      0.53      0.52       465

[[132   1  17   6   0  17   6]
 [  1   7   0   2   0   0  10]
 [ 21   0  13   0   0   2   0]
 [ 12   1   0  12   0   6  28]
 [  0   0   0   0   0   1   0]
 [ 15   3   0   6   0  41   3]
 [ 10  11   1  35   0   5  40]]

SVM linear
Classification_report:
             precision    recall  f1-score   support

          B       0.66      0.67      0.66       179
          C       0.22      0.25      0.23        20
          G       0.37      0.39      0.38        36
          M       0.31      0.29      0.30        59
          O       0.00      0.00      0.00         1
          P       0.49      0.53      0.51        68
          R       0.45      0.41      0.43       102

avg / total       0.50      0.50      0.50       465

[[120   1  22   3   0  23  10]
 [  0   5   0   0   0   1  14]
 [ 22   0  14   0   0   0   0]
 [ 12   1   0  17   0   6  23]
 [  0   0   0   0   0   1   0]
 [ 21   3   0   4   0  36   4]
 [  8  13   2  31   0   6  42]]

Reading  corpus/output832.json
SVM RBF
Classification_report:
             precision    recall  f1-score   support

          B       0.54      0.62      0.58       256
          C       0.24      0.30      0.26        40
          G       0.30      0.29      0.29        72
          M       0.19      0.16      0.18       104
          O       0.17      0.14      0.15         7
          P       0.54      0.49      0.51       133
          R       0.42      0.39      0.41       219

avg / total       0.43      0.43      0.43       831

[[158   5  31  14   3  13  32]
 [  3  12   1   2   0   2  20]
 [ 38   2  21   1   0   5   5]
 [ 26   2   2  17   1  15  41]
 [  1   0   0   1   1   3   1]
 [ 28   9   5  10   0  65  16]
 [ 38  21  11  45   1  18  85]]

SVM linear
Classification_report:
             precision    recall  f1-score   support

          B       0.53      0.64      0.58       256
          C       0.20      0.23      0.21        40
          G       0.32      0.25      0.28        72
          M       0.23      0.17      0.20       104
          O       0.14      0.14      0.14         7
          P       0.46      0.41      0.44       133
          R       0.49      0.48      0.49       219

avg / total       0.43      0.45      0.44       831

[[163   4  19  17   3  23  27]
 [  4   9   2   3   0   4  18]
 [ 42   3  18   2   0   4   3]
 [ 21   5   1  18   2  10  47]
 [  0   0   0   2   1   2   2]
 [ 43   8   7   7   0  55  13]
 [ 35  16   9  31   1  21 106]]
