Reading  corpus/output366.json
SVM RBF
Classification_report:
             precision    recall  f1-score   support

          B       0.41      0.51      0.45        77
          C       0.56      0.25      0.34        20
          G       0.53      0.28      0.36        36
          M       0.24      0.22      0.23        45
          O       0.00      0.00      0.00         6
          P       0.62      0.60      0.61        65
          R       0.46      0.55      0.50       117

avg / total       0.46      0.46      0.45       366

[[39  2  4  5  0  4 23]
 [ 5  5  0  0  0  2  8]
 [12  2 10  2  0  1  9]
 [ 7  0  0 10  0  5 23]
 [ 0  0  0  0  0  5  1]
 [ 9  0  2  4  0 39 11]
 [23  0  3 20  0  7 64]]

SVM linear
Classification_report:
             precision    recall  f1-score   support

          B       0.38      0.47      0.42        77
          C       0.29      0.25      0.27        20
          G       0.54      0.36      0.43        36
          M       0.26      0.24      0.25        45
          O       0.00      0.00      0.00         6
          P       0.65      0.62      0.63        65
          R       0.44      0.47      0.45       117

avg / total       0.44      0.44      0.43       366

[[36  3  6  6  0  4 22]
 [ 6  5  0  0  0  2  7]
 [12  0 13  2  0  1  8]
 [ 7  0  0 11  0  4 23]
 [ 0  1  0  0  0  4  1]
 [ 6  2  4  4  0 40  9]
 [28  6  1 20  0  7 55]]

Reading  corpus/output466.json
SVM RBF
Classification_report:
             precision    recall  f1-score   support

          B       0.70      0.81      0.75       179
          C       0.00      0.00      0.00        20
          G       0.41      0.25      0.31        36
          M       0.40      0.36      0.38        59
          O       0.00      0.00      0.00         1
          P       0.65      0.62      0.63        68
          R       0.50      0.58      0.54       102

avg / total       0.56      0.59      0.57       465

[[145   0  13   5   0   8   8]
 [  1   0   0   3   0   2  14]
 [ 25   0   9   0   0   2   0]
 [  8   1   0  21   0   3  26]
 [  0   0   0   0   0   1   0]
 [ 13   0   0   2   0  42  11]
 [ 14   1   0  21   0   7  59]]

SVM linear
Classification_report:
             precision    recall  f1-score   support

          B       0.70      0.77      0.73       179
          C       0.60      0.15      0.24        20
          G       0.39      0.31      0.34        36
          M       0.36      0.36      0.36        59
          O       0.00      0.00      0.00         1
          P       0.62      0.60      0.61        68
          R       0.51      0.56      0.54       102

avg / total       0.57      0.58      0.57       465

[[137   0  17   6   0  10   9]
 [  1   3   0   3   0   2  11]
 [ 22   0  11   0   0   2   1]
 [  9   0   0  21   0   4  25]
 [  0   0   0   0   0   1   0]
 [ 17   1   0   1   0  41   8]
 [ 10   1   0  28   0   6  57]]

Reading  corpus/output832.json
SVM RBF
Classification_report:
             precision    recall  f1-score   support

          B       0.58      0.67      0.62       256
          C       0.36      0.23      0.28        40
          G       0.40      0.29      0.34        72
          M       0.33      0.29      0.31       104
          O       0.00      0.00      0.00         7
          P       0.69      0.63      0.66       133
          R       0.47      0.53      0.50       219

avg / total       0.51      0.52      0.51       831

[[171   1  28  15   0   6  35]
 [  8   9   1   2   0   3  17]
 [ 38   1  21   1   0   1  10]
 [ 20   0   1  30   0   8  45]
 [  0   1   0   0   0   3   3]
 [ 19   5   0   5   0  84  20]
 [ 39   8   2  38   0  17 115]]

SVM linear
Classification_report:
             precision    recall  f1-score   support

          B       0.58      0.65      0.61       256
          C       0.27      0.23      0.25        40
          G       0.38      0.33      0.35        72
          M       0.34      0.35      0.34       104
          O       0.00      0.00      0.00         7
          P       0.64      0.60      0.62       133
          R       0.50      0.49      0.50       219

avg / total       0.50      0.51      0.50       831

[[166   4  32  17   0   9  28]
 [  8   9   1   2   0   4  16]
 [ 37   2  24   2   0   1   6]
 [ 18   2   1  36   0   9  38]
 [  0   1   0   0   0   3   3]
 [ 21   6   3   6   0  80  17]
 [ 37   9   3  42   1  19 108]]
