Reading  corpus/output366.json
SVM RBF
Classification_report:
             precision    recall  f1-score   support

          B       0.41      0.47      0.44        77
          C       0.22      0.20      0.21        20
          G       0.40      0.33      0.36        36
          M       0.23      0.24      0.24        45
          O       0.00      0.00      0.00         6
          P       0.52      0.51      0.52        65
          R       0.49      0.50      0.50       117

avg / total       0.42      0.42      0.42       366

[[36  3 10  7  0  7 14]
 [ 5  4  0  0  0  2  9]
 [11  3 12  2  0  1  7]
 [ 6  0  1 11  0  5 22]
 [ 0  0  0  0  0  5  1]
 [11  3  5  5  0 33  8]
 [19  5  2 22  0 10 59]]

SVM linear
Classification_report:
             precision    recall  f1-score   support

          B       0.35      0.38      0.36        77
          C       0.25      0.25      0.25        20
          G       0.32      0.33      0.33        36
          M       0.18      0.20      0.19        45
          O       0.00      0.00      0.00         6
          P       0.48      0.51      0.49        65
          R       0.51      0.47      0.49       117

avg / total       0.39      0.39      0.39       366

[[29  4 14  7  0  9 14]
 [ 4  5  1  0  0  4  6]
 [14  1 12  3  0  1  5]
 [ 7  0  1  9  0  7 21]
 [ 0  1  0  0  0  4  1]
 [10  4  4  9  0 33  5]
 [19  5  5 22  0 11 55]]

Reading  corpus/output466.json
SVM RBF
Classification_report:
             precision    recall  f1-score   support

          B       0.69      0.80      0.74       179
          C       0.11      0.05      0.07        20
          G       0.36      0.22      0.28        36
          M       0.34      0.34      0.34        59
          O       0.00      0.00      0.00         1
          P       0.67      0.63      0.65        68
          R       0.45      0.47      0.46       102

avg / total       0.54      0.57      0.55       465

[[143   1  14   7   0   6   8]
 [  1   1   0   3   0   2  13]
 [ 27   0   8   0   0   1   0]
 [  7   0   0  20   0   4  28]
 [  0   0   0   0   0   1   0]
 [ 13   1   0   2   0  43   9]
 [ 15   6   0  26   0   7  48]]

SVM linear
Classification_report:
             precision    recall  f1-score   support

          B       0.70      0.76      0.73       179
          C       0.25      0.15      0.19        20
          G       0.39      0.25      0.31        36
          M       0.35      0.39      0.37        59
          O       0.00      0.00      0.00         1
          P       0.59      0.60      0.59        68
          R       0.46      0.46      0.46       102

avg / total       0.54      0.56      0.55       465

[[136   2  14   9   0  11   7]
 [  1   3   0   1   0   2  13]
 [ 24   0   9   0   0   2   1]
 [  7   0   0  23   0   5  24]
 [  0   0   0   0   0   1   0]
 [ 14   1   0   2   0  41  10]
 [ 11   6   0  30   0   8  47]]

Reading  corpus/output832.json
SVM RBF
Classification_report:
             precision    recall  f1-score   support

          B       0.54      0.61      0.57       256
          C       0.30      0.30      0.30        40
          G       0.37      0.31      0.34        72
          M       0.29      0.29      0.29       104
          O       0.00      0.00      0.00         7
          P       0.61      0.54      0.57       133
          R       0.44      0.44      0.44       219

avg / total       0.46      0.47      0.46       831

[[155   6  31  23   0   8  33]
 [  7  12   1   1   0   6  13]
 [ 37   1  22   2   0   1   9]
 [ 16   1   0  30   0  10  47]
 [  0   1   0   0   0   3   3]
 [ 26   6   4   6   0  72  19]
 [ 47  13   1  42   1  18  97]]

SVM linear
Classification_report:
             precision    recall  f1-score   support

          B       0.52      0.60      0.56       256
          C       0.26      0.30      0.28        40
          G       0.33      0.31      0.32        72
          M       0.32      0.35      0.33       104
          O       0.00      0.00      0.00         7
          P       0.54      0.50      0.52       133
          R       0.44      0.38      0.41       219

avg / total       0.44      0.45      0.44       831

[[153   5  33  18   0  11  36]
 [  8  12   2   0   0   7  11]
 [ 39   2  22   3   0   0   6]
 [ 18   2   0  36   0  13  35]
 [  0   1   0   0   0   3   3]
 [ 30   9   6   7   0  66  15]
 [ 45  15   4  47   2  23  83]]
