SVM RBF
Classification_report:
             precision    recall  f1-score   support

          B       0.36      0.58      0.44        77
          C       0.00      0.00      0.00        20
          G       0.00      0.00      0.00        36
          M       0.00      0.00      0.00        45
          O       0.00      0.00      0.00         6
          P       0.00      0.00      0.00        65
          R       0.41      0.83      0.54       117

avg / total       0.20      0.39      0.27       366

[[45  0  0  0  0  0 32]
 [ 2  0  0  0  0  0 18]
 [15  0  0  0  0  0 21]
 [11  0  0  0  0  1 33]
 [ 0  0  0  0  0  0  6]
 [33  0  0  0  0  0 32]
 [20  0  0  0  0  0 97]]

SVM linear
Classification_report:
             precision    recall  f1-score   support

          B       0.49      0.55      0.52        77
          C       0.00      0.00      0.00        20
          G       0.25      0.06      0.09        36
          M       0.00      0.00      0.00        45
          O       0.00      0.00      0.00         6
          P       0.69      0.51      0.58        65
          R       0.42      0.79      0.55       117

avg / total       0.38      0.46      0.40       366

[[42  0  3  0  0  5 27]
 [ 1  0  0  1  0  0 18]
 [12  0  2  1  0  2 19]
 [ 7  0  1  0  0  2 35]
 [ 0  0  0  0  0  1  5]
 [ 8  0  0  1  0 33 23]
 [16  0  2  1  0  5 93]]

KNN
Classification_report:
             precision    recall  f1-score   support

          B       0.40      0.62      0.49        77
          C       0.04      0.05      0.05        20
          G       0.16      0.17      0.16        36
          M       0.19      0.13      0.16        45
          O       0.00      0.00      0.00         6
          P       0.54      0.45      0.49        65
          R       0.47      0.39      0.43       117

avg / total       0.37      0.37      0.36       366

[[48  0  8  6  0  6  9]
 [ 2  1  1  2  0  2 12]
 [18  2  6  2  0  5  3]
 [12  4  4  6  0  3 16]
 [ 1  0  2  1  0  0  2]
 [13  3  6  3  1 29 10]
 [26 13 11 12  0  9 46]]

NB
Classification_report:
             precision    recall  f1-score   support

          B       0.50      0.36      0.42        77
          C       0.29      0.20      0.24        20
          G       0.17      0.61      0.27        36
          M       0.32      0.29      0.30        45
          O       0.06      0.17      0.08         6
          P       0.64      0.63      0.64        65
          R       0.33      0.12      0.17       117

avg / total       0.40      0.34      0.33       366

[[28  0 31  2  3  9  4]
 [ 0  4  4  0  2  1  9]
 [ 8  0 22  3  0  1  2]
 [ 3  3 15 13  2  3  6]
 [ 0  0  0  0  1  0  5]
 [ 9  1  3  6  2 41  3]
 [ 8  6 55 17  8  9 14]]

DT
Classification_report:
             precision    recall  f1-score   support

          B       0.58      0.49      0.54        77
          C       0.11      0.10      0.11        20
          G       0.26      0.25      0.26        36
          M       0.23      0.24      0.24        45
          O       0.00      0.00      0.00         6
          P       0.60      0.69      0.64        65
          R       0.45      0.48      0.46       117

avg / total       0.43      0.44      0.43       366

[[38  2 13  8  0  7  9]
 [ 0  2  1  0  0  2 15]
 [ 9  0  9  3  0  4 11]
 [ 3  3  2 11  0  6 20]
 [ 0  0  0  0  0  3  3]
 [ 5  0  1  2  1 45 11]
 [10 11  8 24  0  8 56]]

CRF
Classification_report:
             precision    recall  f1-score   support

          B       0.54      0.57      0.55        77
          C       0.43      0.45      0.44        20
          G       0.37      0.31      0.33        36
          M       0.18      0.13      0.15        45
          O       0.00      0.00      0.00         6
          P       0.60      0.52      0.56        65
          R       0.57      0.69      0.63       117

avg / total       0.48      0.51      0.49       366

CRF 2.0
Classification_report:
             precision    recall  f1-score   support

          B       0.74      0.68      0.71        77
          C       0.27      0.20      0.23        20
          G       0.56      0.50      0.53        36
          M       0.32      0.24      0.28        45
          O       0.00      0.00      0.00         6
          P       0.66      0.62      0.63        65
          R       0.53      0.68      0.60       117

avg / total       0.55      0.56      0.55       366


SVM RBF
Classification_report:
             precision    recall  f1-score   support

          B       0.59      0.94      0.73       179
          C       0.00      0.00      0.00        20
          G       0.00      0.00      0.00        36
          M       0.00      0.00      0.00        59
          O       0.00      0.00      0.00         1
          P       0.00      0.00      0.00        68
          R       0.50      0.86      0.63       102

avg / total       0.34      0.55      0.42       465

[[169   0   0   0   0   1   9]
 [  0   0   0   0   0   0  20]
 [ 36   0   0   0   0   0   0]
 [  8   0   0   0   0   1  50]
 [  1   0   0   0   0   0   0]
 [ 58   0   0   0   0   0  10]
 [ 13   0   0   0   0   1  88]]

SVM linear
Classification_report:
             precision    recall  f1-score   support

          B       0.68      0.94      0.79       179
          C       0.33      0.10      0.15        20
          G       0.00      0.00      0.00        36
          M       0.43      0.31      0.36        59
          O       0.00      0.00      0.00         1
          P       0.82      0.34      0.48        68
          R       0.51      0.71      0.60       102

avg / total       0.56      0.61      0.56       465

[[168   1   0   1   0   2   7]
 [  0   2   0   1   0   0  17]
 [ 36   0   0   0   0   0   0]
 [  5   0   0  18   0   0  36]
 [  0   0   0   0   0   1   0]
 [ 30   1   1   5   0  23   8]
 [  9   2   0  17   0   2  72]]

KNN
Classification_report:
             precision    recall  f1-score   support

          B       0.66      0.83      0.74       179
          C       0.28      0.25      0.26        20
          G       0.40      0.33      0.36        36
          M       0.38      0.31      0.34        59
          O       0.00      0.00      0.00         1
          P       0.69      0.46      0.55        68
          R       0.48      0.46      0.47       102

avg / total       0.55      0.56      0.55       465

[[149   0  10   4   0   8   8]
 [  0   5   0   1   0   0  14]
 [ 19   0  12   0   0   5   0]
 [ 12   1   1  18   0   0  27]
 [  0   0   1   0   0   0   0]
 [ 24   1   5   5   0  31   2]
 [ 22  11   1  20   0   1  47]]

NB
Classification_report:
             precision    recall  f1-score   support

          B       0.51      0.16      0.25       179
          C       0.20      0.15      0.17        20
          G       0.17      0.67      0.27        36
          M       0.25      0.56      0.35        59
          O       0.00      0.00      0.00         1
          P       0.38      0.53      0.44        68
          R       0.24      0.06      0.09       102

avg / total       0.36      0.28      0.25       465

[[29  4 85 32  0 26  3]
 [ 4  3  2  5  0  2  4]
 [ 6  0 24  3  0  1  2]
 [ 2  2  6 33  0 10  6]
 [ 1  0  0  0  0  0  0]
 [ 4  1  3 20  0 36  4]
 [11  5 20 39  0 21  6]]

DT
Classification_report:
             precision    recall  f1-score   support

          B       0.77      0.84      0.80       179
          C       0.41      0.35      0.38        20
          G       0.69      0.50      0.58        36
          M       0.38      0.34      0.36        59
          O       0.00      0.00      0.00         1
          P       0.77      0.68      0.72        68
          R       0.51      0.58      0.54       102

avg / total       0.64      0.65      0.64       465

[[150   0   7   5   0   9   8]
 [  0   7   0   1   0   2  10]
 [ 18   0  18   0   0   0   0]
 [  4   0   0  20   0   2  33]
 [  0   0   0   1   0   0   0]
 [ 11   1   1   3   0  46   6]
 [ 11   9   0  22   0   1  59]]

CRF
Classification_report:
             precision    recall  f1-score   support

          B       0.87      0.96      0.91       179
          C       0.71      0.75      0.73        20
          G       0.81      0.61      0.70        36
          M       0.53      0.44      0.48        59
          O       0.00      0.00      0.00         1
          P       0.84      0.75      0.79        68
          R       0.64      0.69      0.66       102

avg / total       0.76      0.77      0.76       465

CRF 2.0
Classification_report:
             precision    recall  f1-score   support

          B       0.99      1.00      1.00       179
          C       0.50      0.40      0.44        20
          G       1.00      1.00      1.00        36
          M       0.95      0.92      0.93        59
          O       0.00      0.00      0.00         1
          P       0.94      0.91      0.93        68
          R       0.83      0.89      0.86       102

avg / total       0.92      0.92      0.92       465


SVM RBF
Classification_report:
             precision    recall  f1-score   support

          B       0.48      0.85      0.61       256
          C       0.00      0.00      0.00        40
          G       0.00      0.00      0.00        72
          M       0.00      0.00      0.00       104
          O       0.00      0.00      0.00         7
          P       0.00      0.00      0.00       133
          R       0.47      0.79      0.59       219

avg / total       0.27      0.47      0.34       831

[[218   0   0   0   0   4  34]
 [  4   0   0   0   0   0  36]
 [ 57   0   0   0   0   1  14]
 [ 30   0   0   0   0   3  71]
 [  4   0   0   0   0   0   3]
 [ 99   0   0   0   0   0  34]
 [ 41   0   0   0   0   6 172]]

SVM linear
Classification_report:
             precision    recall  f1-score   support

          B       0.58      0.85      0.69       256
          C       0.00      0.00      0.00        40
          G       0.50      0.01      0.03        72
          M       0.00      0.00      0.00       104
          O       0.00      0.00      0.00         7
          P       0.80      0.42      0.55       133
          R       0.47      0.82      0.60       219

avg / total       0.47      0.55      0.46       831

[[218   0   1   1   0   3  33]
 [  4   0   0   0   0   1  35]
 [ 58   0   1   0   0   0  13]
 [ 20   0   0   0   0   2  82]
 [  0   0   0   0   0   5   2]
 [ 42   0   0   0   0  56  35]
 [ 34   0   0   2   0   3 180]]

KNN
Classification_report:
             precision    recall  f1-score   support

          B       0.56      0.76      0.64       256
          C       0.19      0.15      0.17        40
          G       0.33      0.32      0.32        72
          M       0.27      0.22      0.24       104
          O       0.00      0.00      0.00         7
          P       0.66      0.43      0.52       133
          R       0.50      0.48      0.49       219

avg / total       0.48      0.49      0.48       831

[[194   2  19  12   0   9  20]
 [  6   6   1   4   0   3  20]
 [ 39   0  23   3   0   5   2]
 [ 24   4   6  23   0   5  42]
 [  2   1   1   1   0   1   1]
 [ 29   3  10  13   0  57  21]
 [ 53  15  10  29   0   7 105]]

NB
Classification_report:
             precision    recall  f1-score   support

          B       0.47      0.16      0.24       256
          C       0.12      0.33      0.17        40
          G       0.16      0.64      0.25        72
          M       0.26      0.36      0.30       104
          O       0.00      0.00      0.00         7
          P       0.55      0.45      0.49       133
          R       0.32      0.11      0.16       219

avg / total       0.37      0.27      0.26       831

[[ 41  23 124  34   3  22   9]
 [  2  13   9   2   2   4   8]
 [ 14   3  46   4   0   3   2]
 [  9   9  30  37   0   5  14]
 [  1   0   0   0   0   1   5]
 [  8  25   6  19   3  60  12]
 [ 12  38  78  44   8  15  24]]

DT
Classification_report:
             precision    recall  f1-score   support

          B       0.69      0.70      0.69       256
          C       0.40      0.30      0.34        40
          G       0.49      0.47      0.48        72
          M       0.27      0.22      0.24       104
          O       0.00      0.00      0.00         7
          P       0.61      0.59      0.60       133
          R       0.45      0.52      0.48       219

avg / total       0.52      0.53      0.53       831

[[179   4  17  13   0  10  33]
 [  1  12   1   3   0   2  21]
 [ 24   2  34   3   0   0   9]
 [  9   1   7  23   0   9  55]
 [  0   1   1   0   0   3   2]
 [ 17   4   3   8   1  79  21]
 [ 30   6   7  35   0  27 114]]

CRF
Classification_report:
             precision    recall  f1-score   support

          B       0.72      0.81      0.76       256
          C       0.59      0.47      0.53        40
          G       0.62      0.49      0.55        72
          M       0.35      0.28      0.31       104
          O       1.00      0.29      0.44         7
          P       0.72      0.62      0.66       133
          R       0.57      0.67      0.62       219

avg / total       0.62      0.63      0.62       831

CRF 2.0
Classification_report:
             precision    recall  f1-score   support

          B       0.93      0.86      0.90       256
          C       0.63      0.42      0.51        40
          G       0.80      0.74      0.77        72
          M       0.67      0.68      0.68       104
          O       0.00      0.00      0.00         7
          P       0.85      0.77      0.81       133
          R       0.69      0.86      0.76       219

avg / total       0.79      0.79      0.78       831
