SVM RBF
Classification_report:
             precision    recall  f1-score   support
          B       0.57      0.16      0.24        77
          C       0.00      0.00      0.00        20
          G       0.00      0.00      0.00        36
          M       0.00      0.00      0.00        45
          O       0.00      0.00      0.00         6
          P       1.00      0.06      0.12        65
          R       0.34      1.00      0.51       117

avg / total       0.41      0.36      0.24       366

[[ 12   0   0   0   0   0  65]
 [  0   0   0   0   0   0  20]
 [  5   0   0   0   0   0  31]
 [  0   0   0   0   0   0  45]
 [  0   0   0   0   0   0   6]
 [  4   0   0   0   0   4  57]
 [  0   0   0   0   0   0 117]]

SVM linear
Classification_report:
             precision    recall  f1-score   support
          B       0.46      0.55      0.50        77
          C       0.56      0.25      0.34        20
          G       0.50      0.28      0.36        36
          M       0.25      0.22      0.24        45
          O       0.00      0.00      0.00         6
          P       0.70      0.62      0.66        65
          R       0.49      0.62      0.55       117

avg / total       0.49      0.49      0.48       366

[[42  0  7  3  0  6 19]
 [ 2  5  0  2  0  2  9]
 [16  0 10  1  0  0  9]
 [ 6  0  1 10  0  2 26]
 [ 0  1  0  0  0  3  2]
 [ 9  0  1  5  0 40 10]
 [17  3  1 19  0  4 73]]

KNN
Classification_report:
             precision    recall  f1-score   support
          B       0.33      0.57      0.42        77
          C       0.17      0.15      0.16        20
          G       0.38      0.17      0.23        36
          M       0.17      0.18      0.17        45
          O       0.25      0.17      0.20         6
          P       0.51      0.55      0.53        65
          R       0.39      0.26      0.31       117

avg / total       0.36      0.35      0.34       366

[[44  1  3  7  0 14  8]
 [ 2  3  2  3  1  0  9]
 [16  2  6  4  0  3  5]
 [13  3  1  8  0  3 17]
 [ 1  1  0  1  1  1  1]
 [16  1  2  1  2 36  7]
 [42  7  2 23  0 13 30]]

NB
Classification_report:
             precision    recall  f1-score   support
          B       0.49      0.49      0.49        77
          C       0.71      0.25      0.37        20
          G       0.56      0.39      0.46        36
          M       0.42      0.40      0.41        45
          O       0.00      0.00      0.00         6
          P       0.42      0.49      0.45        65
          R       0.55      0.62      0.58       117

avg / total       0.50      0.49      0.49       366

[[38  0  7  0  2 14 16]
 [ 1  5  1  0  0  1 12]
 [14  1 14  0  0  5  2]
 [ 4  0  0 18  0  8 15]
 [ 0  0  0  0  0  0  6]
 [15  0  2  7  1 32  8]
 [ 6  1  1 18  3 16 72]]

DT
Classification_report:
             precision    recall  f1-score   support
          B       0.40      0.44      0.42        77
          C       0.07      0.05      0.06        20
          G       0.16      0.14      0.15        36
          M       0.11      0.11      0.11        45
          O       0.00      0.00      0.00         6
          P       0.52      0.51      0.51        65
          R       0.49      0.50      0.49       117

avg / total       0.36      0.37      0.37       366

[[34  2  7 11  0 10 13]
 [ 5  1  3  2  0  1  8]
 [12  2  5  5  1  1 10]
 [11  2  3  5  0  4 20]
 [ 0  0  0  0  0  4  2]
 [10  1  4  5  5 33  7]
 [14  6 10 18  0 11 58]]

CRF
Classification_report:
             precision    recall  f1-score   support
          B      1.000     1.000     1.000        77
          C      0.769     1.000     0.870        20
          G      1.000     1.000     1.000        36
          M      1.000     1.000     1.000        45
          O      0.000     0.000     0.000         6
          P      1.000     1.000     1.000        65
          R      1.000     1.000     1.000       117

avg / total      0.971     0.984     0.976       366
