SVM RBF
Classification_report:
             precision    recall  f1-score   support
          B       0.60      0.27      0.37        77
          C       0.00      0.00      0.00        20
          G       0.00      0.00      0.00        36
          M       0.00      0.00      0.00        45
          O       0.00      0.00      0.00         6
          P       0.75      0.09      0.16        65
          R       0.35      0.97      0.51       117

avg / total       0.37      0.38      0.27       366

[[ 21   0   0   0   0   0  56]
 [  0   0   0   0   0   1  19]
 [  7   0   0   0   0   0  29]
 [  0   0   0   0   0   0  45]
 [  0   0   0   0   0   0   6]
 [  4   0   0   0   0   6  55]
 [  3   0   0   0   0   1 113]]

SVM linear
Classification_report:
             precision    recall  f1-score   support
          B       0.47      0.51      0.49        77
          C       0.39      0.35      0.37        20
          G       0.44      0.39      0.41        36
          M       0.24      0.29      0.26        45
          O       1.00      0.17      0.29         6
          P       0.57      0.54      0.56        65
          R       0.50      0.50      0.50       117

avg / total       0.47      0.46      0.46       366

[[39  1 11  5  0 12  9]
 [ 1  7  0  3  0  2  7]
 [14  0 14  1  0  0  7]
 [ 5  0  1 13  0  3 23]
 [ 0  1  0  0  1  2  2]
 [ 9  2  3  6  0 35 10]
 [15  7  3 26  0  7 59]]

KNN
Classification_report:
             precision    recall  f1-score   support
          B       0.35      0.49      0.41        77
          C       0.32      0.30      0.31        20
          G       0.38      0.22      0.28        36
          M       0.17      0.16      0.16        45
          O       0.20      0.17      0.18         6
          P       0.38      0.38      0.38        65
          R       0.46      0.40      0.43       117

avg / total       0.36      0.36      0.36       366

[[38  4  4  4  0 17 10]
 [ 3  6  1  2  0  0  8]
 [11  1  8  5  0  4  7]
 [10  1  1  7  0  5 21]
 [ 0  1  0  0  1  3  1]
 [18  1  3  6  3 25  9]
 [30  5  4 18  1 12 47]]

NB
Classification_report:
             precision    recall  f1-score   support
          B       0.49      0.49      0.49        77
          C       0.71      0.25      0.37        20
          G       0.56      0.39      0.46        36
          M       0.42      0.40      0.41        45
          O       0.00      0.00      0.00         6
          P       0.42      0.49      0.45        65
          R       0.55      0.62      0.58       117

avg / total       0.50      0.49      0.49       366

[[38  0  7  0  2 14 16]
 [ 1  5  1  0  0  1 12]
 [14  1 14  0  0  5  2]
 [ 4  0  0 18  0  8 15]
 [ 0  0  0  0  0  0  6]
 [15  0  2  7  1 32  8]
 [ 6  1  1 18  3 16 72]]

DT
Classification_report:
             precision    recall  f1-score   support
          B       0.43      0.42      0.42        77
          C       0.17      0.20      0.19        20
          G       0.11      0.11      0.11        36
          M       0.07      0.07      0.07        45
          O       0.00      0.00      0.00         6
          P       0.64      0.63      0.64        65
          R       0.43      0.44      0.44       117

avg / total       0.37      0.37      0.37       366

[[32  3 14  6  0 10 12]
 [ 5  4  1  2  0  0  8]
 [ 9  1  4  6  1  2 13]
 [ 6  2  5  3  1  2 26]
 [ 1  0  0  0  0  4  1]
 [ 7  0  3  3  2 41  9]
 [14 13  9 23  1  5 52]]
