SVM RBF
Classification_report:
             precision    recall  f1-score   support
          B       0.43      0.97      0.60       179
          C       0.00      0.00      0.00        20
          G       0.00      0.00      0.00        36
          M       0.00      0.00      0.00        59
          O       0.00      0.00      0.00         1
          P       0.00      0.00      0.00        68
          R       0.41      0.25      0.31       103

avg / total       0.26      0.43      0.30       466

[[173   0   0   0   0   0   6]
 [ 11   0   0   0   0   0   9]
 [ 36   0   0   0   0   0   0]
 [ 44   0   0   0   0   0  15]
 [  1   0   0   0   0   0   0]
 [ 60   0   0   0   0   0   8]
 [ 77   0   0   0   0   0  26]]

SVM linear
Classification_report:
             precision    recall  f1-score   support
          B       0.58      0.67      0.62       179
          C       0.23      0.15      0.18        20
          G       0.19      0.14      0.16        36
          M       0.33      0.32      0.32        59
          O       0.00      0.00      0.00         1
          P       0.56      0.56      0.56        68
          R       0.44      0.41      0.42       103

avg / total       0.47      0.49      0.48       466

[[120   2  18  15   0   7  17]
 [  3   3   0   1   0   4   9]
 [ 28   1   5   0   0   0   2]
 [ 15   3   0  19   0   6  16]
 [  0   0   0   0   0   1   0]
 [ 15   1   1   4   0  38   9]
 [ 25   3   2  19   0  12  42]]

KNN
Classification_report:
             precision    recall  f1-score   support
          B       0.48      0.64      0.55       179
          C       0.17      0.20      0.19        20
          G       0.05      0.03      0.03        36
          M       0.16      0.14      0.15        59
          O       0.00      0.00      0.00         1
          P       0.38      0.43      0.40        68
          R       0.33      0.19      0.25       103

avg / total       0.35      0.38      0.35       466

[[114   4   9  12   0  23  17]
 [  6   4   0   2   0   2   6]
 [ 26   0   1   2   0   5   2]
 [ 27   3   4   8   0   7  10]
 [  1   0   0   0   0   0   0]
 [ 21   3   4   6   0  29   5]
 [ 41   9   4  19   0  10  20]]

NB
Classification_report:
             precision    recall  f1-score   support
          B       0.57      0.50      0.53       179
          C       0.00      0.00      0.00        20
          G       0.17      0.11      0.14        36
          M       0.32      0.39      0.35        59
          O       0.00      0.00      0.00         1
          P       0.39      0.53      0.45        68
          R       0.45      0.48      0.46       103

avg / total       0.43      0.43      0.43       466

[[89  5 18 21  0 29 17]
 [ 8  0  0  5  0  1  6]
 [18  2  4  2  0  4  6]
 [ 9  1  0 23  0  9 17]
 [ 1  0  0  0  0  0  0]
 [13  2  0  4  0 36 13]
 [17  4  1 18  0 14 49]]

DT
Classification_report:
             precision    recall  f1-score   support
          B       0.48      0.46      0.47       179
          C       0.07      0.10      0.08        20
          G       0.24      0.22      0.23        36
          M       0.17      0.15      0.16        59
          O       0.00      0.00      0.00         1
          P       0.39      0.35      0.37        68
          R       0.16      0.18      0.17       103

avg / total       0.32      0.31      0.31       466

[[82  7 13 19  0 13 45]
 [ 4  2  0  1  0  4  9]
 [10  5  8  2  0  4  7]
 [14  2  5  9  0  6 23]
 [ 0  0  0  0  0  1  0]
 [12  7  3  7  0 24 15]
 [48  6  5 15  0 10 19]]
