SVM RBF
Classification_report:
             precision    recall  f1-score   support
          B       0.43      0.96      0.60       179
          C       0.00      0.00      0.00        20
          G       0.00      0.00      0.00        36
          M       0.00      0.00      0.00        59
          O       0.00      0.00      0.00         1
          P       0.00      0.00      0.00        68
          R       0.41      0.28      0.34       103

avg / total       0.26      0.43      0.30       466

[[172   0   0   0   0   0   7]
 [ 11   0   0   0   0   0   9]
 [ 36   0   0   0   0   0   0]
 [ 42   0   0   0   0   0  17]
 [  1   0   0   0   0   0   0]
 [ 60   0   0   0   0   0   8]
 [ 74   0   0   0   0   0  29]]

SVM linear
Classification_report:
             precision    recall  f1-score   support
          B       0.50      0.54      0.52       179
          C       0.14      0.15      0.15        20
          G       0.26      0.25      0.26        36
          M       0.25      0.25      0.25        59
          O       0.00      0.00      0.00         1
          P       0.54      0.53      0.53        68
          R       0.36      0.31      0.33       103

avg / total       0.41      0.41      0.41       466

[[97  4 23 20  0 10 25]
 [ 6  3  0  2  0  4  5]
 [24  1  9  0  0  0  2]
 [19  4  0 15  0  6 15]
 [ 0  0  0  0  0  1  0]
 [15  2  0  4  0 36 11]
 [34  7  2 18  0 10 32]]

KNN
Classification_report:
             precision    recall  f1-score   support
          B       0.48      0.63      0.54       179
          C       0.15      0.25      0.19        20
          G       0.11      0.06      0.07        36
          M       0.26      0.19      0.22        59
          O       0.00      0.00      0.00         1
          P       0.35      0.40      0.37        68
          R       0.39      0.21      0.27       103

avg / total       0.37      0.39      0.37       466

[[113   8   8  10   0  25  15]
 [ 10   5   0   2   0   2   1]
 [ 28   0   2   1   0   4   1]
 [ 25   3   1  11   0   8  11]
 [  1   0   0   0   0   0   0]
 [ 21   8   2   3   0  27   7]
 [ 38  10   6  16   0  11  22]]

NB
Classification_report:
             precision    recall  f1-score   support
          B       0.57      0.49      0.53       179
          C       0.00      0.00      0.00        20
          G       0.18      0.11      0.14        36
          M       0.32      0.39      0.35        59
          O       0.00      0.00      0.00         1
          P       0.39      0.53      0.45        68
          R       0.45      0.48      0.46       103

avg / total       0.43      0.43      0.43       466

[[88  5 18 21  0 29 18]
 [ 8  0  0  5  0  1  6]
 [18  2  4  2  0  4  6]
 [ 9  1  0 23  0  9 17]
 [ 1  0  0  0  0  0  0]
 [13  2  0  4  0 36 13]
 [17  5  0 18  0 14 49]]

DT
Classification_report:
             precision    recall  f1-score   support
          B       0.48      0.42      0.45       179
          C       0.05      0.05      0.05        20
          G       0.10      0.14      0.12        36
          M       0.15      0.19      0.17        59
          O       0.00      0.00      0.00         1
          P       0.45      0.46      0.45        68
          R       0.16      0.15      0.15       103

avg / total       0.31      0.30      0.30       466

[[76  8 20 25  0 15 35]
 [ 5  1  2  2  0  2  8]
 [16  1  5  6  0  4  4]
 [16  2  6 11  0  6 18]
 [ 0  0  1  0  0  0  0]
 [12  3  2  6  0 31 14]
 [34  7 13 23  0 11 15]]
