SVM RBF
Classification_report:
             precision    recall  f1-score   support
          B       0.43      0.97      0.60       179
          C       0.00      0.00      0.00        20
          G       0.00      0.00      0.00        36
          M       0.00      0.00      0.00        59
          O       0.00      0.00      0.00         1
          P       0.00      0.00      0.00        68
          R       0.39      0.25      0.31       103

avg / total       0.25      0.43      0.30       466

[[173   0   0   0   0   0   6]
 [ 11   0   0   0   0   0   9]
 [ 36   0   0   0   0   0   0]
 [ 43   0   0   0   0   0  16]
 [  1   0   0   0   0   0   0]
 [ 58   0   0   0   0   0  10]
 [ 77   0   0   0   0   0  26]]

SVM linear
Classification_report:
             precision    recall  f1-score   support
          B       0.57      0.63      0.59       179
          C       0.25      0.20      0.22        20
          G       0.23      0.19      0.21        36
          M       0.26      0.27      0.27        59
          O       0.00      0.00      0.00         1
          P       0.49      0.49      0.49        68
          R       0.40      0.36      0.38       103

avg / total       0.44      0.45      0.44       466

[[112   3  16  18   0  12  18]
 [  5   4   1   2   0   3   5]
 [ 26   1   7   0   0   0   2]
 [ 15   3   1  16   0   6  18]
 [  0   0   0   0   0   1   0]
 [ 15   2   1   5   0  33  12]
 [ 25   3   5  20   0  13  37]]

KNN
Classification_report:
             precision    recall  f1-score   support
          B       0.48      0.63      0.55       179
          C       0.12      0.15      0.14        20
          G       0.10      0.06      0.07        36
          M       0.17      0.15      0.16        59
          O       0.00      0.00      0.00         1
          P       0.37      0.40      0.38        68
          R       0.36      0.21      0.27       103

avg / total       0.35      0.38      0.36       466

[[113   6   9  14   0  23  14]
 [ 10   3   0   1   0   1   5]
 [ 25   0   2   2   0   6   1]
 [ 26   3   5   9   0   5  11]
 [  1   0   0   0   0   0   0]
 [ 22   4   1   6   0  27   8]
 [ 36   8   4  22   0  11  22]]

NB
Classification_report:
             precision    recall  f1-score   support
          B       0.57      0.50      0.53       179
          C       0.00      0.00      0.00        20
          G       0.17      0.11      0.14        36
          M       0.32      0.39      0.35        59
          O       0.00      0.00      0.00         1
          P       0.39      0.53      0.45        68
          R       0.45      0.48      0.46       103

avg / total       0.43      0.43      0.43       466

[[89  5 18 21  0 29 17]
 [ 8  0  0  5  0  1  6]
 [18  2  4  2  0  4  6]
 [ 9  1  0 23  0  9 17]
 [ 1  0  0  0  0  0  0]
 [13  2  0  4  0 36 13]
 [17  4  1 18  0 14 49]]

DT
Classification_report:
             precision    recall  f1-score   support
          B       0.50      0.49      0.50       179
          C       0.09      0.10      0.09        20
          G       0.06      0.06      0.06        36
          M       0.19      0.17      0.18        59
          O       0.00      0.00      0.00         1
          P       0.40      0.40      0.40        68
          R       0.20      0.21      0.21       103

avg / total       0.33      0.32      0.33       466

[[88  7 11 16  1 15 41]
 [ 5  2  3  1  0  3  6]
 [20  0  2  4  0  4  6]
 [11  5  3 10  3  7 20]
 [ 0  0  0  0  0  1  0]
 [14  2  2  7  0 27 16]
 [38  7 11 15  0 10 22]]
