SVM RBF
Classification_report:
             precision    recall  f1-score   support
          B       0.43      0.96      0.60       179
          C       0.00      0.00      0.00        20
          G       0.00      0.00      0.00        36
          M       0.00      0.00      0.00        59
          O       0.00      0.00      0.00         1
          P       0.00      0.00      0.00        68
          R       0.40      0.26      0.32       103

avg / total       0.25      0.43      0.30       466

[[172   0   0   0   0   0   7]
 [ 11   0   0   0   0   0   9]
 [ 35   0   0   0   0   0   1]
 [ 44   0   0   0   0   0  15]
 [  1   0   0   0   0   0   0]
 [ 60   0   0   0   0   0   8]
 [ 76   0   0   0   0   0  27]]

SVM linear
Classification_report:
             precision    recall  f1-score   support
          B       0.53      0.64      0.58       179
          C       0.15      0.15      0.15        20
          G       0.29      0.25      0.27        36
          M       0.21      0.14      0.16        59
          O       0.00      0.00      0.00         1
          P       0.42      0.37      0.39        68
          R       0.36      0.34      0.35       103

avg / total       0.40      0.42      0.40       466

[[115   4  19   9   0  11  21]
 [  5   3   0   0   0   3   9]
 [ 24   0   9   1   0   1   1]
 [ 19   2   0   8   0   8  22]
 [  0   0   0   0   0   1   0]
 [ 25   2   1   5   0  25  10]
 [ 31   9   2  16   0  10  35]]

KNN
Classification_report:
             precision    recall  f1-score   support
          B       0.44      0.70      0.54       179
          C       0.11      0.10      0.11        20
          G       0.17      0.11      0.13        36
          M       0.26      0.14      0.18        59
          O       0.00      0.00      0.00         1
          P       0.35      0.25      0.29        68
          R       0.25      0.15      0.18       103

avg / total       0.33      0.37      0.33       466

[[126   4  16   8   0  13  12]
 [  9   2   0   1   0   1   7]
 [ 24   1   4   1   0   4   2]
 [ 33   0   1   8   0   2  15]
 [  1   0   0   0   0   0   0]
 [ 36   4   1   1   0  17   9]
 [ 55   7   2  12   0  12  15]]

NB
Classification_report:
             precision    recall  f1-score   support
          B       0.57      0.49      0.53       179
          C       0.00      0.00      0.00        20
          G       0.18      0.11      0.14        36
          M       0.32      0.39      0.35        59
          O       0.00      0.00      0.00         1
          P       0.39      0.53      0.45        68
          R       0.45      0.48      0.46       103

avg / total       0.43      0.43      0.43       466

[[88  5 18 21  0 29 18]
 [ 8  0  0  5  0  1  6]
 [18  2  4  2  0  4  6]
 [ 9  1  0 23  0  9 17]
 [ 1  0  0  0  0  0  0]
 [13  2  0  4  0 36 13]
 [17  5  0 18  0 14 49]]

DT
Classification_report:
             precision    recall  f1-score   support
          B       0.51      0.54      0.52       179
          C       0.14      0.15      0.14        20
          G       0.14      0.11      0.12        36
          M       0.19      0.17      0.18        59
          O       0.00      0.00      0.00         1
          P       0.63      0.50      0.56        68
          R       0.31      0.35      0.33       103

avg / total       0.40      0.39      0.39       466

[[97  7 16 16  0  7 36]
 [ 7  3  0  3  0  3  4]
 [21  2  4  0  0  0  9]
 [21  5  1 10  1  2 19]
 [ 0  0  0  1  0  0  0]
 [12  4  0  5  0 34 13]
 [33  1  7 18  0  8 36]]

