SVM RBF
Classification_report:
             precision    recall  f1-score   support
          B       0.43      0.96      0.59       179
          C       0.00      0.00      0.00        20
          G       0.00      0.00      0.00        36
          M       0.00      0.00      0.00        59
          O       0.00      0.00      0.00         1
          P       0.00      0.00      0.00        68
          R       0.42      0.26      0.32       103

avg / total       0.26      0.43      0.30       466

[[172   0   0   0   0   0   7]
 [ 11   0   0   0   0   0   9]
 [ 36   0   0   0   0   0   0]
 [ 44   0   0   0   0   0  15]
 [  1   0   0   0   0   0   0]
 [ 61   0   0   0   0   0   7]
 [ 76   0   0   0   0   0  27]]

SVM linear
Classification_report:
             precision    recall  f1-score   support
          B       0.51      0.58      0.54       179
          C       0.12      0.10      0.11        20
          G       0.22      0.19      0.21        36
          M       0.21      0.22      0.21        59
          O       0.00      0.00      0.00         1
          P       0.44      0.43      0.43        68
          R       0.34      0.28      0.31       103

avg / total       0.38      0.39      0.39       466

[[104   3  19  21   0  13  19]
 [  2   2   1   2   0   4   9]
 [ 22   1   7   1   0   1   4]
 [ 16   4   3  13   0   7  16]
 [  0   0   0   0   0   1   0]
 [ 20   2   1   8   0  29   8]
 [ 39   5   1  18   0  11  29]]

KNN
Classification_report:
             precision    recall  f1-score   support
          B       0.45      0.69      0.55       179
          C       0.12      0.15      0.14        20
          G       0.06      0.03      0.04        36
          M       0.24      0.15      0.19        59
          O       0.00      0.00      0.00         1
          P       0.29      0.25      0.27        68
          R       0.25      0.14      0.18       103

avg / total       0.31      0.36      0.32       466

[[124   5   8   8   0  23  11]
 [ 13   3   0   1   0   0   3]
 [ 28   2   1   0   0   4   1]
 [ 28   1   2   9   0   1  18]
 [  1   0   0   0   0   0   0]
 [ 33   4   3   3   0  17   8]
 [ 47   9   3  16   0  14  14]]

NB
Classification_report:
             precision    recall  f1-score   support
          B       0.57      0.49      0.53       179
          C       0.00      0.00      0.00        20
          G       0.18      0.11      0.14        36
          M       0.32      0.39      0.35        59
          O       0.00      0.00      0.00         1
          P       0.39      0.53      0.45        68
          R       0.45      0.48      0.46       103

avg / total       0.43      0.43      0.43       466

[[88  5 18 21  0 29 18]
 [ 8  0  0  5  0  1  6]
 [18  2  4  2  0  4  6]
 [ 9  1  0 23  0  9 17]
 [ 1  0  0  0  0  0  0]
 [13  2  0  4  0 36 13]
 [17  5  0 18  0 14 49]]

DT
Classification_report:
             precision    recall  f1-score   support
          B       0.52      0.58      0.55       179
          C       0.29      0.25      0.27        20
          G       0.16      0.17      0.16        36
          M       0.27      0.25      0.26        59
          O       0.00      0.00      0.00         1
          P       0.66      0.60      0.63        68
          R       0.35      0.31      0.33       103

avg / total       0.43      0.44      0.43       466

[[104   1  16  18   0   7  33]
 [  8   5   0   1   0   2   4]
 [ 24   0   6   1   0   0   5]
 [ 18   2   5  15   0   7  12]
 [  1   0   0   0   0   0   0]
 [ 12   3   3   3   0  41   6]
 [ 34   6   8  18   0   5  32]]
