SVM RBF
Classification_report:
             precision    recall  f1-score   support
          B       0.44      0.85      0.58       256
          C       0.00      0.00      0.00        40
          G       0.00      0.00      0.00        72
          M       0.00      0.00      0.00       104
          O       0.00      0.00      0.00         7
          P       0.73      0.20      0.32       133
          R       0.46      0.63      0.53       220

avg / total       0.37      0.46      0.37       832

[[218   0   0   0   0   1  37]
 [  9   0   0   0   0   4  27]
 [ 64   0   0   0   0   0   8]
 [ 46   0   0   0   0   1  57]
 [  1   0   0   0   0   1   5]
 [ 74   0   0   0   0  27  32]
 [ 78   0   0   0   0   3 139]]

SVM linear
Classification_report:
             precision    recall  f1-score   support
          B       0.50      0.55      0.52       256
          C       0.23      0.25      0.24        40
          G       0.34      0.33      0.34        72
          M       0.26      0.30      0.28       104
          O       0.00      0.00      0.00         7
          P       0.60      0.53      0.56       133
          R       0.43      0.38      0.40       220

avg / total       0.44      0.43      0.43       832

[[142   8  36  20   0  14  36]
 [  6  10   2   4   0   7  11]
 [ 36   2  24   3   0   0   7]
 [ 25   5   0  31   0   5  38]
 [  0   1   0   0   0   4   2]
 [ 25   6   3  12   0  70  17]
 [ 51  12   5  49   3  17  83]]

KNN
Classification_report:
             precision    recall  f1-score   support
          B       0.42      0.56      0.48       256
          C       0.16      0.15      0.16        40
          G       0.18      0.11      0.14        72
          M       0.24      0.23      0.24       104
          O       0.00      0.00      0.00         7
          P       0.37      0.39      0.38       133
          R       0.41      0.30      0.35       220

avg / total       0.35      0.36      0.35       832

[[144   9  12  24   0  38  29]
 [ 13   6   1   4   0   3  13]
 [ 49   1   8   4   0   5   5]
 [ 25   1   6  24   0  13  35]
 [  2   1   0   0   0   1   3]
 [ 46   6   5  11   2  52  11]
 [ 67  13  13  32   0  28  67]]

NB
Classification_report:
             precision    recall  f1-score   support
          B       0.51      0.34      0.41       256
          C       0.09      0.07      0.08        40
          G       0.32      0.33      0.33        72
          M       0.35      0.53      0.42       104
          O       0.00      0.00      0.00         7
          P       0.36      0.47      0.41       133
          R       0.46      0.44      0.45       220

avg / total       0.41      0.40      0.40       832

[[88 10 40 29  6 52 31]
 [10  3  3  3  0  6 15]
 [28  1 24  3  0  6 10]
 [ 8  4  1 55  0 11 25]
 [ 2  0  0  0  0  0  5]
 [20  5  1 16  3 62 26]
 [17 11  6 51  4 34 97]]

DT
Classification_report:
             precision    recall  f1-score   support
          B       0.46      0.46      0.46       256
          C       0.04      0.05      0.04        40
          G       0.15      0.17      0.16        72
          M       0.13      0.12      0.12       104
          O       0.00      0.00      0.00         7
          P       0.56      0.57      0.57       133
          R       0.33      0.32      0.33       220

avg / total       0.35      0.35      0.35       832

[[119  12  30  25   1  15  54]
 [  7   2   8   3   0   7  13]
 [ 30   6  12  10   0   0  14]
 [ 31   9   7  12   0   8  37]
 [  0   1   1   0   0   4   1]
 [ 18   6   8   3   1  76  21]
 [ 55  19  14  37   0  25  70]]

CRF
Classification_report:
             precision    recall  f1-score   support
          B      1.000     1.000     1.000       256
          C      0.952     1.000     0.976        40
          G      1.000     1.000     1.000        72
          M      1.000     1.000     1.000       104
          O      1.000     0.714     0.833         7
          P      1.000     1.000     1.000       133
          R      1.000     1.000     1.000       220

avg / total      0.998     0.998     0.997       832
