SVM RBF
Classification_report:
             precision    recall  f1-score   support
          B       0.44      0.86      0.58       256
          C       0.00      0.00      0.00        40
          G       0.00      0.00      0.00        72
          M       0.00      0.00      0.00       104
          O       0.00      0.00      0.00         7
          P       0.87      0.29      0.44       133
          R       0.45      0.60      0.51       220

avg / total       0.39      0.47      0.38       832

[[219   0   0   0   0   2  35]
 [ 11   0   0   0   0   2  27]
 [ 65   0   0   0   0   0   7]
 [ 42   0   0   0   0   0  62]
 [  1   0   0   0   0   1   5]
 [ 69   0   0   0   0  39  25]
 [ 88   0   0   0   0   1 131]]

SVM linear
Classification_report:
             precision    recall  f1-score   support
          B       0.53      0.64      0.58       256
          C       0.30      0.30      0.30        40
          G       0.47      0.32      0.38        72
          M       0.33      0.28      0.30       104
          O       0.00      0.00      0.00         7
          P       0.66      0.62      0.64       133
          R       0.48      0.48      0.48       220

avg / total       0.49      0.50      0.49       832

[[163   6  23  19   0  11  34]
 [  7  12   1   0   0   5  15]
 [ 39   1  23   0   0   1   8]
 [ 25   4   1  29   0   5  40]
 [  0   1   0   0   0   3   3]
 [ 25   3   1   8   0  82  14]
 [ 51  13   0  32   1  17 106]]

KNN
Classification_report:
             precision    recall  f1-score   support
          B       0.39      0.50      0.44       256
          C       0.18      0.15      0.16        40
          G       0.20      0.10      0.13        72
          M       0.16      0.21      0.18       104
          O       0.00      0.00      0.00         7
          P       0.38      0.46      0.42       133
          R       0.32      0.20      0.25       220

avg / total       0.31      0.32      0.31       832

[[129   7  11  33   1  42  33]
 [ 15   6   2   4   0   2  11]
 [ 44   2   7   5   0   9   5]
 [ 30   2   4  22   0  14  32]
 [  1   0   0   2   0   2   2]
 [ 35   4   4  17   1  61  11]
 [ 75  13   7  51   0  30  44]]

NB
Classification_report:
             precision    recall  f1-score   support
          B       0.51      0.34      0.41       256
          C       0.09      0.07      0.08        40
          G       0.32      0.33      0.33        72
          M       0.35      0.53      0.42       104
          O       0.00      0.00      0.00         7
          P       0.36      0.47      0.41       133
          R       0.46      0.44      0.45       220

avg / total       0.41      0.40      0.40       832

[[88 10 40 30  6 51 31]
 [10  3  3  3  0  6 15]
 [28  1 24  3  0  6 10]
 [ 8  4  1 55  0 11 25]
 [ 2  0  0  0  0  0  5]
 [20  5  1 16  3 62 26]
 [17 11  6 50  3 36 97]]

DT
Classification_report:
             precision    recall  f1-score   support
          B       0.42      0.47      0.44       256
          C       0.04      0.05      0.05        40
          G       0.12      0.12      0.12        72
          M       0.21      0.15      0.18       104
          O       0.10      0.14      0.12         7
          P       0.56      0.53      0.54       133
          R       0.32      0.30      0.31       220

avg / total       0.34      0.34      0.34       832

[[121  12  32  22   0  14  55]
 [ 14   2   4   2   0   5  13]
 [ 35   1   9   6   1   4  16]
 [ 24   5   8  16   1  10  40]
 [  1   0   0   0   1   2   3]
 [ 23   8   5   4   5  70  18]
 [ 70  19  15  28   2  19  67]]

CRF
Classification_report:
             precision    recall  f1-score   support
          B      1.000     0.992     0.996       256
          C      0.976     1.000     0.988        40
          G      1.000     1.000     1.000        72
          M      1.000     1.000     1.000       104
          O      1.000     1.000     1.000         7
          P      1.000     1.000     1.000       133
          R      0.995     1.000     0.998       220

avg / total      0.998     0.998     0.998       832
