SVM RBF
Classification_report:
             precision    recall  f1-score   support
          B       0.46      0.86      0.60       256
          C       0.00      0.00      0.00        40
          G       0.00      0.00      0.00        72
          M       0.00      0.00      0.00       104
          O       0.00      0.00      0.00         7
          P       0.84      0.32      0.47       133
          R       0.45      0.62      0.52       220

avg / total       0.40      0.48      0.40       832

[[220   0   0   0   0   2  34]
 [ 10   0   0   0   0   3  27]
 [ 62   0   0   0   0   0  10]
 [ 44   0   0   0   0   0  60]
 [  1   0   0   0   0   1   5]
 [ 61   0   0   0   0  43  29]
 [ 82   0   0   0   0   2 136]]

SVM linear
Classification_report:
             precision    recall  f1-score   support
          B       0.52      0.59      0.55       256
          C       0.25      0.20      0.22        40
          G       0.39      0.33      0.36        72
          M       0.33      0.33      0.33       104
          O       0.00      0.00      0.00         7
          P       0.67      0.62      0.65       133
          R       0.44      0.44      0.44       220

avg / total       0.47      0.48      0.47       832

[[150   4  29  21   0  10  42]
 [ 12   8   1   2   0   3  14]
 [ 36   1  24   0   0   0  11]
 [ 20   4   2  34   0   6  38]
 [  0   1   0   0   0   3   3]
 [ 20   4   2   7   0  83  17]
 [ 51  10   3  39   1  19  97]]

KNN
Classification_report:
             precision    recall  f1-score   support
          B       0.39      0.52      0.44       256
          C       0.17      0.15      0.16        40
          G       0.22      0.11      0.15        72
          M       0.20      0.24      0.22       104
          O       0.00      0.00      0.00         7
          P       0.37      0.40      0.38       133
          R       0.31      0.20      0.24       220

avg / total       0.31      0.32      0.31       832

[[132   9   7  31   0  46  31]
 [ 12   6   3   5   0   2  12]
 [ 43   1   8   6   0   6   8]
 [ 30   1   3  25   0  11  34]
 [  1   1   0   2   0   1   2]
 [ 43   5   7  10   2  53  13]
 [ 81  12   8  48   1  26  44]]

NB
Classification_report:
             precision    recall  f1-score   support
          B       0.51      0.34      0.41       256
          C       0.09      0.07      0.08        40
          G       0.32      0.33      0.33        72
          M       0.35      0.53      0.42       104
          O       0.00      0.00      0.00         7
          P       0.36      0.47      0.41       133
          R       0.46      0.44      0.45       220

avg / total       0.41      0.40      0.40       832

[[88 10 40 30  6 51 31]
 [10  3  3  3  0  6 15]
 [28  1 24  3  0  6 10]
 [ 8  4  1 55  0 11 25]
 [ 2  0  0  0  0  0  5]
 [20  5  1 16  3 62 26]
 [17 12  6 50  3 35 97]]

DT
Classification_report:
             precision    recall  f1-score   support
          B       0.43      0.43      0.43       256
          C       0.11      0.12      0.11        40
          G       0.17      0.17      0.17        72
          M       0.17      0.18      0.17       104
          O       0.11      0.14      0.12         7
          P       0.57      0.54      0.56       133
          R       0.31      0.30      0.30       220

avg / total       0.35      0.34      0.34       832

[[109   4  20  32   1  18  72]
 [  9   5   4   9   1   4   8]
 [ 32   4  12   9   0   1  14]
 [ 21   7  11  19   2   8  36]
 [  0   2   0   1   1   2   1]
 [ 18  14   3   7   2  72  17]
 [ 62  11  21  38   2  21  65]]

