SVM RBF
Classification_report:
             precision    recall  f1-score   support
          B       0.42      0.84      0.56       256
          C       0.00      0.00      0.00        40
          G       0.00      0.00      0.00        72
          M       0.00      0.00      0.00       104
          O       0.00      0.00      0.00         7
          P       0.79      0.11      0.20       133
          R       0.42      0.58      0.49       220

avg / total       0.37      0.43      0.33       832

[[214   0   0   0   0   0  42]
 [  9   0   0   0   0   2  29]
 [ 65   0   0   0   0   0   7]
 [ 47   0   0   0   0   0  57]
 [  1   0   0   0   0   0   6]
 [ 85   0   0   0   0  15  33]
 [ 91   0   0   0   0   2 127]]

SVM linear
Classification_report:
             precision    recall  f1-score   support
          B       0.47      0.56      0.51       256
          C       0.20      0.25      0.22        40
          G       0.33      0.26      0.29        72
          M       0.27      0.26      0.26       104
          O       0.33      0.29      0.31         7
          P       0.53      0.52      0.52       133
          R       0.41      0.34      0.37       220

avg / total       0.41      0.41      0.41       832

[[143  13  27  23   1  17  32]
 [  9  10   1   1   0   5  14]
 [ 41   1  19   2   0   5   4]
 [ 21   4   2  27   0  10  40]
 [  1   0   0   0   2   2   2]
 [ 28   3   5  11   1  69  16]
 [ 62  19   3  37   2  22  75]]

KNN
Classification_report:
             precision    recall  f1-score   support
          B       0.41      0.61      0.49       256
          C       0.24      0.23      0.23        40
          G       0.11      0.08      0.09        72
          M       0.19      0.16      0.18       104
          O       0.00      0.00      0.00         7
          P       0.41      0.35      0.38       133
          R       0.38      0.26      0.31       220

avg / total       0.34      0.35      0.33       832

[[157   8  19  20   0  28  24]
 [ 14   9   1   4   0   1  11]
 [ 49   2   6   3   0   5   7]
 [ 41   1   5  17   0   8  32]
 [  1   1   0   1   0   0   4]
 [ 44   4   9  12   0  47  17]
 [ 79  12  16  31   0  25  57]]

NB
Classification_report:
             precision    recall  f1-score   support
          B       0.51      0.34      0.41       256
          C       0.09      0.07      0.08        40
          G       0.32      0.33      0.33        72
          M       0.35      0.53      0.42       104
          O       0.00      0.00      0.00         7
          P       0.36      0.47      0.41       133
          R       0.46      0.44      0.45       220

avg / total       0.41      0.40      0.40       832

[[88 10 40 29  6 52 31]
 [10  3  3  3  0  6 15]
 [28  1 24  3  0  6 10]
 [ 8  4  1 55  0 11 25]
 [ 2  0  0  0  0  0  5]
 [20  5  1 16  3 62 26]
 [17 11  6 51  4 34 97]]

DT
Classification_report:
             precision    recall  f1-score   support
          B       0.49      0.52      0.50       256
          C       0.07      0.07      0.07        40
          G       0.22      0.19      0.21        72
          M       0.15      0.14      0.15       104
          O       0.17      0.14      0.15         7
          P       0.55      0.54      0.55       133
          R       0.40      0.40      0.40       220

avg / total       0.39      0.39      0.39       832

[[132  10  27  25   1  18  43]
 [  9   3   3   8   0   5  12]
 [ 30   6  14   6   1   1  14]
 [ 24   9   6  15   0  11  39]
 [  0   0   1   1   1   3   1]
 [ 20   5   1  10   1  72  24]
 [ 53  13  12  33   2  20  87]]

