Reading  corpus/output366.json
SVM RBF
Classification_report:
             precision    recall  f1-score   support

          B       0.47      0.52      0.49        77
          C       0.50      0.05      0.09        20
          G       0.36      0.14      0.20        36
          M       0.35      0.18      0.24        45
          O       0.00      0.00      0.00         6
          P       0.57      0.63      0.60        65
          R       0.45      0.64      0.53       117

avg / total       0.45      0.46      0.43       366

[[40  0  5  2  0  9 21]
 [ 2  1  1  0  0  1 15]
 [14  0  5  0  0  5 12]
 [ 3  0  0  8  0  4 30]
 [ 0  0  0  0  0  3  3]
 [ 9  0  1  2  0 41 12]
 [18  1  2 11  1  9 75]]

SVM linear
Classification_report:
             precision    recall  f1-score   support

          B       0.48      0.56      0.51        77
          C       0.07      0.05      0.06        20
          G       0.46      0.44      0.45        36
          M       0.24      0.27      0.25        45
          O       1.00      0.50      0.67         6
          P       0.66      0.60      0.63        65
          R       0.55      0.54      0.55       117

avg / total       0.49      0.48      0.48       366

[[43  3  9  7  0  3 12]
 [ 5  1  1  2  0  2  9]
 [12  1 16  1  0  2  4]
 [ 8  1  1 12  0  4 19]
 [ 0  0  0  0  3  2  1]
 [ 9  2  3  6  0 39  6]
 [13  6  5 23  0  7 63]]

Reading  corpus/output466.json
SVM RBF
Classification_report:
             precision    recall  f1-score   support

          B       0.52      0.75      0.61       179
          C       0.20      0.05      0.08        20
          G       0.00      0.00      0.00        36
          M       0.40      0.27      0.32        59
          O       0.00      0.00      0.00         1
          P       0.57      0.38      0.46        68
          R       0.30      0.32      0.31       102

avg / total       0.41      0.45      0.42       465

[[135   0   3   8   0   6  27]
 [  7   1   0   0   0   3   9]
 [ 32   0   0   0   0   0   4]
 [ 18   1   0  16   0   2  22]
 [  0   0   0   0   0   0   1]
 [ 23   1   0   4   0  26  14]
 [ 46   2   0  12   0   9  33]]

SVM linear
Classification_report:
             precision    recall  f1-score   support

          B       0.52      0.55      0.53       179
          C       0.19      0.15      0.17        20
          G       0.20      0.19      0.20        36
          M       0.23      0.24      0.23        59
          O       0.00      0.00      0.00         1
          P       0.43      0.49      0.46        68
          R       0.28      0.25      0.26       102

avg / total       0.38      0.39      0.38       465

[[98  3 22 15  0 17 24]
 [ 4  3  0  2  0  3  8]
 [23  1  7  2  0  0  3]
 [17  4  2 14  0  6 16]
 [ 0  0  0  0  0  0  1]
 [17  1  2  4  0 33 11]
 [29  4  2 24  0 18 25]]

Reading  corpus/output832.json
SVM RBF
Classification_report:
             precision    recall  f1-score   support

          B       0.48      0.68      0.56       256
          C       0.46      0.15      0.23        40
          G       0.33      0.10      0.15        72
          M       0.35      0.26      0.30       104
          O       0.00      0.00      0.00         7
          P       0.63      0.55      0.59       133
          R       0.42      0.46      0.44       219

avg / total       0.45      0.47      0.44       831

[[174   0  12   9   0  14  47]
 [ 11   6   1   1   0   3  18]
 [ 56   0   7   1   0   1   7]
 [ 28   2   0  27   0   3  44]
 [  0   0   0   0   0   3   4]
 [ 31   1   0   7   0  73  21]
 [ 61   4   1  32   1  19 101]]

SVM linear
Classification_report:
             precision    recall  f1-score   support

          B       0.49      0.55      0.51       256
          C       0.20      0.20      0.20        40
          G       0.29      0.31      0.30        72
          M       0.30      0.34      0.32       104
          O       0.25      0.14      0.18         7
          P       0.53      0.49      0.51       133
          R       0.46      0.38      0.42       219

avg / total       0.43      0.43      0.43       831

[[140  11  36  22   0  13  34]
 [ 11   8   1   1   1   7  11]
 [ 35   1  22   3   0   3   8]
 [ 26   3   3  35   0   7  30]
 [  0   0   0   0   1   4   2]
 [ 27   6   7  13   0  65  15]
 [ 49  12   6  43   2  23  84]]

