Reading  corpus/output366.json
SVM RBF
Classification_report:
             precision    recall  f1-score   support

          B       0.45      0.52      0.48        77
          C       0.43      0.15      0.22        20
          G       0.32      0.22      0.26        36
          M       0.31      0.24      0.27        45
          O       0.00      0.00      0.00         6
          P       0.54      0.55      0.55        65
          R       0.48      0.58      0.52       117

avg / total       0.44      0.45      0.44       366

[[40  0  9  3  0  8 17]
 [ 3  3  0  1  0  2 11]
 [14  1  8  0  0  5  8]
 [ 4  1  0 11  0  3 26]
 [ 0  0  0  0  0  3  3]
 [11  0  4  4  0 36 10]
 [16  2  4 16  1 10 68]]

SVM linear
Classification_report:
             precision    recall  f1-score   support

          B       0.46      0.53      0.49        77
          C       0.15      0.20      0.17        20
          G       0.27      0.28      0.27        36
          M       0.16      0.20      0.17        45
          O       0.50      0.33      0.40         6
          P       0.61      0.52      0.56        65
          R       0.45      0.37      0.41       117

avg / total       0.41      0.39      0.40       366

[[41  3 15  7  0  5  6]
 [ 3  4  1  0  1  1 10]
 [17  0 10  1  0  3  5]
 [11  1  1  9  0  3 20]
 [ 0  0  0  0  2  1  3]
 [ 9  5  2  7  0 34  8]
 [ 9 13  8 34  1  9 43]]

Reading  corpus/output466.json
SVM RBF
Classification_report:
             precision    recall  f1-score   support

          B       0.52      0.66      0.58       179
          C       0.19      0.15      0.17        20
          G       0.33      0.25      0.29        36
          M       0.36      0.32      0.34        59
          O       0.00      0.00      0.00         1
          P       0.46      0.38      0.42        68
          R       0.31      0.26      0.29       102

avg / total       0.42      0.43      0.42       465

[[118   3  15  13   0   7  23]
 [  6   3   1   0   0   3   7]
 [ 24   1   9   1   0   0   1]
 [ 16   3   1  19   0   4  16]
 [  0   0   0   0   0   0   1]
 [ 24   3   0   4   0  26  11]
 [ 39   3   1  16   0  16  27]]

SVM linear
Classification_report:
             precision    recall  f1-score   support

          B       0.49      0.48      0.49       179
          C       0.05      0.05      0.05        20
          G       0.22      0.31      0.25        36
          M       0.25      0.32      0.28        59
          O       0.00      0.00      0.00         1
          P       0.42      0.46      0.44        68
          R       0.36      0.25      0.30       102

avg / total       0.38      0.37      0.37       465

[[86  8 29 24  0 18 14]
 [ 8  1  1  1  0  2  7]
 [19  1 11  1  0  0  4]
 [17  3  1 19  0  8 11]
 [ 0  0  0  0  0  0  1]
 [15  3  2  8  0 31  9]
 [30  3  7 22  0 14 26]]

Reading  corpus/output832.json
SVM RBF
Classification_report:
             precision    recall  f1-score   support

          B       0.48      0.57      0.52       256
          C       0.32      0.20      0.25        40
          G       0.33      0.24      0.28        72
          M       0.25      0.23      0.24       104
          O       0.20      0.14      0.17         7
          P       0.54      0.54      0.54       133
          R       0.37      0.37      0.37       219

avg / total       0.41      0.42      0.41       831

[[147   1  24  19   0  19  46]
 [  8   8   2   2   0   4  16]
 [ 42   2  17   2   0   5   4]
 [ 22   3   1  24   1   7  46]
 [  0   0   0   0   1   4   2]
 [ 24   4   4   9   0  72  20]
 [ 63   7   3  41   3  22  80]]

SVM linear
Classification_report:
             precision    recall  f1-score   support

          B       0.49      0.55      0.52       256
          C       0.19      0.25      0.22        40
          G       0.21      0.22      0.22        72
          M       0.28      0.31      0.29       104
          O       0.29      0.29      0.29         7
          P       0.52      0.48      0.50       133
          R       0.48      0.37      0.42       219

avg / total       0.43      0.42      0.42       831

[[142  13  40  19   0  12  30]
 [ 10  10   2   1   1   7   9]
 [ 43   5  16   3   0   0   5]
 [ 26   5   2  32   1  13  25]
 [  0   0   0   0   2   3   2]
 [ 25   6   6  15   0  64  17]
 [ 43  13   9  46   3  24  81]]

