Reading  corpus/output366.json
SVM RBF
Classification_report:
             precision    recall  f1-score   support

          B       0.49      0.53      0.51        77
          C       0.00      0.00      0.00        20
          G       0.62      0.14      0.23        36
          M       0.47      0.16      0.23        45
          O       0.00      0.00      0.00         6
          P       0.54      0.55      0.55        65
          R       0.42      0.70      0.53       117

avg / total       0.45      0.47      0.42       366

[[41  0  1  1  0 10 24]
 [ 2  0  0  0  0  1 17]
 [13  0  5  0  0  6 12]
 [ 1  0  0  7  0  3 34]
 [ 0  0  0  0  0  2  4]
 [ 8  0  1  0  0 36 20]
 [18  0  1  7  0  9 82]]

SVM linear
Classification_report:
             precision    recall  f1-score   support

          B       0.47      0.55      0.50        77
          C       0.13      0.10      0.11        20
          G       0.39      0.36      0.38        36
          M       0.28      0.29      0.29        45
          O       1.00      0.33      0.50         6
          P       0.68      0.66      0.67        65
          R       0.54      0.54      0.54       117

avg / total       0.49      0.49      0.48       366

[[42  4 11  6  0  3 11]
 [ 2  2  2  1  0  2 11]
 [14  2 13  0  0  3  4]
 [ 8  1  1 13  0  3 19]
 [ 0  0  0  0  2  2  2]
 [ 9  1  2  3  0 43  7]
 [15  5  4 23  0  7 63]]

Reading  corpus/output466.json
SVM RBF
Classification_report:
             precision    recall  f1-score   support

          B       0.49      0.79      0.60       179
          C       0.00      0.00      0.00        20
          G       0.00      0.00      0.00        36
          M       0.48      0.22      0.30        59
          O       0.00      0.00      0.00         1
          P       0.61      0.37      0.46        68
          R       0.30      0.30      0.30       102

avg / total       0.40      0.45      0.40       465

[[142   0   1   5   0   5  26]
 [  8   0   0   0   0   2  10]
 [ 35   0   0   0   0   0   1]
 [ 25   1   0  13   0   1  19]
 [  0   0   0   0   0   0   1]
 [ 29   0   0   0   0  25  14]
 [ 53   1   0   9   0   8  31]]

SVM linear
Classification_report:
             precision    recall  f1-score   support

          B       0.50      0.53      0.52       179
          C       0.13      0.10      0.11        20
          G       0.23      0.19      0.21        36
          M       0.23      0.24      0.23        59
          O       0.00      0.00      0.00         1
          P       0.42      0.49      0.45        68
          R       0.33      0.29      0.31       102

avg / total       0.38      0.39      0.38       465

[[95  3 19 18  0 19 25]
 [ 6  2  0  3  0  2  7]
 [26  1  7  0  0  0  2]
 [16  3  0 14  0  9 17]
 [ 0  0  0  0  0  0  1]
 [18  1  1  6  0 33  9]
 [28  5  4 20  0 15 30]]

Reading  corpus/output832.json
SVM RBF
Classification_report:
             precision    recall  f1-score   support

          B       0.47      0.73      0.57       256
          C       0.25      0.03      0.05        40
          G       0.30      0.04      0.07        72
          M       0.45      0.20      0.28       104
          O       0.00      0.00      0.00         7
          P       0.65      0.48      0.55       133
          R       0.40      0.50      0.45       219

avg / total       0.45      0.46      0.43       831

[[187   0   6   2   0  11  50]
 [ 13   1   0   0   0   4  22]
 [ 60   0   3   1   0   1   7]
 [ 29   1   0  21   0   2  51]
 [  0   0   0   0   0   3   4]
 [ 38   0   0   1   0  64  30]
 [ 69   2   1  22   1  14 110]]

SVM linear
Classification_report:
             precision    recall  f1-score   support

          B       0.48      0.55      0.51       256
          C       0.21      0.20      0.20        40
          G       0.32      0.31      0.31        72
          M       0.33      0.35      0.34       104
          O       0.25      0.14      0.18         7
          P       0.59      0.56      0.58       133
          R       0.44      0.38      0.41       219

avg / total       0.44      0.44      0.44       831

[[141   5  34  21   0  15  40]
 [ 14   8   2   1   0   5  10]
 [ 41   1  22   1   0   3   4]
 [ 24   3   1  36   1   9  30]
 [  0   0   0   0   1   4   2]
 [ 23   6   4   6   0  75  19]
 [ 50  16   6  45   2  16  84]]

