Reading  corpus/output366.json
SVM RBF
Classification_report:
             precision    recall  f1-score   support

          B       0.42      0.49      0.45        77
          C       0.23      0.15      0.18        20
          G       0.28      0.25      0.26        36
          M       0.29      0.24      0.27        45
          O       0.40      0.33      0.36         6
          P       0.41      0.45      0.43        65
          R       0.47      0.46      0.46       117

avg / total       0.39      0.40      0.39       366

[[38  0  9  3  0  9 18]
 [ 4  3  3  0  0  4  6]
 [12  4  9  0  0  6  5]
 [ 6  1  1 11  0  7 19]
 [ 0  0  0  0  2  3  1]
 [12  3  4  3  1 29 13]
 [19  2  6 21  2 13 54]]

SVM linear
Classification_report:
             precision    recall  f1-score   support

          B       0.47      0.56      0.51        77
          C       0.13      0.20      0.16        20
          G       0.30      0.39      0.34        36
          M       0.18      0.24      0.21        45
          O       0.50      0.50      0.50         6
          P       0.38      0.32      0.35        65
          R       0.49      0.32      0.39       117

avg / total       0.39      0.37      0.37       366

[[43  2 12  5  0  7  8]
 [ 3  4  3  1  1  2  6]
 [12  4 14  2  0  2  2]
 [ 5  3  3 11  0  8 15]
 [ 0  0  0  0  3  2  1]
 [13  4  8 11  0 21  8]
 [15 13  6 30  2 13 38]]

Reading  corpus/output466.json
SVM RBF
Classification_report:
             precision    recall  f1-score   support

          B       0.51      0.63      0.56       179
          C       0.21      0.20      0.21        20
          G       0.27      0.19      0.23        36
          M       0.38      0.34      0.36        59
          O       0.00      0.00      0.00         1
          P       0.40      0.40      0.40        68
          R       0.33      0.26      0.29       102

avg / total       0.41      0.42      0.41       465

[[112   5  12  13   0  12  25]
 [  7   4   1   0   0   4   4]
 [ 25   1   7   2   0   0   1]
 [ 19   3   2  20   0   4  11]
 [  1   0   0   0   0   0   0]
 [ 19   2   1   4   0  27  15]
 [ 35   4   3  13   0  20  27]]

SVM linear
Classification_report:
             precision    recall  f1-score   support

          B       0.51      0.55      0.53       179
          C       0.15      0.20      0.17        20
          G       0.09      0.11      0.10        36
          M       0.32      0.34      0.33        59
          O       0.00      0.00      0.00         1
          P       0.40      0.37      0.38        68
          R       0.34      0.25      0.29       102

avg / total       0.38      0.38      0.38       465

[[99  6 26 13  0 11 24]
 [ 4  4  2  1  0  3  6]
 [27  1  4  0  0  1  3]
 [18  5  2 20  0  5  9]
 [ 0  0  0  0  0  1  0]
 [15  5  7 10  0 25  6]
 [31  6  6 18  0 16 25]]

Reading  corpus/output832.json
SVM RBF
Classification_report:
             precision    recall  f1-score   support

          B       0.49      0.55      0.52       256
          C       0.20      0.15      0.17        40
          G       0.30      0.24      0.27        72
          M       0.30      0.31      0.30       104
          O       0.14      0.14      0.14         7
          P       0.47      0.44      0.45       133
          R       0.37      0.37      0.37       219

avg / total       0.40      0.40      0.40       831

[[141   6  23  21   0  20  45]
 [  6   6   3   4   0   6  15]
 [ 37   3  17   4   0   5   6]
 [ 20   2   1  32   2   6  41]
 [  0   0   0   0   1   4   2]
 [ 29   5   5   8   0  58  28]
 [ 56   8   7  39   4  25  80]]

SVM linear
Classification_report:
             precision    recall  f1-score   support

          B       0.55      0.64      0.59       256
          C       0.21      0.25      0.23        40
          G       0.27      0.26      0.27        72
          M       0.35      0.31      0.33       104
          O       0.33      0.57      0.42         7
          P       0.58      0.44      0.50       133
          R       0.46      0.44      0.45       219

avg / total       0.46      0.46      0.46       831

[[164   7  28   9   0   9  39]
 [  8  10   3   1   2   2  14]
 [ 41   3  19   1   0   2   6]
 [ 18   5   3  32   1   9  36]
 [  0   1   0   1   4   1   0]
 [ 24  10  11  11   1  59  17]
 [ 45  12   7  36   4  19  96]]

