Reading  corpus/output366.json
SVM RBF
Classification_report:
             precision    recall  f1-score   support

          B       0.56      0.52      0.54        77
          C       0.00      0.00      0.00        20
          G       0.83      0.14      0.24        36
          M       0.46      0.13      0.21        45
          O       0.00      0.00      0.00         6
          P       0.59      0.52      0.55        65
          R       0.41      0.76      0.53       117

avg / total       0.49      0.48      0.43       366

[[40  0  0  1  0  7 29]
 [ 1  0  0  0  0  1 18]
 [11  0  5  0  0  5 15]
 [ 1  0  0  6  0  1 37]
 [ 0  0  0  0  0  2  4]
 [ 6  0  0  0  0 34 25]
 [13  0  1  6  0  8 89]]

SVM linear
Classification_report:
             precision    recall  f1-score   support

          B       0.49      0.57      0.53        77
          C       0.12      0.10      0.11        20
          G       0.43      0.36      0.39        36
          M       0.26      0.27      0.26        45
          O       1.00      0.17      0.29         6
          P       0.71      0.68      0.69        65
          R       0.56      0.58      0.57       117

avg / total       0.51      0.50      0.50       366

[[44  4  9  8  0  4  8]
 [ 3  2  0  1  0  3 11]
 [16  2 13  0  0  1  4]
 [ 8  1  0 12  0  2 22]
 [ 0  0  0  0  1  3  2]
 [ 8  1  3  3  0 44  6]
 [10  6  5 23  0  5 68]]

Reading  corpus/output466.json
SVM RBF
Classification_report:
             precision    recall  f1-score   support

          B       0.49      0.85      0.62       179
          C       0.00      0.00      0.00        20
          G       0.00      0.00      0.00        36
          M       0.52      0.20      0.29        59
          O       0.00      0.00      0.00         1
          P       0.68      0.31      0.42        68
          R       0.32      0.30      0.31       102

avg / total       0.42      0.46      0.41       465

[[152   0   0   4   0   2  21]
 [ 11   0   0   0   0   1   8]
 [ 35   0   0   0   0   0   1]
 [ 23   0   0  12   0   1  23]
 [  0   0   0   0   0   0   1]
 [ 35   0   0   0   0  21  12]
 [ 57   1   0   7   0   6  31]]

SVM linear
Classification_report:
             precision    recall  f1-score   support

          B       0.55      0.61      0.58       179
          C       0.06      0.05      0.06        20
          G       0.19      0.14      0.16        36
          M       0.28      0.29      0.29        59
          O       0.00      0.00      0.00         1
          P       0.49      0.50      0.50        68
          R       0.36      0.33      0.35       102

avg / total       0.42      0.43      0.42       465

[[110   2  17  12   0  13  25]
 [  7   1   0   2   0   3   7]
 [ 28   1   5   0   0   0   2]
 [ 14   4   1  17   0   6  17]
 [  0   0   0   0   0   0   1]
 [ 15   2   1   8   0  34   8]
 [ 26   6   2  21   0  13  34]]

Reading  corpus/output832.json
SVM RBF
Classification_report:
             precision    recall  f1-score   support

          B       0.47      0.76      0.58       256
          C       0.00      0.00      0.00        40
          G       0.40      0.03      0.05        72
          M       0.46      0.17      0.25       104
          O       0.00      0.00      0.00         7
          P       0.72      0.49      0.58       133
          R       0.42      0.55      0.48       219

avg / total       0.47      0.48      0.43       831

[[195   0   3   2   0   8  48]
 [ 15   0   0   1   0   2  22]
 [ 62   0   2   1   0   0   7]
 [ 27   0   0  18   0   3  56]
 [  0   0   0   0   0   3   4]
 [ 40   0   0   0   0  65  28]
 [ 72   1   0  17   0   9 120]]

SVM linear
Classification_report:
             precision    recall  f1-score   support

          B       0.50      0.57      0.54       256
          C       0.15      0.12      0.14        40
          G       0.34      0.29      0.32        72
          M       0.39      0.40      0.40       104
          O       0.33      0.14      0.20         7
          P       0.65      0.59      0.62       133
          R       0.48      0.46      0.47       219

avg / total       0.47      0.48      0.47       831

[[147   6  32  18   0  12  41]
 [ 15   5   1   1   0   5  13]
 [ 45   0  21   2   0   0   4]
 [ 19   4   1  42   0   7  31]
 [  0   0   0   0   1   4   2]
 [ 19   5   2   9   0  79  19]
 [ 48  14   4  35   2  15 101]]

