Reading  corpus/output366.json
SVM RBF
Classification_report:
             precision    recall  f1-score   support

          B       0.49      0.55      0.52        77
          C       0.30      0.35      0.33        20
          G       0.35      0.31      0.33        36
          M       0.19      0.22      0.21        45
          O       1.00      0.33      0.50         6
          P       0.45      0.46      0.46        65
          R       0.48      0.44      0.46       117

avg / total       0.43      0.42      0.42       366

[[42  2  9  3  0 12  9]
 [ 1  7  1  3  0  1  7]
 [13  0 11  2  0  4  6]
 [ 4  1  1 10  0  6 23]
 [ 0  0  0  1  2  1  2]
 [13  2  3  9  0 30  8]
 [13 11  6 24  0 12 51]]

SVM linear
Classification_report:
             precision    recall  f1-score   support

          B       0.44      0.49      0.47        77
          C       0.36      0.40      0.38        20
          G       0.27      0.31      0.29        36
          M       0.17      0.20      0.18        45
          O       1.00      0.50      0.67         6
          P       0.44      0.43      0.44        65
          R       0.51      0.42      0.46       117

avg / total       0.42      0.40      0.40       366

[[38  1 15  4  0 11  8]
 [ 3  8  1  2  0  0  6]
 [13  0 11  2  0  4  6]
 [ 5  0  3  9  0  8 20]
 [ 0  0  0  1  3  0  2]
 [13  1  5 12  0 28  6]
 [14 12  6 24  0 12 49]]

Reading  corpus/output466.json
SVM RBF
Classification_report:
             precision    recall  f1-score   support

          B       0.52      0.59      0.55       179
          C       0.18      0.15      0.16        20
          G       0.18      0.17      0.17        36
          M       0.21      0.22      0.21        59
          O       0.00      0.00      0.00         1
          P       0.44      0.46      0.45        68
          R       0.35      0.26      0.30       102

avg / total       0.39      0.40      0.39       465

[[105   4  21  20   0  15  14]
 [  3   3   1   1   0   3   9]
 [ 25   1   6   1   0   2   1]
 [ 15   4   3  13   0   5  19]
 [  0   0   0   0   0   1   0]
 [ 20   2   1   7   0  31   7]
 [ 35   3   2  21   0  14  27]]

SVM linear
Classification_report:
             precision    recall  f1-score   support

          B       0.53      0.59      0.55       179
          C       0.10      0.10      0.10        20
          G       0.26      0.25      0.26        36
          M       0.20      0.20      0.20        59
          O       0.00      0.00      0.00         1
          P       0.43      0.43      0.43        68
          R       0.34      0.27      0.30       102

avg / total       0.39      0.40      0.39       465

[[105   5  17  21   0  13  18]
 [  2   2   1   1   0   5   9]
 [ 21   1   9   1   0   1   3]
 [ 14   4   3  12   0   7  19]
 [  0   0   0   0   0   1   0]
 [ 19   4   2   9   0  29   5]
 [ 39   4   2  17   0  12  28]]

Reading  corpus/output832.json
SVM RBF
Classification_report:
             precision    recall  f1-score   support

          B       0.44      0.53      0.48       256
          C       0.20      0.25      0.22        40
          G       0.31      0.31      0.31        72
          M       0.21      0.20      0.20       104
          O       0.50      0.29      0.36         7
          P       0.53      0.47      0.50       133
          R       0.38      0.31      0.34       219

avg / total       0.39      0.39      0.38       831

[[136   9  37  17   1  18  38]
 [  8  10   3   1   0   7  11]
 [ 42   0  22   1   0   3   4]
 [ 27   6   1  21   0   9  40]
 [  0   0   0   0   2   2   3]
 [ 32   6   3  15   0  63  14]
 [ 62  18   6  46   1  18  68]]

SVM linear
Classification_report:
             precision    recall  f1-score   support

          B       0.49      0.58      0.53       256
          C       0.16      0.23      0.19        40
          G       0.27      0.25      0.26        72
          M       0.28      0.31      0.29       104
          O       0.33      0.29      0.31         7
          P       0.55      0.50      0.53       133
          R       0.44      0.32      0.37       219

avg / total       0.42      0.42      0.42       831

[[149  18  32  21   1  13  22]
 [  9   9   0   0   0   6  16]
 [ 43   2  18   2   0   3   4]
 [ 21   3   4  32   1   9  34]
 [  0   0   0   0   2   3   2]
 [ 33   4   5  14   0  67  10]
 [ 52  20   7  47   2  21  70]]
