Reading  corpus/output366.json
SVM RBF
Classification_report:
             precision    recall  f1-score   support

          B       0.48      0.55      0.51        77
          C       0.30      0.30      0.30        20
          G       0.29      0.31      0.30        36
          M       0.15      0.16      0.15        45
          O       0.75      0.50      0.60         6
          P       0.52      0.48      0.50        65
          R       0.46      0.43      0.44       117

avg / total       0.41      0.41      0.41       366

[[42  1 13  4  0 11  6]
 [ 1  6  0  2  0  2  9]
 [16  0 11  1  0  4  4]
 [ 3  1  2  7  0  6 26]
 [ 0  0  0  0  3  0  3]
 [ 9  3  6  5  0 31 11]
 [17  9  6 28  1  6 50]]

SVM linear
Classification_report:
             precision    recall  f1-score   support

          B       0.44      0.49      0.47        77
          C       0.21      0.30      0.25        20
          G       0.24      0.31      0.27        36
          M       0.21      0.20      0.20        45
          O       0.60      0.50      0.55         6
          P       0.45      0.40      0.42        65
          R       0.50      0.43      0.46       117

avg / total       0.40      0.39      0.39       366

[[38  1 18  5  0  8  7]
 [ 2  6  1  2  1  3  5]
 [14  1 11  1  0  5  4]
 [ 4  1  4  9  0  7 20]
 [ 0  1  0  0  3  0  2]
 [12  4  7  4  0 26 12]
 [16 14  5 22  1  9 50]]

Reading  corpus/output466.json
SVM RBF
Classification_report:
             precision    recall  f1-score   support

          B       0.50      0.57      0.54       179
          C       0.09      0.10      0.10        20
          G       0.24      0.22      0.23        36
          M       0.16      0.17      0.17        59
          O       0.00      0.00      0.00         1
          P       0.44      0.41      0.43        68
          R       0.29      0.24      0.26       102

avg / total       0.37      0.37      0.37       465

[[102   6  19  18   0  13  21]
 [  6   2   0   2   0   3   7]
 [ 25   0   8   1   0   1   1]
 [ 18   3   2  10   0   6  20]
 [  0   0   0   0   0   1   0]
 [ 18   3   2   8   0  28   9]
 [ 33   8   3  23   0  11  24]]

SVM linear
Classification_report:
             precision    recall  f1-score   support

          B       0.55      0.68      0.61       179
          C       0.14      0.15      0.14        20
          G       0.23      0.19      0.21        36
          M       0.20      0.19      0.19        59
          O       0.00      0.00      0.00         1
          P       0.50      0.41      0.45        68
          R       0.36      0.28      0.32       102

avg / total       0.41      0.43      0.42       465

[[122   3  18   8   0   8  20]
 [  5   3   0   4   0   2   6]
 [ 25   1   7   0   0   1   2]
 [ 22   4   0  11   0   6  16]
 [  0   0   0   0   0   1   0]
 [ 19   3   2   9   0  28   7]
 [ 30   8   3  22   0  10  29]]

Reading  corpus/output832.json
SVM RBF
Classification_report:
             precision    recall  f1-score   support

          B       0.49      0.59      0.54       256
          C       0.15      0.17      0.16        40
          G       0.29      0.22      0.25        72
          M       0.12      0.12      0.12       104
          O       0.20      0.14      0.17         7
          P       0.48      0.44      0.46       133
          R       0.38      0.34      0.36       219

avg / total       0.38      0.39      0.38       831

[[152   7  29  18   0  21  29]
 [  7   7   1   5   0   4  16]
 [ 44   3  16   3   0   1   5]
 [ 26   6   1  12   1   7  51]
 [  0   0   0   1   1   1   4]
 [ 36   7   2  14   0  58  16]
 [ 45  16   7  45   3  29  74]]

SVM linear
Classification_report:
             precision    recall  f1-score   support

          B       0.54      0.68      0.60       256
          C       0.12      0.15      0.13        40
          G       0.28      0.22      0.25        72
          M       0.27      0.26      0.26       104
          O       0.43      0.43      0.43         7
          P       0.60      0.48      0.53       133
          R       0.46      0.39      0.42       219

avg / total       0.45      0.45      0.45       831

[[174  10  25  13   0   9  25]
 [ 11   6   0   1   0   5  17]
 [ 46   4  16   1   0   0   5]
 [ 22   2   4  27   1   9  39]
 [  0   0   0   1   3   0   3]
 [ 30   4   4  17   0  64  14]
 [ 38  24   8  40   3  20  86]]
