Reading  corpus/output366.json
SVM RBF
Classification_report:
             precision    recall  f1-score   support

          B       0.45      0.52      0.48        77
          C       0.39      0.35      0.37        20
          G       0.35      0.33      0.34        36
          M       0.16      0.22      0.19        45
          O       0.75      0.50      0.60         6
          P       0.48      0.43      0.46        65
          R       0.50      0.44      0.46       117

avg / total       0.43      0.41      0.42       366

[[40  0 10  9  0 10  8]
 [ 1  7  1  3  0  3  5]
 [13  1 12  1  0  1  8]
 [ 5  0  4 10  0  8 18]
 [ 0  0  0  1  3  0  2]
 [11  0  5 10  0 28 11]
 [18 10  2 27  1  8 51]]

SVM linear
Classification_report:
             precision    recall  f1-score   support

          B       0.48      0.57      0.52        77
          C       0.23      0.25      0.24        20
          G       0.32      0.36      0.34        36
          M       0.25      0.29      0.27        45
          O       0.75      0.50      0.60         6
          P       0.50      0.45      0.47        65
          R       0.54      0.45      0.49       117

avg / total       0.45      0.44      0.44       366

[[44  0 15  6  0  6  6]
 [ 1  5  1  2  0  3  8]
 [12  2 13  2  0  3  4]
 [ 4  1  3 13  0  7 17]
 [ 0  0  0  0  3  1  2]
 [15  2  5  6  0 29  8]
 [15 12  4 23  1  9 53]]

Reading  corpus/output466.json
SVM RBF
Classification_report:
             precision    recall  f1-score   support

          B       0.53      0.58      0.55       179
          C       0.16      0.20      0.18        20
          G       0.23      0.19      0.21        36
          M       0.26      0.27      0.26        59
          O       0.00      0.00      0.00         1
          P       0.45      0.44      0.44        68
          R       0.35      0.29      0.32       102

avg / total       0.40      0.41      0.40       465

[[103   5  19  18   0  10  24]
 [  3   4   3   2   0   2   6]
 [ 23   1   7   2   0   1   2]
 [ 18   5   1  16   0   4  15]
 [  0   0   0   0   0   1   0]
 [ 18   4   1   6   0  30   9]
 [ 29   6   0  18   0  19  30]]

SVM linear
Classification_report:
             precision    recall  f1-score   support

          B       0.49      0.54      0.51       179
          C       0.16      0.20      0.18        20
          G       0.22      0.28      0.24        36
          M       0.21      0.20      0.21        59
          O       0.00      0.00      0.00         1
          P       0.47      0.43      0.45        68
          R       0.29      0.22      0.25       102

avg / total       0.37      0.37      0.37       465

[[97  5 22 23  0  9 23]
 [ 2  4  3  2  0  2  7]
 [20  1 10  0  0  2  3]
 [23  5  3 12  0  4 12]
 [ 0  0  0  0  0  1  0]
 [18  4  4  5  0 29  8]
 [39  6  4 16  0 15 22]]

Reading  corpus/output832.json
SVM RBF
Classification_report:
             precision    recall  f1-score   support

          B       0.48      0.54      0.51       256
          C       0.24      0.28      0.26        40
          G       0.32      0.29      0.30        72
          M       0.22      0.23      0.22       104
          O       0.29      0.29      0.29         7
          P       0.52      0.47      0.49       133
          R       0.40      0.35      0.38       219

avg / total       0.41      0.40      0.40       831

[[139  11  33  24   1  12  36]
 [  7  11   0   4   0   6  12]
 [ 40   0  21   1   0   6   4]
 [ 25   5   2  24   0   9  39]
 [  0   0   0   0   2   2   3]
 [ 25   6   6  14   0  62  20]
 [ 56  13   4  43   4  22  77]]

SVM linear
Classification_report:
             precision    recall  f1-score   support

          B       0.49      0.55      0.52       256
          C       0.17      0.20      0.18        40
          G       0.26      0.26      0.26        72
          M       0.26      0.29      0.27       104
          O       0.29      0.29      0.29         7
          P       0.50      0.40      0.44       133
          R       0.40      0.35      0.37       219

avg / total       0.40      0.40      0.40       831

[[142   7  37  27   0  12  31]
 [ 10   8   0   2   1   6  13]
 [ 42   2  19   2   0   4   3]
 [ 19   2   3  30   0   6  44]
 [  0   0   0   0   2   2   3]
 [ 31   6   6  14   0  53  23]
 [ 43  22   7  42   4  24  77]]
