Reading  corpus/output366.json
SVM RBF
Classification_report:
             precision    recall  f1-score   support

          B       0.51      0.58      0.54        77
          C       0.62      0.25      0.36        20
          G       0.50      0.19      0.28        36
          M       0.23      0.20      0.21        45
          O       0.00      0.00      0.00         6
          P       0.68      0.66      0.67        65
          R       0.48      0.63      0.55       117

avg / total       0.49      0.50      0.48       366

[[45  0  5  1  0  5 21]
 [ 2  5  0  1  0  2 10]
 [16  2  7  1  0  1  9]
 [ 6  0  0  9  0  2 28]
 [ 0  1  0  0  0  3  2]
 [ 6  0  1  6  0 43  9]
 [14  0  1 21  0  7 74]]

SVM linear
Classification_report:
             precision    recall  f1-score   support

          B       0.49      0.58      0.53        77
          C       0.46      0.30      0.36        20
          G       0.50      0.28      0.36        36
          M       0.21      0.20      0.20        45
          O       0.00      0.00      0.00         6
          P       0.71      0.65      0.68        65
          R       0.47      0.56      0.52       117

avg / total       0.48      0.49      0.48       366

[[45  1  6  2  0  4 19]
 [ 2  6  0  1  0  2  9]
 [14  1 10  1  0  1  9]
 [ 7  0  1  9  0  2 26]
 [ 0  1  0  0  0  3  2]
 [ 7  0  2  6  0 42  8]
 [17  4  1 24  0  5 66]]

Reading  corpus/output466.json
SVM RBF
Classification_report:
             precision    recall  f1-score   support

          B       0.55      0.66      0.60       179
          C       0.23      0.15      0.18        20
          G       0.21      0.14      0.17        36
          M       0.26      0.24      0.25        59
          O       0.00      0.00      0.00         1
          P       0.52      0.51      0.52        68
          R       0.38      0.34      0.36       102

avg / total       0.43      0.45      0.44       465

[[119   3  16  14   0   9  18]
 [  4   3   1   2   0   3   7]
 [ 28   1   5   0   0   0   2]
 [ 18   2   0  14   0   6  19]
 [  0   0   0   0   0   1   0]
 [ 17   1   1   4   0  35  10]
 [ 30   3   1  20   0  13  35]]

SVM linear
Classification_report:
             precision    recall  f1-score   support

          B       0.56      0.61      0.58       179
          C       0.25      0.20      0.22        20
          G       0.23      0.19      0.21        36
          M       0.26      0.27      0.26        59
          O       0.00      0.00      0.00         1
          P       0.48      0.49      0.48        68
          R       0.40      0.35      0.38       102

avg / total       0.43      0.44      0.44       465

[[110   3  17  19   0  13  17]
 [  5   4   1   2   0   3   5]
 [ 26   1   7   0   0   0   2]
 [ 16   3   1  16   0   6  17]
 [  0   0   0   0   0   1   0]
 [ 15   2   1   5   0  33  12]
 [ 26   3   4  20   0  13  36]]

Reading  corpus/output832.json
SVM RBF
Classification_report:
             precision    recall  f1-score   support

          B       0.52      0.62      0.57       256
          C       0.33      0.20      0.25        40
          G       0.34      0.22      0.27        72
          M       0.35      0.29      0.32       104
          O       0.00      0.00      0.00         7
          P       0.68      0.65      0.66       133
          R       0.44      0.49      0.47       219

avg / total       0.48      0.49      0.48       831

[[160   4  27  15   0   9  41]
 [  7   8   1   2   0   5  17]
 [ 46   0  16   1   0   1   8]
 [ 22   1   1  30   0   6  44]
 [  0   1   0   0   0   3   3]
 [ 18   3   0   4   0  86  22]
 [ 52   7   2  33   1  16 108]]

SVM linear
Classification_report:
             precision    recall  f1-score   support

          B       0.52      0.59      0.55       256
          C       0.24      0.20      0.22        40
          G       0.39      0.33      0.36        72
          M       0.33      0.33      0.33       104
          O       0.00      0.00      0.00         7
          P       0.67      0.62      0.65       133
          R       0.44      0.44      0.44       219

avg / total       0.47      0.48      0.47       831

[[151   4  29  20   0  10  42]
 [ 12   8   1   2   0   3  14]
 [ 36   2  24   0   0   0  10]
 [ 20   4   2  34   0   6  38]
 [  0   1   0   0   0   3   3]
 [ 20   4   2   7   0  83  17]
 [ 51  10   3  39   1  19  96]]
