Reading  corpus/output366.json
SVM RBF
Classification_report:
             precision    recall  f1-score   support

          B       0.47      0.56      0.51        77
          C       0.41      0.35      0.38        20
          G       0.33      0.25      0.29        36
          M       0.27      0.29      0.28        45
          O       1.00      0.17      0.29         6
          P       0.60      0.55      0.58        65
          R       0.53      0.55      0.54       117

avg / total       0.48      0.47      0.47       366

[[43  0 12  5  0  9  8]
 [ 1  7  0  1  0  2  9]
 [15  3  9  1  0  1  7]
 [ 8  0  1 13  0  2 21]
 [ 0  1  0  1  1  2  1]
 [10  2  4  3  0 36 10]
 [15  4  1 25  0  8 64]]

SVM linear
Classification_report:
             precision    recall  f1-score   support

          B       0.48      0.53      0.50        77
          C       0.25      0.20      0.22        20
          G       0.29      0.28      0.28        36
          M       0.20      0.24      0.22        45
          O       1.00      0.17      0.29         6
          P       0.54      0.49      0.52        65
          R       0.50      0.49      0.49       117

avg / total       0.44      0.43      0.43       366

[[41  0 14  4  0 10  8]
 [ 2  4  1  2  0  2  9]
 [14  2 10  3  0  2  5]
 [ 5  0  2 11  0  3 24]
 [ 0  1  0  1  1  1  2]
 [10  2  6  6  0 32  9]
 [14  7  2 28  0  9 57]]

Reading  corpus/output466.json
SVM RBF
Classification_report:
             precision    recall  f1-score   support

          B       0.54      0.63      0.58       179
          C       0.12      0.10      0.11        20
          G       0.28      0.14      0.19        36
          M       0.33      0.29      0.31        59
          O       0.00      0.00      0.00         1
          P       0.56      0.54      0.55        68
          R       0.36      0.35      0.35       102

avg / total       0.43      0.45      0.44       465

[[113   6  10  11   0  10  29]
 [  5   2   2   2   0   2   7]
 [ 26   1   5   1   0   0   3]
 [ 16   3   1  17   0   6  16]
 [  0   0   0   0   0   0   1]
 [ 17   1   0   4   0  37   9]
 [ 34   4   0  17   0  11  36]]

SVM linear
Classification_report:
             precision    recall  f1-score   support

          B       0.54      0.63      0.58       179
          C       0.10      0.10      0.10        20
          G       0.25      0.17      0.20        36
          M       0.30      0.29      0.29        59
          O       0.00      0.00      0.00         1
          P       0.51      0.49      0.50        68
          R       0.33      0.29      0.31       102

avg / total       0.42      0.43      0.42       465

[[112   6  13  15   0   8  25]
 [  6   2   1   2   0   4   5]
 [ 27   1   6   0   0   0   2]
 [ 13   3   2  17   0   6  18]
 [  0   0   0   0   0   0   1]
 [ 16   2   1   5   0  33  11]
 [ 33   6   1  18   0  14  30]]

Reading  corpus/output832.json
SVM RBF
Classification_report:
             precision    recall  f1-score   support

          B       0.48      0.58      0.52       256
          C       0.26      0.23      0.24        40
          G       0.29      0.22      0.25        72
          M       0.30      0.26      0.28       104
          O       0.50      0.29      0.36         7
          P       0.57      0.55      0.56       133
          R       0.43      0.42      0.42       219

avg / total       0.43      0.44      0.43       831

[[148   5  32  17   0  15  39]
 [  8   9   1   1   0   9  12]
 [ 44   2  16   1   0   2   7]
 [ 22   3   0  27   0   8  44]
 [  0   0   0   0   2   3   2]
 [ 31   2   4   7   0  73  16]
 [ 55  14   2  36   2  19  91]]

SVM linear
Classification_report:
             precision    recall  f1-score   support

          B       0.50      0.60      0.55       256
          C       0.21      0.20      0.20        40
          G       0.32      0.29      0.31        72
          M       0.33      0.34      0.33       104
          O       0.25      0.14      0.18         7
          P       0.55      0.50      0.52       133
          R       0.45      0.40      0.42       219

avg / total       0.44      0.45      0.44       831

[[154   6  29  18   0  12  37]
 [ 13   8   1   1   0   9   8]
 [ 35   3  21   3   0   1   9]
 [ 22   4   4  35   0   7  32]
 [  0   1   0   0   1   3   2]
 [ 30   4   7   9   0  66  17]
 [ 51  13   3  41   3  21  87]]
