Reading  corpus/output366.json
SVM RBF
Classification_report:
             precision    recall  f1-score   support

          B       0.48      0.53      0.51        77
          C       0.44      0.40      0.42        20
          G       0.46      0.33      0.39        36
          M       0.23      0.24      0.24        45
          O       1.00      0.17      0.29         6
          P       0.61      0.54      0.57        65
          R       0.49      0.55      0.52       117

avg / total       0.48      0.47      0.47       366

[[41  1  8  4  0 10 13]
 [ 2  8  0  1  0  1  8]
 [16  0 12  0  0  0  8]
 [ 5  0  0 11  0  3 26]
 [ 0  1  0  0  1  2  2]
 [ 8  2  3  7  0 35 10]
 [13  6  3 25  0  6 64]]

SVM linear
Classification_report:
             precision    recall  f1-score   support

          B       0.46      0.49      0.48        77
          C       0.39      0.35      0.37        20
          G       0.44      0.42      0.43        36
          M       0.23      0.29      0.26        45
          O       1.00      0.17      0.29         6
          P       0.58      0.52      0.55        65
          R       0.51      0.50      0.51       117

avg / total       0.47      0.46      0.46       366

[[38  1 12  6  0 11  9]
 [ 1  7  0  3  0  2  7]
 [13  0 15  1  0  0  7]
 [ 5  0  1 13  0  3 23]
 [ 0  1  0  0  1  2  2]
 [10  2  3  7  0 34  9]
 [15  7  3 26  0  7 59]]

Reading  corpus/output466.json
SVM RBF
Classification_report:
             precision    recall  f1-score   support

          B       0.53      0.61      0.57       179
          C       0.20      0.20      0.20        20
          G       0.27      0.19      0.23        36
          M       0.26      0.25      0.26        59
          O       0.00      0.00      0.00         1
          P       0.56      0.51      0.53        68
          R       0.38      0.34      0.36       102

avg / total       0.43      0.44      0.44       465

[[110   4  17  15   0  10  23]
 [  5   4   0   2   0   3   6]
 [ 25   1   7   0   0   0   3]
 [ 17   4   0  15   0   7  16]
 [  1   0   0   0   0   0   0]
 [ 15   2   0   6   0  35  10]
 [ 33   5   2  19   0   8  35]]

SVM linear
Classification_report:
             precision    recall  f1-score   support

          B       0.50      0.54      0.52       179
          C       0.14      0.15      0.15        20
          G       0.24      0.22      0.23        36
          M       0.25      0.25      0.25        59
          O       0.00      0.00      0.00         1
          P       0.55      0.56      0.55        68
          R       0.35      0.30      0.33       102

avg / total       0.41      0.41      0.41       465

[[97  4 23 20  0 10 25]
 [ 6  3  0  2  0  4  5]
 [25  1  8  0  0  0  2]
 [19  4  0 15  0  6 15]
 [ 0  0  0  0  0  1  0]
 [14  2  0  4  0 38 10]
 [34  7  2 18  0 10 31]]

Reading  corpus/output832.json
SVM RBF
Classification_report:
             precision    recall  f1-score   support

          B       0.52      0.59      0.55       256
          C       0.27      0.23      0.25        40
          G       0.40      0.33      0.36        72
          M       0.26      0.29      0.27       104
          O       0.00      0.00      0.00         7
          P       0.63      0.56      0.60       133
          R       0.43      0.41      0.42       219

avg / total       0.45      0.45      0.45       831

[[151   5  29  21   0  14  36]
 [  8   9   1   5   0   5  12]
 [ 40   0  24   0   0   1   7]
 [ 25   2   0  30   0   3  44]
 [  0   1   0   0   0   4   2]
 [ 24   3   2  10   0  75  19]
 [ 44  13   4  50   2  17  89]]

SVM linear
Classification_report:
             precision    recall  f1-score   support

          B       0.50      0.55      0.52       256
          C       0.20      0.23      0.21        40
          G       0.34      0.33      0.34        72
          M       0.25      0.30      0.27       104
          O       0.00      0.00      0.00         7
          P       0.62      0.53      0.57       133
          R       0.42      0.37      0.39       219

avg / total       0.43      0.43      0.43       831

[[140   8  37  22   0  14  35]
 [  6   9   2   4   0   6  13]
 [ 35   2  24   4   0   1   6]
 [ 24   5   0  31   0   5  39]
 [  0   1   0   0   0   4   2]
 [ 25   6   3  12   0  71  16]
 [ 52  13   5  51   3  14  81]]
