Reading  corpus/output366.json
SVM RBF
Classification_report:
             precision    recall  f1-score   support

          B       0.47      0.55      0.51        77
          C       0.33      0.25      0.29        20
          G       0.37      0.36      0.37        36
          M       0.27      0.31      0.29        45
          O       0.50      0.17      0.25         6
          P       0.44      0.45      0.44        65
          R       0.57      0.52      0.54       117

avg / total       0.46      0.45      0.45       366

[[42  0 12  4  0 11  8]
 [ 2  5  0  2  0  4  7]
 [ 9  2 13  1  1  5  5]
 [ 7  0  0 14  0  5 19]
 [ 0  1  0  0  1  2  2]
 [17  1  5  8  0 29  5]
 [12  6  5 23  0 10 61]]

SVM linear
Classification_report:
             precision    recall  f1-score   support

          B       0.48      0.55      0.51        77
          C       0.28      0.40      0.33        20
          G       0.32      0.31      0.31        36
          M       0.26      0.38      0.31        45
          O       0.67      0.33      0.44         6
          P       0.45      0.37      0.41        65
          R       0.50      0.40      0.45       117

avg / total       0.43      0.41      0.42       366

[[42  2 11  4  0  6 12]
 [ 2  8  1  2  0  1  6]
 [14  1 11  1  1  5  3]
 [ 6  1  1 17  0  6 14]
 [ 0  0  0  0  2  2  2]
 [14  2  5 10  0 24 10]
 [ 9 15  5 32  0  9 47]]

Reading  corpus/output466.json
SVM RBF
Classification_report:
             precision    recall  f1-score   support

          B       0.54      0.62      0.58       179
          C       0.13      0.15      0.14        20
          G       0.24      0.17      0.20        36
          M       0.24      0.20      0.22        59
          O       0.00      0.00      0.00         1
          P       0.41      0.40      0.40        68
          R       0.27      0.25      0.26       102

avg / total       0.38      0.40      0.39       465

[[111   8  15  13   0   8  24]
 [  4   3   0   0   0   5   8]
 [ 25   2   6   0   0   2   1]
 [ 18   3   1  12   0   6  19]
 [  0   0   0   0   0   0   1]
 [ 15   4   2   3   0  27  17]
 [ 32   3   1  22   0  18  26]]

SVM linear
Classification_report:
             precision    recall  f1-score   support

          B       0.57      0.60      0.58       179
          C       0.24      0.25      0.24        20
          G       0.17      0.19      0.18        36
          M       0.25      0.31      0.28        59
          O       0.00      0.00      0.00         1
          P       0.43      0.43      0.43        68
          R       0.45      0.32      0.37       102

avg / total       0.43      0.43      0.43       465

[[108   7  23  12   0  13  16]
 [  5   5   1   1   0   3   5]
 [ 22   2   7   3   0   1   1]
 [ 17   3   3  18   0   7  11]
 [  0   0   0   0   0   1   0]
 [ 17   2   1  11   0  29   8]
 [ 22   2   5  26   0  14  33]]

Reading  corpus/output832.json
SVM RBF
Classification_report:
             precision    recall  f1-score   support

          B       0.49      0.57      0.53       256
          C       0.22      0.20      0.21        40
          G       0.29      0.24      0.26        72
          M       0.27      0.26      0.26       104
          O       0.00      0.00      0.00         7
          P       0.42      0.41      0.42       133
          R       0.43      0.40      0.41       219

avg / total       0.40      0.41      0.40       831

[[146   6  27  18   0  25  34]
 [  8   8   1   1   0   8  14]
 [ 37   2  17   3   0   5   8]
 [ 25   2   1  27   1  12  36]
 [  1   0   0   0   0   3   3]
 [ 31   6   6  13   0  55  22]
 [ 50  13   6  39   1  23  87]]

SVM linear
Classification_report:
             precision    recall  f1-score   support

          B       0.55      0.67      0.61       256
          C       0.19      0.17      0.18        40
          G       0.31      0.26      0.28        72
          M       0.33      0.38      0.35       104
          O       0.14      0.14      0.14         7
          P       0.56      0.44      0.49       133
          R       0.47      0.41      0.44       219

avg / total       0.46      0.46      0.46       831

[[172   8  23  15   0   8  30]
 [  7   7   1   2   3   4  16]
 [ 45   4  19   0   0   2   2]
 [ 21   1   3  40   0   7  32]
 [  0   0   0   0   1   4   2]
 [ 26   6   8  16   0  58  19]
 [ 39  11   8  49   3  20  89]]

