Reading  corpus/output366.json
SVM RBF
Classification_report:
             precision    recall  f1-score   support

          B       0.50      0.55      0.52        77
          C       0.50      0.20      0.29        20
          G       0.36      0.28      0.31        36
          M       0.28      0.24      0.26        45
          O       0.00      0.00      0.00         6
          P       0.68      0.65      0.66        65
          R       0.50      0.62      0.55       117

avg / total       0.48      0.49      0.48       366

[[42  0 11  1  0  5 18]
 [ 3  4  1  2  0  3  7]
 [14  2 10  0  0  2  8]
 [ 5  0  1 11  0  2 26]
 [ 0  0  0  0  0  3  3]
 [ 6  0  4  2  0 42 11]
 [14  2  1 23  0  5 72]]

SVM linear
Classification_report:
             precision    recall  f1-score   support

          B       0.47      0.51      0.49        77
          C       0.35      0.45      0.39        20
          G       0.41      0.36      0.38        36
          M       0.29      0.31      0.30        45
          O       1.00      0.33      0.50         6
          P       0.72      0.65      0.68        65
          R       0.53      0.52      0.52       117

avg / total       0.51      0.49      0.50       366

[[39  4 12  5  0  4 13]
 [ 1  9  0  2  0  2  6]
 [16  0 13  1  0  1  5]
 [ 5  0  2 14  0  3 21]
 [ 0  0  0  0  2  2  2]
 [ 8  1  3  3  0 42  8]
 [14 12  2 24  0  4 61]]

Reading  corpus/output466.json
SVM RBF
Classification_report:
             precision    recall  f1-score   support

          B       0.57      0.71      0.63       179
          C       0.08      0.05      0.06        20
          G       0.30      0.17      0.21        36
          M       0.31      0.31      0.31        59
          O       0.00      0.00      0.00         1
          P       0.55      0.50      0.52        68
          R       0.39      0.34      0.36       102

avg / total       0.45      0.48      0.46       465

[[127   4  12  11   0   9  16]
 [  5   1   2   1   0   1  10]
 [ 27   1   6   1   0   0   1]
 [ 18   3   0  18   0   5  15]
 [  0   0   0   0   0   0   1]
 [ 16   2   0   4   0  34  12]
 [ 29   2   0  23   0  13  35]]

SVM linear
Classification_report:
             precision    recall  f1-score   support

          B       0.53      0.61      0.57       179
          C       0.05      0.05      0.05        20
          G       0.21      0.17      0.18        36
          M       0.32      0.34      0.33        59
          O       0.00      0.00      0.00         1
          P       0.52      0.50      0.51        68
          R       0.34      0.27      0.30       102

avg / total       0.41      0.43      0.42       465

[[109   5  19  16   0  11  19]
 [  7   1   2   1   0   2   7]
 [ 26   1   6   0   0   0   3]
 [ 14   4   0  20   0   6  15]
 [  0   0   0   0   0   0   1]
 [ 15   2   1   7   0  34   9]
 [ 33   8   1  19   0  13  28]]

Reading  corpus/output832.json
SVM RBF
Classification_report:
             precision    recall  f1-score   support

          B       0.55      0.64      0.59       256
          C       0.33      0.20      0.25        40
          G       0.33      0.24      0.28        72
          M       0.30      0.28      0.29       104
          O       0.00      0.00      0.00         7
          P       0.61      0.62      0.62       133
          R       0.44      0.45      0.44       219

avg / total       0.47      0.48      0.47       831

[[164   3  28  17   0  10  34]
 [  9   8   2   2   0   6  13]
 [ 42   1  17   1   0   3   8]
 [ 17   3   0  29   0   9  46]
 [  0   0   0   0   0   3   4]
 [ 21   0   2   5   0  83  22]
 [ 44   9   2  43   1  21  99]]

SVM linear
Classification_report:
             precision    recall  f1-score   support

          B       0.49      0.56      0.52       256
          C       0.16      0.15      0.16        40
          G       0.37      0.35      0.36        72
          M       0.26      0.26      0.26       104
          O       0.25      0.14      0.18         7
          P       0.60      0.57      0.59       133
          R       0.43      0.39      0.41       219

avg / total       0.44      0.44      0.44       831

[[143   6  36  17   0  15  39]
 [ 14   6   1   2   0   5  12]
 [ 38   1  25   2   0   0   6]
 [ 26   4   1  27   0   9  37]
 [  0   0   0   0   1   2   4]
 [ 23   6   3  11   0  76  14]
 [ 49  14   2  46   3  19  86]]

