Reading  corpus/output366.json
SVM RBF
Classification_report:
             precision    recall  f1-score   support

          B       0.55      0.57      0.56        77
          C       1.00      0.05      0.10        20
          G       0.39      0.19      0.26        36
          M       0.41      0.24      0.31        45
          O       0.00      0.00      0.00         6
          P       0.64      0.72      0.68        65
          R       0.49      0.70      0.58       117

avg / total       0.53      0.52      0.49       366

[[44  0  5  1  0  7 20]
 [ 3  1  0  1  0  3 12]
 [17  0  7  0  0  3  9]
 [ 1  0  0 11  0  4 29]
 [ 0  0  0  0  0  2  4]
 [ 5  0  3  0  0 47 10]
 [10  0  3 14  0  8 82]]

SVM linear
Classification_report:
             precision    recall  f1-score   support

          B       0.52      0.57      0.54        77
          C       0.40      0.30      0.34        20
          G       0.43      0.33      0.38        36
          M       0.24      0.24      0.24        45
          O       1.00      0.17      0.29         6
          P       0.75      0.66      0.70        65
          R       0.53      0.61      0.56       117

avg / total       0.52      0.51      0.51       366

[[44  2 10  3  0  5 13]
 [ 2  6  1  2  0  2  7]
 [16  1 12  1  0  1  5]
 [ 5  0  0 11  0  2 27]
 [ 0  0  0  0  1  1  4]
 [ 7  2  2  3  0 43  8]
 [11  4  3 25  0  3 71]]

Reading  corpus/output466.json
SVM RBF
Classification_report:
             precision    recall  f1-score   support

          B       0.54      0.76      0.63       179
          C       0.22      0.10      0.14        20
          G       0.25      0.06      0.09        36
          M       0.38      0.25      0.31        59
          O       0.00      0.00      0.00         1
          P       0.57      0.41      0.48        68
          R       0.35      0.38      0.37       102

avg / total       0.45      0.48      0.45       465

[[136   3   5   7   0   7  21]
 [  6   2   1   1   0   1   9]
 [ 32   0   2   0   0   0   2]
 [ 19   2   0  15   0   4  19]
 [  0   0   0   0   0   0   1]
 [ 18   1   0   2   0  28  19]
 [ 39   1   0  14   0   9  39]]

SVM linear
Classification_report:
             precision    recall  f1-score   support

          B       0.56      0.65      0.60       179
          C       0.11      0.10      0.11        20
          G       0.23      0.19      0.21        36
          M       0.28      0.29      0.28        59
          O       0.00      0.00      0.00         1
          P       0.51      0.46      0.48        68
          R       0.40      0.33      0.36       102

avg / total       0.43      0.45      0.44       465

[[116   4  18  15   0  11  15]
 [  7   2   1   1   0   2   7]
 [ 26   1   7   0   0   1   1]
 [ 14   4   1  17   0   6  17]
 [  0   0   0   0   0   1   0]
 [ 20   1   0   4   0  31  12]
 [ 26   6   3  24   0   9  34]]

Reading  corpus/output832.json
SVM RBF
Classification_report:
             precision    recall  f1-score   support

          B       0.57      0.70      0.63       256
          C       0.29      0.05      0.09        40
          G       0.41      0.19      0.26        72
          M       0.34      0.23      0.27       104
          O       0.00      0.00      0.00         7
          P       0.60      0.61      0.61       133
          R       0.43      0.52      0.47       219

avg / total       0.48      0.50      0.48       831

[[180   1  18   7   0  10  40]
 [  8   2   1   3   0   8  18]
 [ 47   0  14   2   0   3   6]
 [ 16   1   0  24   0   8  55]
 [  0   0   0   0   0   4   3]
 [ 19   1   0   2   0  81  30]
 [ 48   2   1  33   1  20 114]]

SVM linear
Classification_report:
             precision    recall  f1-score   support

          B       0.52      0.60      0.56       256
          C       0.21      0.15      0.17        40
          G       0.37      0.32      0.34        72
          M       0.36      0.31      0.33       104
          O       0.00      0.00      0.00         7
          P       0.63      0.60      0.62       133
          R       0.47      0.47      0.47       219

avg / total       0.47      0.48      0.47       831

[[154   5  31  10   0  14  42]
 [ 12   6   1   1   2   4  14]
 [ 39   2  23   1   0   1   6]
 [ 28   3   2  32   0   6  33]
 [  0   1   0   0   0   4   2]
 [ 20   5   2   6   1  80  19]
 [ 44   7   4  40   2  18 104]]

