Reading  corpus/output366.json
SVM RBF
Classification_report:
             precision    recall  f1-score   support

          B       1.00      0.05      0.10        77
          C       0.00      0.00      0.00        20
          G       0.00      0.00      0.00        36
          M       0.00      0.00      0.00        45
          O       0.00      0.00      0.00         6
          P       0.00      0.00      0.00        65
          R       0.32      1.00      0.49       117

avg / total       0.31      0.33      0.18       366

[[  4   0   0   0   0   0  73]
 [  0   0   0   0   0   0  20]
 [  0   0   0   0   0   0  36]
 [  0   0   0   0   0   0  45]
 [  0   0   0   0   0   0   6]
 [  0   0   0   0   0   0  65]
 [  0   0   0   0   0   0 117]]

SVM linear
Classification_report:
             precision    recall  f1-score   support

          B       0.42      0.49      0.46        77
          C       0.35      0.30      0.32        20
          G       0.43      0.42      0.42        36
          M       0.26      0.24      0.25        45
          O       1.00      0.33      0.50         6
          P       0.67      0.54      0.60        65
          R       0.49      0.54      0.51       117

avg / total       0.48      0.46      0.46       366

[[38  3  7  5  0  6 18]
 [ 4  6  1  1  0  1  7]
 [13  2 15  0  0  0  6]
 [ 7  0  3 11  0  2 22]
 [ 0  0  0  0  2  2  2]
 [ 6  3  7  4  0 35 10]
 [22  3  2 21  0  6 63]]

Reading  corpus/output466.json
SVM RBF
Classification_report:
             precision    recall  f1-score   support

          B       0.38      1.00      0.56       179
          C       0.00      0.00      0.00        20
          G       0.00      0.00      0.00        36
          M       0.00      0.00      0.00        59
          O       0.00      0.00      0.00         1
          P       0.00      0.00      0.00        68
          R       0.00      0.00      0.00       102

avg / total       0.15      0.38      0.21       465

[[179   0   0   0   0   0   0]
 [ 20   0   0   0   0   0   0]
 [ 36   0   0   0   0   0   0]
 [ 59   0   0   0   0   0   0]
 [  1   0   0   0   0   0   0]
 [ 68   0   0   0   0   0   0]
 [102   0   0   0   0   0   0]]

SVM linear
Classification_report:
             precision    recall  f1-score   support

          B       0.54      0.61      0.57       179
          C       0.11      0.10      0.10        20
          G       0.20      0.17      0.18        36
          M       0.23      0.24      0.23        59
          O       0.00      0.00      0.00         1
          P       0.51      0.53      0.52        68
          R       0.27      0.22      0.24       102

avg / total       0.39      0.41      0.40       465

[[109   3  18  18   0  12  19]
 [  6   2   1   2   0   3   6]
 [ 24   0   6   1   0   1   4]
 [ 16   1   0  14   0   8  20]
 [  0   0   0   0   0   0   1]
 [ 13   4   2   3   0  36  10]
 [ 33   9   3  24   0  11  22]]

Reading  corpus/output832.json
SVM RBF
Classification_report:
             precision    recall  f1-score   support

          B       0.31      1.00      0.47       256
          C       0.00      0.00      0.00        40
          G       0.00      0.00      0.00        72
          M       0.00      0.00      0.00       104
          O       0.00      0.00      0.00         7
          P       0.00      0.00      0.00       133
          R       0.67      0.01      0.02       219

avg / total       0.27      0.31      0.15       831

[[256   0   0   0   0   0   0]
 [ 40   0   0   0   0   0   0]
 [ 72   0   0   0   0   0   0]
 [103   0   0   0   0   0   1]
 [  7   0   0   0   0   0   0]
 [133   0   0   0   0   0   0]
 [217   0   0   0   0   0   2]]

SVM linear
Classification_report:
             precision    recall  f1-score   support

          B       0.51      0.60      0.55       256
          C       0.09      0.07      0.08        40
          G       0.34      0.31      0.32        72
          M       0.32      0.32      0.32       104
          O       0.40      0.29      0.33         7
          P       0.65      0.58      0.61       133
          R       0.48      0.44      0.46       219

avg / total       0.46      0.47      0.46       831

[[153   7  30  23   0   4  39]
 [ 15   3   3   0   0   7  12]
 [ 39   3  22   0   0   2   6]
 [ 25   2   0  33   0   9  35]
 [  0   0   0   0   2   4   1]
 [ 19   6   6  12   0  77  13]
 [ 51  14   4  34   3  16  97]]

