Reading  corpus/output366.json
SVM RBF
Classification_report:
             precision    recall  f1-score   support

          B       0.48      0.51      0.49        77
          C       0.29      0.20      0.24        20
          G       0.50      0.36      0.42        36
          M       0.19      0.20      0.20        45
          O       1.00      0.17      0.29         6
          P       0.56      0.57      0.56        65
          R       0.47      0.53      0.50       117

avg / total       0.46      0.45      0.45       366

[[39  0  8  5  0 10 15]
 [ 1  4  2  1  0  3  9]
 [12  2 13  1  0  1  7]
 [ 5  1  0  9  0  5 25]
 [ 0  0  0  0  1  2  3]
 [11  0  2  5  0 37 10]
 [13  7  1 26  0  8 62]]

SVM linear
Classification_report:
             precision    recall  f1-score   support

          B       0.51      0.60      0.55        77
          C       0.22      0.20      0.21        20
          G       0.41      0.39      0.40        36
          M       0.19      0.27      0.22        45
          O       1.00      0.33      0.50         6
          P       0.50      0.46      0.48        65
          R       0.52      0.44      0.47       117

avg / total       0.45      0.43      0.44       366

[[46  1  7  6  0 10  7]
 [ 1  4  2  3  0  3  7]
 [12  2 14  2  0  2  4]
 [ 7  1  1 12  0  4 20]
 [ 0  0  0  1  2  0  3]
 [14  2  5  8  0 30  6]
 [10  8  5 32  0 11 51]]

Reading  corpus/output466.json
SVM RBF
Classification_report:
             precision    recall  f1-score   support

          B       0.57      0.67      0.62       179
          C       0.22      0.20      0.21        20
          G       0.23      0.19      0.21        36
          M       0.27      0.29      0.28        59
          O       0.00      0.00      0.00         1
          P       0.48      0.44      0.46        68
          R       0.41      0.33      0.37       102

avg / total       0.44      0.46      0.45       465

[[120   6  19  12   0   8  14]
 [  6   4   1   1   0   3   5]
 [ 24   0   7   2   0   0   3]
 [ 15   4   0  17   0   8  15]
 [  0   0   0   0   0   1   0]
 [ 19   1   0   7   0  30  11]
 [ 26   3   4  23   0  12  34]]

SVM linear
Classification_report:
             precision    recall  f1-score   support

          B       0.52      0.57      0.55       179
          C       0.19      0.25      0.21        20
          G       0.22      0.22      0.22        36
          M       0.22      0.25      0.24        59
          O       0.00      0.00      0.00         1
          P       0.36      0.35      0.36        68
          R       0.32      0.23      0.26       102

avg / total       0.38      0.38      0.38       465

[[102   7  26  17   0  12  15]
 [  4   5   0   2   0   3   6]
 [ 25   0   8   0   0   1   2]
 [ 16   3   0  15   0  10  15]
 [  0   0   0   0   0   1   0]
 [ 20   5   0   8   0  24  11]
 [ 28   7   3  26   0  15  23]]

Reading  corpus/output832.json
SVM RBF
Classification_report:
             precision    recall  f1-score   support

          B       0.54      0.60      0.57       256
          C       0.16      0.17      0.17        40
          G       0.33      0.26      0.29        72
          M       0.28      0.30      0.29       104
          O       0.33      0.14      0.20         7
          P       0.51      0.52      0.52       133
          R       0.46      0.41      0.43       219

avg / total       0.44      0.45      0.44       831

[[154   8  30  19   0  20  25]
 [ 11   7   0   3   0   8  11]
 [ 39   4  19   2   0   0   8]
 [ 17   5   2  31   0   9  40]
 [  0   0   0   0   1   3   3]
 [ 28   4   4   9   0  69  19]
 [ 37  15   3  48   2  25  89]]

SVM linear
Classification_report:
             precision    recall  f1-score   support

          B       0.52      0.60      0.56       256
          C       0.21      0.25      0.23        40
          G       0.33      0.32      0.32        72
          M       0.30      0.36      0.33       104
          O       0.20      0.14      0.17         7
          P       0.49      0.50      0.50       133
          R       0.42      0.30      0.35       219

avg / total       0.43      0.43      0.43       831

[[153  10  33  16   0  21  23]
 [ 12  10   0   2   1   5  10]
 [ 36   2  23   3   0   3   5]
 [ 18   6   3  37   0  13  27]
 [  0   0   0   1   1   2   3]
 [ 24   5   4  10   0  67  23]
 [ 49  14   7  54   3  26  66]]

