Reading  corpus/output366.json
SVM RBF
Classification_report:
             precision    recall  f1-score   support

          B       1.00      0.05      0.10        77
          C       0.00      0.00      0.00        20
          G       0.00      0.00      0.00        36
          M       0.00      0.00      0.00        45
          O       0.00      0.00      0.00         6
          P       0.00      0.00      0.00        65
          R       0.32      1.00      0.49       117

avg / total       0.31      0.33      0.18       366

[[  4   0   0   0   0   0  73]
 [  0   0   0   0   0   0  20]
 [  0   0   0   0   0   0  36]
 [  0   0   0   0   0   0  45]
 [  0   0   0   0   0   0   6]
 [  0   0   0   0   0   0  65]
 [  0   0   0   0   0   0 117]]

SVM linear
Classification_report:
             precision    recall  f1-score   support

          B       0.39      0.47      0.42        77
          C       0.33      0.30      0.32        20
          G       0.38      0.28      0.32        36
          M       0.30      0.27      0.28        45
          O       1.00      0.33      0.50         6
          P       0.66      0.58      0.62        65
          R       0.45      0.50      0.47       117

avg / total       0.45      0.44      0.44       366

[[36  3  7  5  0  6 20]
 [ 4  6  0  1  0  1  8]
 [19  1 10  0  0  0  6]
 [ 4  1  1 12  0  2 25]
 [ 0  0  0  0  2  3  1]
 [ 7  3  5  1  0 38 11]
 [23  4  3 21  0  8 58]]

Reading  corpus/output466.json
SVM RBF
Classification_report:
             precision    recall  f1-score   support

          B       0.38      1.00      0.56       179
          C       0.00      0.00      0.00        20
          G       0.00      0.00      0.00        36
          M       0.00      0.00      0.00        59
          O       0.00      0.00      0.00         1
          P       0.00      0.00      0.00        68
          R       0.00      0.00      0.00       102

avg / total       0.15      0.38      0.21       465

[[179   0   0   0   0   0   0]
 [ 20   0   0   0   0   0   0]
 [ 36   0   0   0   0   0   0]
 [ 59   0   0   0   0   0   0]
 [  1   0   0   0   0   0   0]
 [ 68   0   0   0   0   0   0]
 [102   0   0   0   0   0   0]]

SVM linear
Classification_report:
             precision    recall  f1-score   support

          B       0.57      0.64      0.60       179
          C       0.12      0.10      0.11        20
          G       0.23      0.17      0.19        36
          M       0.21      0.22      0.21        59
          O       0.00      0.00      0.00         1
          P       0.49      0.53      0.51        68
          R       0.29      0.25      0.27       102

avg / total       0.41      0.42      0.41       465

[[115   3  14  18   0  12  17]
 [  7   2   1   1   0   4   5]
 [ 24   0   6   1   0   1   4]
 [ 14   1   0  13   0  10  21]
 [  0   0   0   0   0   0   1]
 [ 11   4   2   3   0  36  12]
 [ 31   6   3  27   0  10  25]]

Reading  corpus/output832.json
SVM RBF
Classification_report:
             precision    recall  f1-score   support

          B       0.31      1.00      0.47       256
          C       0.00      0.00      0.00        40
          G       0.00      0.00      0.00        72
          M       0.00      0.00      0.00       104
          O       0.00      0.00      0.00         7
          P       0.00      0.00      0.00       133
          R       0.67      0.01      0.02       219

avg / total       0.27      0.31      0.15       831

[[256   0   0   0   0   0   0]
 [ 40   0   0   0   0   0   0]
 [ 72   0   0   0   0   0   0]
 [103   0   0   0   0   0   1]
 [  7   0   0   0   0   0   0]
 [133   0   0   0   0   0   0]
 [217   0   0   0   0   0   2]]

SVM linear
Classification_report:
             precision    recall  f1-score   support

          B       0.52      0.62      0.56       256
          C       0.07      0.05      0.06        40
          G       0.35      0.29      0.32        72
          M       0.32      0.31      0.31       104
          O       0.50      0.29      0.36         7
          P       0.65      0.60      0.62       133
          R       0.46      0.43      0.44       219

avg / total       0.46      0.47      0.46       831

[[158   6  28  20   0   6  38]
 [ 14   2   3   2   0   7  12]
 [ 42   1  21   0   0   1   7]
 [ 22   1   1  32   0   9  39]
 [  0   0   0   0   2   3   2]
 [ 20   6   4   8   0  80  15]
 [ 50  14   3  38   2  17  95]]

