Reading  corpus/output366.json
SVM RBF
Classification_report:
             precision    recall  f1-score   support

          B       0.48      0.56      0.51        77
          C       0.20      0.05      0.08        20
          G       0.36      0.22      0.28        36
          M       0.38      0.27      0.31        45
          O       0.00      0.00      0.00         6
          P       0.62      0.69      0.65        65
          R       0.51      0.62      0.56       117

avg / total       0.46      0.50      0.47       366

[[43  1  8  0  0  8 17]
 [ 3  1  1  1  0  4 10]
 [19  1  8  0  0  2  6]
 [ 3  0  0 12  0  3 27]
 [ 0  0  0  0  0  3  3]
 [ 9  0  2  1  0 45  8]
 [13  2  3 18  0  8 73]]

SVM linear
Classification_report:
             precision    recall  f1-score   support

          B       0.52      0.61      0.56        77
          C       0.36      0.25      0.29        20
          G       0.38      0.33      0.35        36
          M       0.28      0.27      0.27        45
          O       1.00      0.17      0.29         6
          P       0.70      0.65      0.67        65
          R       0.52      0.56      0.54       117

avg / total       0.51      0.51      0.50       366

[[47  1 13  2  0  4 10]
 [ 2  5  0  1  0  2 10]
 [14  1 12  2  0  0  7]
 [ 7  0  0 12  0  4 22]
 [ 0  0  0  0  1  1  4]
 [ 8  1  3  4  0 42  7]
 [12  6  4 22  0  7 66]]

Reading  corpus/output466.json
SVM RBF
Classification_report:
             precision    recall  f1-score   support

          B       0.54      0.70      0.61       179
          C       0.14      0.10      0.12        20
          G       0.27      0.11      0.16        36
          M       0.33      0.27      0.30        59
          O       0.00      0.00      0.00         1
          P       0.59      0.50      0.54        68
          R       0.31      0.30      0.31       102

avg / total       0.43      0.46      0.44       465

[[125   3  10  10   0   7  24]
 [  5   2   1   0   0   2  10]
 [ 28   1   4   1   0   0   2]
 [ 17   2   0  16   0   4  20]
 [  0   0   0   0   0   0   1]
 [ 16   3   0   3   0  34  12]
 [ 39   3   0  18   0  11  31]]

SVM linear
Classification_report:
             precision    recall  f1-score   support

          B       0.54      0.58      0.56       179
          C       0.18      0.20      0.19        20
          G       0.26      0.28      0.27        36
          M       0.33      0.34      0.34        59
          O       0.00      0.00      0.00         1
          P       0.46      0.47      0.46        68
          R       0.40      0.32      0.36       102

avg / total       0.43      0.44      0.43       465

[[104   5  25  13   0  15  17]
 [  5   4   1   1   0   4   5]
 [ 23   1  10   0   0   0   2]
 [ 15   4   0  20   0   5  15]
 [  0   0   0   0   0   0   1]
 [ 18   2   1   5   0  32  10]
 [ 26   6   2  21   0  14  33]]

Reading  corpus/output832.json
SVM RBF
Classification_report:
             precision    recall  f1-score   support

          B       0.54      0.65      0.59       256
          C       0.36      0.12      0.19        40
          G       0.40      0.24      0.30        72
          M       0.27      0.20      0.23       104
          O       0.00      0.00      0.00         7
          P       0.60      0.59      0.60       133
          R       0.41      0.48      0.44       219

avg / total       0.46      0.47      0.46       831

[[167   2  22  10   0  13  42]
 [  9   5   2   1   0   3  20]
 [ 42   1  17   2   0   3   7]
 [ 18   2   0  21   0   8  55]
 [  0   0   0   0   0   3   4]
 [ 23   1   1   4   0  78  26]
 [ 49   3   1  39   1  21 105]]

SVM linear
Classification_report:
             precision    recall  f1-score   support

          B       0.51      0.61      0.55       256
          C       0.19      0.17      0.18        40
          G       0.38      0.32      0.35        72
          M       0.28      0.27      0.27       104
          O       0.20      0.14      0.17         7
          P       0.61      0.56      0.58       133
          R       0.41      0.38      0.39       219

avg / total       0.44      0.45      0.44       831

[[155   8  28  15   0  14  36]
 [ 12   7   0   1   1   4  15]
 [ 40   2  23   0   0   1   6]
 [ 23   3   2  28   0   7  41]
 [  0   1   0   0   1   2   3]
 [ 23   3   4   9   1  74  19]
 [ 51  13   4  47   2  19  83]]

