Reading  corpus/output366.json
SVM RBF
Classification_report:
             precision    recall  f1-score   support

          B       0.46      0.48      0.47        77
          C       0.00      0.00      0.00        20
          G       0.25      0.03      0.05        36
          M       0.00      0.00      0.00        45
          O       0.00      0.00      0.00         6
          P       0.42      0.38      0.40        65
          R       0.41      0.78      0.54       117

avg / total       0.33      0.42      0.35       366

[[37  0  1  1  0  8 30]
 [ 2  0  0  0  0  1 17]
 [ 7  0  1  0  0  9 19]
 [ 8  0  2  0  0  5 30]
 [ 0  0  0  0  0  2  4]
 [10  0  0  0  0 25 30]
 [16  0  0  0  0 10 91]]

SVM linear
Classification_report:
             precision    recall  f1-score   support

          B       0.45      0.39      0.42        77
          C       0.00      0.00      0.00        20
          G       0.50      0.06      0.10        36
          M       0.00      0.00      0.00        45
          O       0.00      0.00      0.00         6
          P       0.36      0.48      0.41        65
          R       0.43      0.77      0.55       117

avg / total       0.35      0.42      0.35       366

[[30  0  2  0  0 18 27]
 [ 2  0  0  0  0  2 16]
 [ 7  0  2  0  0 10 17]
 [ 6  0  0  0  0  9 30]
 [ 0  0  0  0  0  3  3]
 [ 8  0  0  1  0 31 25]
 [14  0  0  0  0 13 90]]

Reading  corpus/output466.json
SVM RBF
Classification_report:
             precision    recall  f1-score   support

          B       0.75      0.91      0.83       179
          C       0.50      0.05      0.09        20
          G       0.33      0.03      0.05        36
          M       0.44      0.31      0.36        59
          O       0.00      0.00      0.00         1
          P       0.55      0.57      0.56        68
          R       0.53      0.69      0.60       102

avg / total       0.59      0.63      0.58       465

[[163   1   0   0   0   8   7]
 [  0   1   0   1   0   1  17]
 [ 23   0   1   0   0  12   0]
 [  6   0   0  18   0   4  31]
 [  0   0   0   0   0   1   0]
 [ 17   0   2   3   0  39   7]
 [  7   0   0  19   0   6  70]]

SVM linear
Classification_report:
             precision    recall  f1-score   support

          B       0.65      0.91      0.75       179
          C       0.00      0.00      0.00        20
          G       0.00      0.00      0.00        36
          M       0.30      0.19      0.23        59
          O       0.00      0.00      0.00         1
          P       0.53      0.12      0.19        68
          R       0.48      0.76      0.59       102

avg / total       0.47      0.56      0.48       465

[[162   0   0   3   0   5   9]
 [  0   0   0   1   0   0  19]
 [ 35   0   0   0   0   1   0]
 [  3   0   0  11   0   0  45]
 [  1   0   0   0   0   0   0]
 [ 43   1   0   6   0   8  10]
 [  7   0   0  16   0   1  78]]

Reading  corpus/output832.json
SVM RBF
Classification_report:
             precision    recall  f1-score   support

          B       0.70      0.78      0.74       256
          C       0.00      0.00      0.00        40
          G       0.17      0.03      0.05        72
          M       0.00      0.00      0.00       104
          O       0.00      0.00      0.00         7
          P       0.54      0.53      0.54       133
          R       0.46      0.84      0.59       219

avg / total       0.44      0.55      0.47       831

[[200   0   3   1   0  14  38]
 [  3   0   0   0   0   1  36]
 [ 29   0   2   0   0  26  15]
 [ 13   0   4   0   0   4  83]
 [  0   0   0   0   0   3   4]
 [ 20   0   2   0   0  71  40]
 [ 22   0   1   0   0  12 184]]

SVM linear
Classification_report:
             precision    recall  f1-score   support

          B       0.53      0.79      0.63       256
          C       0.00      0.00      0.00        40
          G       0.00      0.00      0.00        72
          M       0.00      0.00      0.00       104
          O       0.00      0.00      0.00         7
          P       0.25      0.11      0.15       133
          R       0.46      0.82      0.59       219

avg / total       0.32      0.48      0.37       831

[[203   0   0   0   0  17  36]
 [  3   0   0   0   0   1  36]
 [ 52   0   0   2   0   5  13]
 [ 15   0   0   0   0   8  81]
 [  3   0   0   0   0   1   3]
 [ 80   0   0   0   0  14  39]
 [ 28   1   0   1   0  10 179]]
