Reading  corpus/output366.json
SVM RBF
Classification_report:
             precision    recall  f1-score   support

          B       0.52      0.58      0.55        77
          C       0.00      0.00      0.00        20
          G       0.50      0.14      0.22        36
          M       0.17      0.02      0.04        45
          O       0.00      0.00      0.00         6
          P       0.80      0.57      0.67        65
          R       0.46      0.85      0.60       117

avg / total       0.47      0.51      0.45       366

[[ 45   0   4   1   0   3  24]
 [  1   0   0   0   0   0  19]
 [ 16   0   5   0   0   0  15]
 [  5   0   0   1   0   2  37]
 [  0   0   0   2   0   1   3]
 [  9   0   0   1   0  37  18]
 [ 11   1   1   1   0   3 100]]

SVM linear
Classification_report:
             precision    recall  f1-score   support

          B       0.54      0.64      0.58        77
          C       0.38      0.15      0.21        20
          G       0.50      0.28      0.36        36
          M       0.42      0.22      0.29        45
          O       0.00      0.00      0.00         6
          P       0.64      0.69      0.67        65
          R       0.52      0.68      0.59       117

avg / total       0.51      0.54      0.51       366

[[49  0  5  2  0  7 14]
 [ 0  3  0  3  0  1 13]
 [16  0 10  0  0  1  9]
 [ 3  1  3 10  0  2 26]
 [ 2  0  0  0  0  2  2]
 [ 8  1  0  1  0 45 10]
 [13  3  2  8  0 12 79]]

Reading  corpus/output466.json
SVM RBF
Classification_report:
             precision    recall  f1-score   support

          B       0.79      0.87      0.83       179
          C       0.33      0.15      0.21        20
          G       0.62      0.36      0.46        36
          M       0.36      0.31      0.33        59
          O       0.00      0.00      0.00         1
          P       0.74      0.63      0.68        68
          R       0.50      0.64      0.56       102

avg / total       0.63      0.64      0.63       465

[[156   1   6   3   0   5   8]
 [  0   3   0   2   0   0  15]
 [ 20   0  13   0   0   3   0]
 [  4   0   0  18   0   2  35]
 [  0   0   0   0   0   1   0]
 [  9   2   2   5   0  43   7]
 [  8   3   0  22   0   4  65]]

SVM linear
Classification_report:
             precision    recall  f1-score   support

          B       0.71      0.78      0.74       179
          C       0.44      0.20      0.28        20
          G       0.42      0.36      0.39        36
          M       0.32      0.37      0.35        59
          O       0.00      0.00      0.00         1
          P       0.58      0.53      0.55        68
          R       0.56      0.54      0.55       102

avg / total       0.57      0.58      0.57       465

[[140   1  15   6   0  14   3]
 [  0   4   0   2   0   0  14]
 [ 22   0  13   0   0   1   0]
 [  8   0   0  22   0   7  22]
 [  1   0   0   0   0   0   0]
 [ 17   3   1   7   0  36   4]
 [  9   1   2  31   0   4  55]]

Reading  corpus/output832.json
SVM RBF
Classification_report:
             precision    recall  f1-score   support

          B       0.69      0.79      0.74       256
          C       0.75      0.07      0.14        40
          G       0.41      0.26      0.32        72
          M       0.21      0.05      0.08       104
          O       0.00      0.00      0.00         7
          P       0.74      0.56      0.64       133
          R       0.45      0.75      0.56       219

avg / total       0.55      0.56      0.52       831

[[203   0   9   5   0   4  35]
 [  3   3   1   0   0   0  33]
 [ 32   0  19   0   0   1  20]
 [ 14   0   5   5   0   3  77]
 [  1   0   0   1   0   3   2]
 [ 22   1   3   1   0  75  31]
 [ 19   0   9  12   0  15 164]]

SVM linear
Classification_report:
             precision    recall  f1-score   support

          B       0.65      0.75      0.69       256
          C       0.46      0.30      0.36        40
          G       0.39      0.28      0.33        72
          M       0.38      0.32      0.34       104
          O       0.00      0.00      0.00         7
          P       0.66      0.65      0.66       133
          R       0.54      0.59      0.56       219

avg / total       0.55      0.57      0.56       831

[[191   1  22   7   0  13  22]
 [  4  12   0   2   0   3  19]
 [ 35   0  20   4   0   2  11]
 [ 15   1   4  33   0   7  44]
 [  3   1   0   2   0   1   0]
 [ 19   2   1  10   0  87  14]
 [ 29   9   4  30   0  18 129]]
