Reading  corpus/output366.json
SVM RBF
Classification_report:
             precision    recall  f1-score   support

          B       0.59      0.70      0.64        77
          C       0.00      0.00      0.00        20
          G       1.00      0.06      0.11        36
          M       0.00      0.00      0.00        45
          O       0.00      0.00      0.00         6
          P       0.84      0.57      0.68        65
          R       0.46      0.90      0.61       117

avg / total       0.52      0.54      0.46       366

[[ 54   0   0   0   0   1  22]
 [  0   0   0   0   0   0  20]
 [ 17   0   2   0   0   0  17]
 [  5   0   0   0   0   1  39]
 [  0   0   0   0   0   1   5]
 [  8   0   0   0   0  37  20]
 [  7   1   0   0   0   4 105]]

SVM linear
Classification_report:
             precision    recall  f1-score   support

          B       0.54      0.64      0.58        77
          C       0.56      0.25      0.34        20
          G       0.38      0.28      0.32        36
          M       0.58      0.31      0.41        45
          O       0.00      0.00      0.00         6
          P       0.73      0.75      0.74        65
          R       0.59      0.75      0.66       117

avg / total       0.57      0.59      0.57       366

[[49  1 12  1  0  5  9]
 [ 0  5  0  0  0  1 14]
 [17  0 10  1  0  0  8]
 [ 7  1  2 14  0  1 20]
 [ 0  0  1  0  0  4  1]
 [ 6  1  0  0  0 49  9]
 [12  1  1  8  0  7 88]]

Reading  corpus/output466.json
SVM RBF
Classification_report:
             precision    recall  f1-score   support

          B       0.48      0.93      0.64       179
          C       0.50      0.05      0.09        20
          G       0.00      0.00      0.00        36
          M       0.67      0.03      0.06        59
          O       0.00      0.00      0.00         1
          P       0.79      0.34      0.47        68
          R       0.36      0.30      0.33       102

avg / total       0.49      0.48      0.40       465

[[167   0   0   0   0   1  11]
 [  8   1   0   1   0   0  10]
 [ 35   0   0   0   0   0   1]
 [ 33   0   0   2   0   1  23]
 [  0   0   0   0   0   1   0]
 [ 36   0   0   0   0  23   9]
 [ 67   1   0   0   0   3  31]]

SVM linear
Classification_report:
             precision    recall  f1-score   support

          B       0.59      0.76      0.67       179
          C       0.33      0.05      0.09        20
          G       0.45      0.25      0.32        36
          M       0.34      0.41      0.37        59
          O       0.00      0.00      0.00         1
          P       0.77      0.72      0.74        68
          R       0.33      0.25      0.29       102

avg / total       0.51      0.53      0.50       465

[[136   0   7   9   0   7  20]
 [  7   1   0   4   0   1   7]
 [ 20   0   9   4   0   1   2]
 [ 14   1   1  24   0   2  17]
 [  1   0   0   0   0   0   0]
 [  7   0   1   4   0  49   7]
 [ 44   1   2  25   0   4  26]]

Reading  corpus/output832.json
SVM RBF
Classification_report:
             precision    recall  f1-score   support

          B       0.53      0.75      0.62       256
          C       0.50      0.03      0.05        40
          G       0.00      0.00      0.00        72
          M       0.00      0.00      0.00       104
          O       0.00      0.00      0.00         7
          P       0.84      0.57      0.68       133
          R       0.40      0.69      0.51       219

avg / total       0.43      0.50      0.44       831

[[191   0   0   0   0   5  60]
 [  6   1   0   0   0   0  33]
 [ 56   0   0   0   0   0  16]
 [ 23   0   0   0   0   2  79]
 [  0   0   0   1   0   1   5]
 [ 22   0   0   2   0  76  33]
 [ 60   1   0   0   0   7 151]]

SVM linear
Classification_report:
             precision    recall  f1-score   support

          B       0.55      0.71      0.62       256
          C       0.55      0.28      0.37        40
          G       0.49      0.28      0.35        72
          M       0.37      0.34      0.35       104
          O       0.00      0.00      0.00         7
          P       0.73      0.69      0.71       133
          R       0.51      0.51      0.51       219

avg / total       0.54      0.54      0.53       831

[[183   2  16  12   0  13  30]
 [  8  11   0   3   0   2  16]
 [ 42   0  20   3   0   1   6]
 [ 22   0   3  35   0   3  41]
 [  0   2   0   2   0   3   0]
 [ 18   0   0   8   0  92  15]
 [ 57   5   2  32   0  12 111]]
