Reading  corpus/output366.json
SVM RBF
Classification_report:
             precision    recall  f1-score   support

          B       0.57      0.70      0.63        77
          C       0.00      0.00      0.00        20
          G       0.44      0.19      0.27        36
          M       0.67      0.18      0.28        45
          O       1.00      0.33      0.50         6
          P       0.80      0.60      0.68        65
          R       0.50      0.81      0.62       117

avg / total       0.56      0.56      0.52       366

[[54  0  6  0  0  4 13]
 [ 1  0  0  0  0  0 19]
 [20  0  7  0  0  0  9]
 [ 5  0  1  8  0  1 30]
 [ 0  0  0  0  2  0  4]
 [ 5  0  2  0  0 39 19]
 [10  3  0  4  0  5 95]]

SVM linear
Classification_report:
             precision    recall  f1-score   support

          B       0.50      0.60      0.54        77
          C       0.37      0.35      0.36        20
          G       0.42      0.39      0.41        36
          M       0.31      0.33      0.32        45
          O       1.00      0.33      0.50         6
          P       0.69      0.63      0.66        65
          R       0.58      0.56      0.57       117

avg / total       0.53      0.52      0.52       366

[[46  1 12  7  0  3  8]
 [ 2  7  1  2  0  1  7]
 [16  0 14  1  0  2  3]
 [ 5  2  1 15  0  3 19]
 [ 0  0  0  0  2  2  2]
 [ 9  0  3  3  0 41  9]
 [14  9  2 20  0  7 65]]

Reading  corpus/output466.json
SVM RBF
Classification_report:
             precision    recall  f1-score   support

          B       0.58      0.82      0.68       179
          C       0.44      0.20      0.28        20
          G       0.00      0.00      0.00        36
          M       0.43      0.25      0.32        59
          O       0.00      0.00      0.00         1
          P       0.60      0.49      0.54        68
          R       0.40      0.44      0.42       102

avg / total       0.47      0.52      0.49       465

[[147   1   0   4   0   3  24]
 [  5   4   1   1   0   2   7]
 [ 33   0   0   0   0   1   2]
 [ 15   1   0  15   0   5  23]
 [  0   0   0   0   0   1   0]
 [ 20   1   0   3   0  33  11]
 [ 33   2   0  12   0  10  45]]

SVM linear
Classification_report:
             precision    recall  f1-score   support

          B       0.57      0.65      0.61       179
          C       0.27      0.15      0.19        20
          G       0.25      0.22      0.24        36
          M       0.29      0.27      0.28        59
          O       0.00      0.00      0.00         1
          P       0.66      0.59      0.62        68
          R       0.44      0.43      0.44       102

avg / total       0.48      0.49      0.48       465

[[117   2  18  16   0   4  22]
 [  5   3   1   2   0   2   7]
 [ 27   0   8   0   0   0   1]
 [ 18   4   1  16   0   3  17]
 [  0   0   0   0   0   1   0]
 [  9   0   3   8   0  40   8]
 [ 30   2   1  14   0  11  44]]

Reading  corpus/output832.json
SVM RBF
Classification_report:
             precision    recall  f1-score   support

          B       0.57      0.77      0.65       256
          C       0.67      0.10      0.17        40
          G       0.50      0.08      0.14        72
          M       0.23      0.09      0.12       104
          O       0.50      0.14      0.22         7
          P       0.80      0.59      0.68       133
          R       0.43      0.64      0.51       219

avg / total       0.52      0.52      0.48       831

[[196   0   4   6   0   2  48]
 [  7   4   0   0   0   2  27]
 [ 57   0   6   1   0   0   8]
 [ 23   0   0   9   0   3  69]
 [  0   0   0   2   1   0   4]
 [ 18   0   1   4   0  78  32]
 [ 43   2   1  18   1  13 141]]

SVM linear
Classification_report:
             precision    recall  f1-score   support

          B       0.53      0.59      0.56       256
          C       0.30      0.35      0.32        40
          G       0.42      0.40      0.41        72
          M       0.30      0.31      0.30       104
          O       0.00      0.00      0.00         7
          P       0.65      0.62      0.64       133
          R       0.42      0.38      0.40       219

avg / total       0.47      0.47      0.47       831

[[150   5  35  16   0  11  39]
 [ 10  14   0   1   0   2  13]
 [ 37   0  29   2   0   0   4]
 [ 25   2   1  32   0   6  38]
 [  0   1   0   0   0   3   3]
 [ 14   4   2  13   0  83  17]
 [ 47  21   2  42   1  23  83]]
