Reading  corpus/output366.json
SVM RBF
Classification_report:
             precision    recall  f1-score   support

          B       0.57      0.62      0.60        77
          C       0.14      0.05      0.07        20
          G       0.45      0.28      0.34        36
          M       0.38      0.18      0.24        45
          O       1.00      0.33      0.50         6
          P       0.74      0.62      0.67        65
          R       0.50      0.75      0.60       117

avg / total       0.53      0.54      0.51       366

[[48  0  8  1  0  6 14]
 [ 1  1  0  0  0  0 18]
 [19  0 10  0  0  0  7]
 [ 4  1  2  8  0  2 28]
 [ 0  0  0  0  2  1  3]
 [ 4  1  2  0  0 40 18]
 [ 8  4  0 12  0  5 88]]

SVM linear
Classification_report:
             precision    recall  f1-score   support

          B       0.55      0.55      0.55        77
          C       0.29      0.25      0.27        20
          G       0.42      0.44      0.43        36
          M       0.29      0.33      0.31        45
          O       1.00      0.33      0.50         6
          P       0.68      0.65      0.66        65
          R       0.53      0.54      0.54       117

avg / total       0.52      0.51      0.51       366

[[42  2 15  4  0  6  8]
 [ 0  5  3  2  0  2  8]
 [15  1 16  0  0  0  4]
 [ 5  0  1 15  0  3 21]
 [ 0  0  0  0  2  1  3]
 [ 6  0  3  3  0 42 11]
 [ 9  9  0 28  0  8 63]]

Reading  corpus/output466.json
SVM RBF
Classification_report:
             precision    recall  f1-score   support

          B       0.60      0.80      0.68       179
          C       0.44      0.20      0.28        20
          G       0.62      0.14      0.23        36
          M       0.36      0.27      0.31        59
          O       0.00      0.00      0.00         1
          P       0.68      0.53      0.60        68
          R       0.42      0.46      0.44       102

avg / total       0.54      0.54      0.52       465

[[143   1   2  11   0   3  19]
 [  5   4   1   1   0   2   7]
 [ 30   0   5   0   0   0   1]
 [ 13   2   0  16   0   4  24]
 [  0   0   0   0   0   1   0]
 [ 16   0   0   3   0  36  13]
 [ 32   2   0  14   0   7  47]]

SVM linear
Classification_report:
             precision    recall  f1-score   support

          B       0.61      0.68      0.64       179
          C       0.33      0.15      0.21        20
          G       0.40      0.28      0.33        36
          M       0.30      0.29      0.30        59
          O       0.00      0.00      0.00         1
          P       0.63      0.60      0.62        68
          R       0.42      0.46      0.44       102

avg / total       0.50      0.51      0.51       465

[[121   1  13  14   0   6  24]
 [  5   3   1   1   0   2   8]
 [ 21   1  10   1   0   1   2]
 [ 15   2   1  17   0   4  20]
 [  0   0   0   0   0   1   0]
 [ 11   0   0   4   0  41  12]
 [ 24   2   0  19   0  10  47]]

Reading  corpus/output832.json
SVM RBF
Classification_report:
             precision    recall  f1-score   support

          B       0.56      0.73      0.64       256
          C       0.50      0.15      0.23        40
          G       0.52      0.21      0.30        72
          M       0.31      0.20      0.25       104
          O       0.00      0.00      0.00         7
          P       0.71      0.60      0.65       133
          R       0.42      0.53      0.47       219

avg / total       0.51      0.51      0.49       831

[[187   0  10   8   0   6  45]
 [  7   6   1   1   0   2  23]
 [ 49   0  15   0   0   0   8]
 [ 21   0   1  21   0   4  57]
 [  0   1   0   0   0   3   3]
 [ 21   0   1   7   0  80  24]
 [ 47   5   1  30   1  18 117]]

SVM linear
Classification_report:
             precision    recall  f1-score   support

          B       0.57      0.60      0.58       256
          C       0.24      0.25      0.25        40
          G       0.41      0.39      0.40        72
          M       0.37      0.40      0.39       104
          O       0.00      0.00      0.00         7
          P       0.61      0.65      0.63       133
          R       0.51      0.46      0.48       219

avg / total       0.50      0.51      0.50       831

[[154   4  34  19   0  14  31]
 [  9  10   1   1   0   4  15]
 [ 39   0  28   1   0   0   4]
 [ 13   5   1  42   0  12  31]
 [  0   1   0   1   0   4   1]
 [ 19   3   2   9   0  86  14]
 [ 37  18   3  40   1  20 100]]
