Reading  corpus/output366.json
SVM RBF
Classification_report:
             precision    recall  f1-score   support

          B       0.56      0.57      0.57        77
          C       0.38      0.15      0.21        20
          G       0.44      0.31      0.36        36
          M       0.45      0.29      0.35        45
          O       1.00      0.33      0.50         6
          P       0.73      0.66      0.69        65
          R       0.50      0.71      0.59       117

avg / total       0.54      0.54      0.53       366

[[44  0 11  1  0  5 16]
 [ 0  3  1  0  0  3 13]
 [18  0 11  0  0  0  7]
 [ 4  0  0 13  0  2 26]
 [ 0  0  0  0  2  1  3]
 [ 3  0  2  0  0 43 17]
 [ 9  5  0 15  0  5 83]]

SVM linear
Classification_report:
             precision    recall  f1-score   support

          B       0.53      0.53      0.53        77
          C       0.38      0.30      0.33        20
          G       0.45      0.36      0.40        36
          M       0.30      0.31      0.31        45
          O       1.00      0.33      0.50         6
          P       0.70      0.65      0.67        65
          R       0.49      0.56      0.52       117

avg / total       0.51      0.50      0.50       366

[[41  1 12  4  0  5 14]
 [ 0  6  0  1  0  2 11]
 [16  1 13  0  0  0  6]
 [ 3  0  1 14  0  3 24]
 [ 0  0  0  0  2  2  2]
 [ 7  0  3  1  0 42 12]
 [11  8  0 26  0  6 66]]

Reading  corpus/output466.json
SVM RBF
Classification_report:
             precision    recall  f1-score   support

          B       0.61      0.77      0.68       179
          C       0.43      0.15      0.22        20
          G       0.50      0.17      0.25        36
          M       0.31      0.27      0.29        59
          O       0.00      0.00      0.00         1
          P       0.62      0.53      0.57        68
          R       0.45      0.50      0.47       102

avg / total       0.52      0.54      0.52       465

[[137   0   5  13   0   5  19]
 [  4   3   1   1   0   3   8]
 [ 28   0   6   0   0   0   2]
 [ 14   2   0  16   0   5  22]
 [  0   0   0   0   0   1   0]
 [ 15   0   0   5   0  36  12]
 [ 25   2   0  16   0   8  51]]

SVM linear
Classification_report:
             precision    recall  f1-score   support

          B       0.62      0.68      0.65       179
          C       0.25      0.10      0.14        20
          G       0.35      0.25      0.29        36
          M       0.32      0.31      0.31        59
          O       0.00      0.00      0.00         1
          P       0.57      0.59      0.58        68
          R       0.47      0.51      0.49       102

avg / total       0.50      0.52      0.51       465

[[121   0  12  14   0  11  21]
 [  3   2   2   2   0   3   8]
 [ 26   1   9   0   0   0   0]
 [ 12   3   2  18   0   4  20]
 [  0   0   0   0   0   1   0]
 [ 12   0   1   5   0  40  10]
 [ 20   2   0  17   0  11  52]]

Reading  corpus/output832.json
SVM RBF
Classification_report:
             precision    recall  f1-score   support

          B       0.57      0.72      0.63       256
          C       0.36      0.12      0.19        40
          G       0.47      0.24      0.31        72
          M       0.33      0.25      0.29       104
          O       0.00      0.00      0.00         7
          P       0.71      0.64      0.67       133
          R       0.47      0.55      0.51       219

avg / total       0.51      0.53      0.51       831

[[184   1  18  10   0   9  34]
 [  8   5   0   2   0   3  22]
 [ 49   0  17   0   0   0   6]
 [ 24   0   1  26   0   4  49]
 [  0   1   0   0   0   3   3]
 [ 21   0   0   5   0  85  22]
 [ 39   7   0  35   1  16 121]]

SVM linear
Classification_report:
             precision    recall  f1-score   support

          B       0.57      0.62      0.60       256
          C       0.25      0.20      0.22        40
          G       0.40      0.36      0.38        72
          M       0.35      0.38      0.36       104
          O       1.00      0.14      0.25         7
          P       0.66      0.63      0.65       133
          R       0.47      0.46      0.47       219

avg / total       0.51      0.50      0.50       831

[[160   5  33  15   0   7  36]
 [  6   8   0   2   0   6  18]
 [ 40   0  26   1   0   0   5]
 [ 16   3   1  39   0   7  38]
 [  0   1   0   1   1   2   2]
 [ 21   2   3   8   0  84  15]
 [ 36  13   2  46   0  21 101]]
