SVM linear corpus366
Classification_report:
             precision    recall  f1-score   support
          B       0.56      0.70      0.62        77
          C       0.00      0.00      0.00        20
          G       0.42      0.14      0.21        36
          M       0.50      0.04      0.08        45
          O       1.00      0.83      0.91         6
          P       0.70      0.57      0.63        65
          R       0.55      0.91      0.69       117

avg / total       0.54      0.57      0.51       366

[[ 54   0   7   0   0   9   7]
 [  0   0   0   0   0   0  20]
 [ 25   0   5   0   0   3   3]
 [  0   0   0   2   0   1  42]
 [  0   0   0   0   5   0   1]
 [ 15   0   0   0   0  37  13]
 [  3   2   0   2   0   3 107]]

SVM linear corpus466
Classification_report:
             precision    recall  f1-score   support
          B       0.64      0.92      0.76       179
          C       0.00      0.00      0.00        20
          G       0.00      0.00      0.00        36
          M       0.39      0.12      0.18        59
          O       0.00      0.00      0.00         1
          P       0.56      0.15      0.23        68
          R       0.49      0.83      0.62       102

avg / total       0.49      0.57      0.48       465

[[164   0   0   1   0   5   9]
 [  0   0   0   1   0   0  19]
 [ 34   0   0   0   0   2   0]
 [  4   0   0   7   0   0  48]
 [  1   0   0   0   0   0   0]
 [ 44   1   0   1   0  10  12]
 [  8   0   0   8   0   1  85]]

SVM linear corpus832
Classification_report:
             precision    recall  f1-score   support
          B       0.57      0.83      0.67       256
          C       0.50      0.03      0.05        40
          G       0.00      0.00      0.00        72
          M       0.00      0.00      0.00       104
          O       1.00      0.57      0.73         7
          P       0.32      0.20      0.24       133
          R       0.54      0.89      0.68       219

avg / total       0.40      0.53      0.43       831

[[213   0   0   0   0  29  14]
 [  1   1   0   1   0   0  37]
 [ 51   0   0   0   0  20   1]
 [ 11   0   0   0   0   1  92]
 [  1   1   0   0   4   0   1]
 [ 84   0   0   3   0  26  20]
 [ 15   0   0   3   0   5 196]]
