SVM RBF
Classification_report:
             precision    recall  f1-score   support

          B       0.55      0.36      0.44        77
          C       0.00      0.00      0.00        20
          G       1.00      0.03      0.05        36
          M       0.00      0.00      0.00        45
          O       0.00      0.00      0.00         6
          P       0.64      0.25      0.36        65
          R       0.37      0.92      0.53       117

avg / total       0.45      0.42      0.33       366

[[ 28   0   0   0   0   2  47]
 [  1   0   0   0   0   0  19]
 [  9   0   1   0   0   0  26]
 [  0   0   0   0   0   2  43]
 [  0   0   0   0   0   1   5]
 [  8   0   0   0   0  16  41]
 [  5   0   0   0   0   4 108]]

SVM linear
Classification_report:
             precision    recall  f1-score   support

          B       0.48      0.52      0.50        77
          C       0.20      0.20      0.20        20
          G       0.43      0.42      0.42        36
          M       0.24      0.27      0.25        45
          O       1.00      0.33      0.50         6
          P       0.63      0.57      0.60        65
          R       0.51      0.50      0.51       117

avg / total       0.47      0.46      0.46       366

[[40  5  9  5  0  5 13]
 [ 2  4  1  1  0  1 11]
 [12  1 15  2  0  2  4]
 [ 7  1  1 12  0  5 19]
 [ 0  0  0  0  2  2  2]
 [10  2  3  6  0 37  7]
 [13  7  6 25  0  7 59]]

KNN
Classification_report:
             precision    recall  f1-score   support

          B       0.34      0.49      0.40        77
          C       0.27      0.20      0.23        20
          G       0.18      0.22      0.20        36
          M       0.23      0.18      0.20        45
          O       0.17      0.17      0.17         6
          P       0.35      0.35      0.35        65
          R       0.48      0.35      0.40       117

avg / total       0.35      0.34      0.33       366

[[38  2 11  5  1  9 11]
 [ 3  4  5  0  0  4  4]
 [12  3  8  0  1  8  4]
 [11  0  3  8  2  5 16]
 [ 1  0  1  1  1  1  1]
 [18  1  7  6  1 23  9]
 [30  5 10 15  0 16 41]]

NB Gaussian
Classification_report:
             precision    recall  f1-score   support

          B       0.45      0.39      0.42        77
          C       0.33      0.20      0.25        20
          G       0.21      0.58      0.31        36
          M       0.30      0.40      0.34        45
          O       0.06      0.17      0.08         6
          P       0.64      0.63      0.64        65
          R       0.34      0.14      0.20       117

avg / total       0.39      0.36      0.35       366

[[30  0 27  4  3  9  4]
 [ 0  4  4  0  2  1  9]
 [ 9  1 21  3  0  1  1]
 [ 3  3 10 18  2  2  7]
 [ 0  0  0  0  1  0  5]
 [10  0  0  7  2 41  5]
 [15  4 36 28  8 10 16]]

NB Bernoulli
Classification_report:
             precision    recall  f1-score   support

          B       0.51      0.49      0.50        77
          C       0.50      0.10      0.17        20
          G       0.50      0.36      0.42        36
          M       0.37      0.29      0.33        45
          O       1.00      0.33      0.50         6
          P       0.65      0.68      0.66        65
          R       0.50      0.67      0.57       117

avg / total       0.52      0.52      0.50       366

[[38  0  6  3  0  6 24]
 [ 2  2  1  1  0  2 12]
 [13  0 13  0  0  2  8]
 [ 3  0  1 13  0  5 23]
 [ 0  2  2  0  2  0  0]
 [ 3  0  3  3  0 44 12]
 [15  0  0 15  0  9 78]]

DT
Classification_report:
             precision    recall  f1-score   support

          B       0.37      0.43      0.40        77
          C       0.28      0.25      0.26        20
          G       0.16      0.17      0.16        36
          M       0.11      0.11      0.11        45
          O       0.25      0.17      0.20         6
          P       0.62      0.60      0.61        65
          R       0.50      0.47      0.48       117

avg / total       0.40      0.39      0.39       366

[[33  3 12  7  0  4 18]
 [ 1  5  4  6  0  1  3]
 [10  4  6  4  1  4  7]
 [13  2  2  5  0  4 19]
 [ 0  0  0  0  1  4  1]
 [11  0  3  4  1 39  7]
 [22  4 10 18  1  7 55]]

CRF
Classification_report:
             precision    recall  f1-score   support

          B       0.52      0.56      0.54        77
          C       0.41      0.45      0.43        20
          G       0.45      0.36      0.40        36
          M       0.15      0.09      0.11        45
          O       0.00      0.00      0.00         6
          P       0.62      0.54      0.58        65
          R       0.56      0.73      0.63       117

avg / total       0.49      0.52      0.50       366

CRF 2.0
Classification_report:
             precision    recall  f1-score   support

          B       0.58      0.55      0.56        77
          C       0.14      0.10      0.12        20
          G       0.25      0.22      0.24        36
          M       0.29      0.27      0.28        45
          O       0.00      0.00      0.00         6
          P       0.55      0.48      0.51        65
          R       0.55      0.70      0.62       117

avg / total       0.46      0.48      0.47       366


SVM RBF
Classification_report:
             precision    recall  f1-score   support

          B       0.47      0.94      0.63       179
          C       0.00      0.00      0.00        20
          G       0.00      0.00      0.00        36
          M       0.33      0.02      0.03        59
          O       0.00      0.00      0.00         1
          P       0.77      0.25      0.38        68
          R       0.37      0.29      0.33       102

avg / total       0.42      0.47      0.37       465

[[169   0   0   0   0   1   9]
 [ 11   0   0   0   0   0   9]
 [ 36   0   0   0   0   0   0]
 [ 31   0   0   1   0   1  26]
 [  0   0   0   0   0   0   1]
 [ 44   0   0   0   0  17   7]
 [ 67   0   0   2   0   3  30]]

SVM linear
Classification_report:
             precision    recall  f1-score   support

          B       0.60      0.63      0.61       179
          C       0.14      0.10      0.12        20
          G       0.26      0.22      0.24        36
          M       0.31      0.31      0.31        59
          O       0.00      0.00      0.00         1
          P       0.50      0.53      0.51        68
          R       0.43      0.42      0.43       102

avg / total       0.46      0.47      0.47       465

[[113   2  21  11   0  15  17]
 [  1   2   0   2   0   3  12]
 [ 25   1   8   0   0   1   1]
 [ 11   3   1  18   0   7  19]
 [  0   0   0   0   0   1   0]
 [ 19   1   1   3   0  36   8]
 [ 20   5   0  25   0   9  43]]

KNN
Classification_report:
             precision    recall  f1-score   support

          B       0.49      0.77      0.60       179
          C       0.29      0.35      0.32        20
          G       0.28      0.22      0.25        36
          M       0.29      0.24      0.26        59
          O       0.00      0.00      0.00         1
          P       0.50      0.21      0.29        68
          R       0.36      0.20      0.25       102

avg / total       0.41      0.43      0.40       465

[[138   3  13   7   0   6  12]
 [  9   7   0   1   0   0   3]
 [ 20   3   8   3   0   0   2]
 [ 29   4   1  14   0   4   7]
 [  0   0   0   0   0   0   1]
 [ 30   3   3   8   0  14  10]
 [ 55   4   4  15   0   4  20]]

NB Gaussian
Classification_report:
             precision    recall  f1-score   support

          B       0.54      0.18      0.27       179
          C       0.21      0.15      0.18        20
          G       0.17      0.67      0.27        36
          M       0.26      0.54      0.35        59
          O       0.00      0.00      0.00         1
          P       0.44      0.65      0.52        68
          R       0.26      0.08      0.12       102

avg / total       0.39      0.31      0.28       465

[[32  3 85 31  0 23  5]
 [ 3  3  2  5  0  2  5]
 [ 7  0 24  2  0  1  2]
 [ 3  2  6 32  0  9  7]
 [ 1  0  0  0  0  0  0]
 [ 4  1  3 12  0 44  4]
 [ 9  5 19 40  0 21  8]]

NB Bernoulli
Classification_report:
             precision    recall  f1-score   support

          B       0.63      0.80      0.70       179
          C       0.00      0.00      0.00        20
          G       0.00      0.00      0.00        36
          M       0.46      0.44      0.45        59
          O       0.00      0.00      0.00         1
          P       0.54      0.63      0.59        68
          R       0.44      0.40      0.42       102

avg / total       0.47      0.55      0.51       465

[[144   0   3   3   0  10  19]
 [  4   0   1   3   0   6   6]
 [ 31   0   0   2   0   0   3]
 [ 11   0   0  26   0   4  18]
 [  0   0   0   0   0   1   0]
 [ 12   0   0   6   0  43   7]
 [ 28   0   1  17   0  15  41]]

DT
Classification_report:
             precision    recall  f1-score   support

          B       0.78      0.80      0.79       179
          C       0.09      0.10      0.10        20
          G       0.55      0.47      0.51        36
          M       0.32      0.32      0.32        59
          O       0.00      0.00      0.00         1
          P       0.69      0.60      0.65        68
          R       0.38      0.41      0.40       102

avg / total       0.57      0.57      0.57       465

[[143   3   9   4   0   3  17]
 [  1   2   0   3   0   1  13]
 [ 18   0  17   0   0   1   0]
 [  1   6   1  19   0   3  29]
 [  0   0   0   1   0   0   0]
 [  9   2   2   5   0  41   9]
 [ 11   9   2  28   0  10  42]]

CRF
Classification_report:
             precision    recall  f1-score   support

          B       0.87      0.96      0.91       179
          C       0.76      0.65      0.70        20
          G       0.83      0.56      0.67        36
          M       0.54      0.51      0.52        59
          O       0.00      0.00      0.00         1
          P       0.85      0.76      0.81        68
          R       0.65      0.70      0.67       102

avg / total       0.77      0.77      0.76       465

CRF 2.0
Classification_report:
             precision    recall  f1-score   support

          B       0.84      0.91      0.87       179
          C       0.36      0.25      0.29        20
          G       0.71      0.42      0.53        36
          M       0.58      0.51      0.54        59
          O       0.00      0.00      0.00         1
          P       0.74      0.71      0.72        68
          R       0.60      0.70      0.64       102

avg / total       0.71      0.71      0.70       465


SVM RBF
Classification_report:
             precision    recall  f1-score   support

          B       0.47      0.81      0.59       256
          C       0.00      0.00      0.00        40
          G       0.00      0.00      0.00        72
          M       0.75      0.03      0.06       104
          O       0.00      0.00      0.00         7
          P       0.72      0.38      0.50       133
          R       0.46      0.67      0.54       219

avg / total       0.48      0.49      0.41       831

[[207   0   0   0   0   4  45]
 [ 14   0   0   0   0   1  25]
 [ 67   0   0   0   0   1   4]
 [ 28   0   0   3   0   5  68]
 [  0   0   0   0   0   3   4]
 [ 57   0   0   0   0  50  26]
 [ 67   0   0   1   0   5 146]]

SVM linear
Classification_report:
             precision    recall  f1-score   support

          B       0.54      0.62      0.58       256
          C       0.28      0.28      0.28        40
          G       0.30      0.31      0.30        72
          M       0.32      0.33      0.32       104
          O       0.25      0.14      0.18         7
          P       0.55      0.53      0.54       133
          R       0.47      0.40      0.43       219

avg / total       0.46      0.46      0.46       831

[[160   5  37  13   0  15  26]
 [  8  11   2   0   0   3  16]
 [ 38   1  22   4   0   3   4]
 [ 17   3   4  34   1   8  37]
 [  0   0   0   0   1   4   2]
 [ 28   6   5  11   0  70  13]
 [ 45  13   4  44   2  24  87]]

KNN
Classification_report:
             precision    recall  f1-score   support

          B       0.41      0.56      0.48       256
          C       0.15      0.15      0.15        40
          G       0.12      0.12      0.12        72
          M       0.27      0.16      0.20       104
          O       0.33      0.29      0.31         7
          P       0.38      0.35      0.37       133
          R       0.37      0.30      0.33       219

avg / total       0.34      0.35      0.34       831

[[144   6  28  11   2  32  33]
 [ 10   6   4   2   0   3  15]
 [ 46   3   9   3   0   5   6]
 [ 28   2   8  17   0  11  38]
 [  2   0   0   1   2   0   2]
 [ 42   5  13   9   0  47  17]
 [ 75  19  12  21   2  25  65]]

NB Gaussian
Classification_report:
             precision    recall  f1-score   support

          B       0.49      0.18      0.26       256
          C       0.16      0.33      0.22        40
          G       0.17      0.64      0.27        72
          M       0.29      0.44      0.35       104
          O       0.00      0.00      0.00         7
          P       0.56      0.56      0.56       133
          R       0.32      0.11      0.17       219

avg / total       0.38      0.30      0.29       831

[[ 46  19 120  31   3  27  10]
 [  2  13   9   2   1   4   9]
 [ 14   2  46   5   0   3   2]
 [  8   5  23  46   0   7  15]
 [  1   0   0   0   0   1   5]
 [  8  14   5  16   3  75  12]
 [ 14  26  72  57   7  18  25]]

NB Bernoulli
Classification_report:
             precision    recall  f1-score   support

          B       0.59      0.67      0.63       256
          C       0.67      0.20      0.31        40
          G       0.40      0.31      0.35        72
          M       0.34      0.29      0.31       104
          O       1.00      0.57      0.73         7
          P       0.56      0.69      0.62       133
          R       0.50      0.49      0.49       219

avg / total       0.52      0.52      0.51       831

[[171   1  22  14   0  19  29]
 [ 11   8   1   4   0   8   8]
 [ 37   0  22   1   0   5   7]
 [ 17   0   2  30   0   9  46]
 [  0   2   0   0   4   1   0]
 [ 11   0   4   8   0  92  18]
 [ 44   1   4  32   0  31 107]]

DT
Classification_report:
             precision    recall  f1-score   support

          B       0.62      0.59      0.61       256
          C       0.06      0.05      0.06        40
          G       0.37      0.42      0.39        72
          M       0.22      0.23      0.22       104
          O       0.40      0.29      0.33         7
          P       0.60      0.62      0.61       133
          R       0.45      0.46      0.46       219

avg / total       0.47      0.47      0.47       831

[[151   4  28  21   0  19  33]
 [  5   2   1   9   0   4  19]
 [ 20   2  30   8   0   5   7]
 [ 18   6   6  24   1   6  43]
 [  0   0   0   0   2   5   0]
 [ 17   4   1   9   1  82  19]
 [ 32  14  15  40   1  16 101]]

CRF
Classification_report:
             precision    recall  f1-score   support

          B       0.73      0.79      0.76       256
          C       0.46      0.45      0.46        40
          G       0.64      0.50      0.56        72
          M       0.37      0.28      0.32       104
          O       0.00      0.00      0.00         7
          P       0.74      0.62      0.67       133
          R       0.57      0.70      0.63       219

avg / total       0.62      0.63      0.62       831

CRF 2.0
Classification_report:
             precision    recall  f1-score   support

          B       0.81      0.82      0.81       256
          C       0.27      0.28      0.27        40
          G       0.63      0.51      0.56        72
          M       0.57      0.49      0.53       104
          O       0.00      0.00      0.00         7
          P       0.66      0.68      0.67       133
          R       0.64      0.71      0.67       219

avg / total       0.66      0.67      0.66       831
