SVM RBF
Classification_report:
             precision    recall  f1-score   support

          B       0.51      0.44      0.47        77
          C       0.00      0.00      0.00        20
          G       1.00      0.14      0.24        36
          M       1.00      0.02      0.04        45
          O       0.00      0.00      0.00         6
          P       0.49      0.29      0.37        65
          R       0.39      0.85      0.54       117

avg / total       0.54      0.43      0.37       366

[[ 34   0   0   0   0   6  37]
 [  1   0   0   0   0   0  19]
 [  9   0   5   0   0   2  20]
 [  3   0   0   1   0   4  37]
 [  0   0   0   0   0   1   5]
 [ 10   0   0   0   0  19  36]
 [ 10   0   0   0   0   7 100]]

SVM linear
Classification_report:
             precision    recall  f1-score   support

          B       0.45      0.52      0.48        77
          C       0.14      0.20      0.16        20
          G       0.27      0.33      0.30        36
          M       0.21      0.29      0.24        45
          O       0.50      0.33      0.40         6
          P       0.35      0.29      0.32        65
          R       0.52      0.37      0.43       117

avg / total       0.39      0.36      0.37       366

[[40  4 14  6  0  6  7]
 [ 2  4  2  0  0  5  7]
 [11  5 12  1  0  2  5]
 [ 6  3  2 13  0 10 11]
 [ 0  0  0  0  2  1  3]
 [14  4  9 13  0 19  6]
 [16  9  6 30  2 11 43]]

KNN
Classification_report:
             precision    recall  f1-score   support

          B       0.40      0.51      0.45        77
          C       0.20      0.15      0.17        20
          G       0.22      0.28      0.24        36
          M       0.19      0.24      0.21        45
          O       0.00      0.00      0.00         6
          P       0.44      0.37      0.40        65
          R       0.41      0.33      0.37       117

avg / total       0.35      0.34      0.34       366

[[39  4  9  7  0  5 13]
 [ 5  3  4  1  0  4  3]
 [ 9  2 10  2  0  5  8]
 [ 9  2  2 11  0  3 18]
 [ 0  0  4  0  0  1  1]
 [ 9  1  7 10  1 24 13]
 [26  3 10 27  0 12 39]]

NB Gaussian
Classification_report:
             precision    recall  f1-score   support

          B       0.48      0.38      0.42        77
          C       0.33      0.20      0.25        20
          G       0.17      0.61      0.27        36
          M       0.37      0.31      0.34        45
          O       0.06      0.17      0.08         6
          P       0.67      0.65      0.66        65
          R       0.32      0.13      0.18       117

avg / total       0.40      0.35      0.35       366

[[29  0 30  2  3  9  4]
 [ 0  4  4  0  2  1  9]
 [ 9  0 22  3  0  0  2]
 [ 3  3 14 14  2  2  7]
 [ 0  0  0  0  1  0  5]
 [ 9  0  3  4  2 42  5]
 [10  5 55 15  8  9 15]]

NB Bernoulli
Classification_report:
             precision    recall  f1-score   support

          B       0.59      0.55      0.57        77
          C       0.67      0.10      0.17        20
          G       0.25      0.03      0.05        36
          M       0.57      0.09      0.15        45
          O       1.00      0.50      0.67         6
          P       0.83      0.74      0.78        65
          R       0.47      0.89      0.62       117

avg / total       0.57      0.56      0.50       366

[[ 42   0   1   0   0   2  32]
 [  1   2   0   0   0   1  16]
 [ 19   0   1   0   0   0  16]
 [  1   0   1   4   0   2  37]
 [  0   1   1   0   3   1   0]
 [  2   0   0   0   0  48  15]
 [  6   0   0   3   0   4 104]]

DT
Classification_report:
             precision    recall  f1-score   support

          B       0.47      0.51      0.49        77
          C       0.17      0.15      0.16        20
          G       0.17      0.14      0.15        36
          M       0.11      0.11      0.11        45
          O       0.00      0.00      0.00         6
          P       0.63      0.65      0.64        65
          R       0.36      0.38      0.37       117

avg / total       0.37      0.38      0.37       366

[[39  2  4  8  0  8 16]
 [ 2  3  4  1  0  1  9]
 [12  2  5  5  0  1 11]
 [ 6  1  5  5  0  0 28]
 [ 0  0  0  0  0  4  2]
 [ 7  1  1  3  0 42 11]
 [17  9 11 25  0 11 44]]

CRF
Classification_report:
             precision    recall  f1-score   support

          B       0.54      0.57      0.55        77
          C       0.43      0.45      0.44        20
          G       0.37      0.31      0.33        36
          M       0.18      0.13      0.15        45
          O       0.00      0.00      0.00         6
          P       0.60      0.52      0.56        65
          R       0.57      0.69      0.63       117

avg / total       0.48      0.51      0.49       366

CRF 2.0
Classification_report:
             precision    recall  f1-score   support

          B       0.55      0.53      0.54        77
          C       0.26      0.25      0.26        20
          G       0.38      0.33      0.35        36
          M       0.22      0.22      0.22        45
          O       0.00      0.00      0.00         6
          P       0.49      0.49      0.49        65
          R       0.50      0.56      0.52       117

avg / total       0.44      0.45      0.45       366


SVM RBF
Classification_report:
             precision    recall  f1-score   support

          B       0.48      0.91      0.63       179
          C       0.00      0.00      0.00        20
          G       0.00      0.00      0.00        36
          M       0.75      0.10      0.18        59
          O       0.00      0.00      0.00         1
          P       0.72      0.26      0.39        68
          R       0.42      0.38      0.40       102

avg / total       0.48      0.48      0.41       465

[[162   0   0   0   0   2  15]
 [ 12   0   0   0   0   0   8]
 [ 36   0   0   0   0   0   0]
 [ 28   0   0   6   0   2  23]
 [  1   0   0   0   0   0   0]
 [ 42   0   0   0   0  18   8]
 [ 58   0   0   2   0   3  39]]

SVM linear
Classification_report:
             precision    recall  f1-score   support

          B       0.67      0.70      0.68       179
          C       0.33      0.35      0.34        20
          G       0.30      0.36      0.33        36
          M       0.32      0.29      0.30        59
          O       0.00      0.00      0.00         1
          P       0.46      0.54      0.50        68
          R       0.46      0.35      0.40       102

avg / total       0.50      0.51      0.50       465

[[126   2  26   3   0  11  11]
 [  2   7   0   3   0   2   6]
 [ 19   1  13   0   0   3   0]
 [ 10   3   1  17   0   7  21]
 [  0   0   0   0   0   1   0]
 [ 18   2   2   5   0  37   4]
 [ 14   6   1  25   0  20  36]]

KNN
Classification_report:
             precision    recall  f1-score   support

          B       0.46      0.75      0.57       179
          C       0.06      0.05      0.05        20
          G       0.19      0.14      0.16        36
          M       0.29      0.20      0.24        59
          O       0.00      0.00      0.00         1
          P       0.43      0.18      0.25        68
          R       0.36      0.21      0.26       102

avg / total       0.37      0.40      0.36       465

[[135   6   9   9   0   5  15]
 [ 10   1   2   2   0   2   3]
 [ 27   1   5   1   0   0   2]
 [ 26   4   2  12   0   3  12]
 [  1   0   0   0   0   0   0]
 [ 39   2   3   6   0  12   6]
 [ 54   4   5  12   0   6  21]]

NB Gaussian
Classification_report:
             precision    recall  f1-score   support

          B       0.54      0.18      0.27       179
          C       0.20      0.15      0.17        20
          G       0.17      0.67      0.27        36
          M       0.25      0.54      0.34        59
          O       0.00      0.00      0.00         1
          P       0.41      0.57      0.48        68
          R       0.25      0.07      0.11       102

avg / total       0.38      0.29      0.27       465

[[32  4 85 31  0 24  3]
 [ 3  3  2  5  0  2  5]
 [ 6  0 24  3  0  1  2]
 [ 3  2  6 32  0  9  7]
 [ 1  0  0  0  0  0  0]
 [ 4  1  3 17  0 39  4]
 [10  5 20 40  0 20  7]]

NB Bernoulli
Classification_report:
             precision    recall  f1-score   support

          B       0.56      0.92      0.69       179
          C       0.00      0.00      0.00        20
          G       0.00      0.00      0.00        36
          M       0.58      0.24      0.34        59
          O       0.00      0.00      0.00         1
          P       0.82      0.46      0.58        68
          R       0.41      0.40      0.40       102

avg / total       0.50      0.54      0.48       465

[[165   0   1   2   0   0  11]
 [  6   0   3   0   0   2   9]
 [ 33   0   0   0   0   1   2]
 [ 18   0   0  14   0   0  27]
 [  0   0   0   0   0   1   0]
 [ 23   1   0   2   0  31  11]
 [ 51   0   1   6   0   3  41]]

DT
Classification_report:
             precision    recall  f1-score   support

          B       0.75      0.76      0.75       179
          C       0.29      0.30      0.29        20
          G       0.54      0.53      0.54        36
          M       0.33      0.27      0.30        59
          O       0.00      0.00      0.00         1
          P       0.65      0.59      0.62        68
          R       0.45      0.51      0.48       102

avg / total       0.58      0.58      0.58       465

[[136   3  14   5   0   9  12]
 [  2   6   0   1   0   2   9]
 [ 16   0  19   0   0   0   1]
 [  2   2   1  16   1   1  36]
 [  0   0   1   0   0   0   0]
 [ 16   1   0   6   0  40   5]
 [ 10   9   0  21   0  10  52]]

CRF
Classification_report:
             precision    recall  f1-score   support

          B       0.87      0.96      0.91       179
          C       0.71      0.75      0.73        20
          G       0.81      0.61      0.70        36
          M       0.53      0.44      0.48        59
          O       0.00      0.00      0.00         1
          P       0.84      0.75      0.79        68
          R       0.64      0.69      0.66       102

avg / total       0.76      0.77      0.76       465

CRF 2.0
Classification_report:
             precision    recall  f1-score   support

          B       0.98      0.99      0.99       179
          C       0.44      0.40      0.42        20
          G       0.94      0.92      0.93        36
          M       0.81      0.81      0.81        59
          O       0.00      0.00      0.00         1
          P       0.91      0.87      0.89        68
          R       0.82      0.86      0.84       102

avg / total       0.89      0.89      0.89       465


SVM RBF
Classification_report:
             precision    recall  f1-score   support

          B       0.48      0.80      0.60       256
          C       0.00      0.00      0.00        40
          G       0.00      0.00      0.00        72
          M       0.38      0.03      0.05       104
          O       0.00      0.00      0.00         7
          P       0.53      0.34      0.41       133
          R       0.42      0.59      0.49       219

avg / total       0.39      0.46      0.39       831

[[205   0   0   1   0  11  39]
 [ 12   0   0   0   0   3  25]
 [ 62   0   0   0   0   3   7]
 [ 25   0   0   3   0   5  71]
 [  0   0   0   0   0   2   5]
 [ 58   0   0   0   0  45  30]
 [ 69   0   0   4   0  16 130]]

SVM linear
Classification_report:
             precision    recall  f1-score   support

          B       0.58      0.68      0.63       256
          C       0.21      0.25      0.23        40
          G       0.30      0.28      0.29        72
          M       0.28      0.23      0.25       104
          O       0.38      0.43      0.40         7
          P       0.52      0.46      0.49       133
          R       0.47      0.46      0.46       219

avg / total       0.46      0.47      0.46       831

[[173   6  24  15   0  11  27]
 [  3  10   3   1   1   4  18]
 [ 39   2  20   0   0   5   6]
 [ 18   3   1  24   1  15  42]
 [  0   0   0   0   3   2   2]
 [ 25   8  13   9   0  61  17]
 [ 38  18   5  36   3  19 100]]

KNN
Classification_report:
             precision    recall  f1-score   support

          B       0.41      0.62      0.49       256
          C       0.06      0.05      0.05        40
          G       0.26      0.26      0.26        72
          M       0.21      0.18      0.20       104
          O       0.00      0.00      0.00         7
          P       0.44      0.30      0.36       133
          R       0.31      0.21      0.25       219

avg / total       0.33      0.34      0.33       831

[[159   6  27  12   1  20  31]
 [ 11   2   4   6   0   5  12]
 [ 42   2  19   1   0   3   5]
 [ 33   8   4  19   0   9  31]
 [  2   0   0   2   0   0   3]
 [ 48   3   5  12   0  40  25]
 [ 93  12  14  38   2  13  47]]

NB Gaussian
Classification_report:
             precision    recall  f1-score   support

          B       0.49      0.17      0.26       256
          C       0.13      0.33      0.19        40
          G       0.16      0.64      0.26        72
          M       0.28      0.38      0.32       104
          O       0.00      0.00      0.00         7
          P       0.56      0.52      0.54       133
          R       0.32      0.11      0.16       219

avg / total       0.38      0.28      0.28       831

[[ 44  21 123  34   3  21  10]
 [  2  13   9   2   2   4   8]
 [ 14   3  46   4   0   3   2]
 [  8   7  27  39   0   8  15]
 [  1   0   0   0   0   1   5]
 [  8  23   5  13   3  69  12]
 [ 12  33  76  48   8  18  24]]

NB Bernoulli
Classification_report:
             precision    recall  f1-score   support

          B       0.58      0.77      0.66       256
          C       0.57      0.10      0.17        40
          G       0.56      0.12      0.20        72
          M       0.37      0.18      0.25       104
          O       1.00      0.43      0.60         7
          P       0.78      0.70      0.74       133
          R       0.45      0.60      0.51       219

avg / total       0.55      0.55      0.52       831

[[197   0   5   5   0   6  43]
 [ 10   4   1   1   0   2  22]
 [ 50   0   9   3   0   1   9]
 [ 16   0   0  19   0   5  64]
 [  0   3   0   0   3   1   0]
 [ 12   0   0   5   0  93  23]
 [ 57   0   1  18   0  12 131]]

DT
Classification_report:
             precision    recall  f1-score   support

          B       0.60      0.58      0.59       256
          C       0.27      0.28      0.27        40
          G       0.31      0.33      0.32        72
          M       0.17      0.16      0.17       104
          O       0.25      0.14      0.18         7
          P       0.56      0.59      0.58       133
          R       0.45      0.45      0.45       219

avg / total       0.46      0.46      0.46       831

[[149   4  27  23   0  21  32]
 [  4  11   1   4   2   3  15]
 [ 28   1  24   5   0   3  11]
 [ 10   7   9  17   0  17  44]
 [  1   2   0   1   1   2   0]
 [ 19   6   1  10   1  79  17]
 [ 38  10  15  42   0  15  99]]

CRF
Classification_report:
             precision    recall  f1-score   support

          B       0.72      0.81      0.76       256
          C       0.59      0.47      0.53        40
          G       0.62      0.49      0.55        72
          M       0.35      0.28      0.31       104
          O       1.00      0.29      0.44         7
          P       0.72      0.62      0.66       133
          R       0.57      0.67      0.62       219

avg / total       0.62      0.63      0.62       831

CRF 2.0
Classification_report:
             precision    recall  f1-score   support

          B       0.92      0.87      0.90       256
          C       0.43      0.40      0.42        40
          G       0.72      0.71      0.71        72
          M       0.65      0.68      0.67       104
          O       0.00      0.00      0.00         7
          P       0.75      0.75      0.75       133
          R       0.69      0.74      0.72       219

avg / total       0.75      0.75      0.75       831
