SVM RBF
Classification_report:
             precision    recall  f1-score   support

          B       1.00      0.05      0.10        77
          C       0.00      0.00      0.00        20
          G       0.00      0.00      0.00        36
          M       0.00      0.00      0.00        45
          O       0.00      0.00      0.00         6
          P       0.00      0.00      0.00        65
          R       0.32      1.00      0.49       117

avg / total       0.31      0.33      0.18       366

[[  4   0   0   0   0   0  73]
 [  0   0   0   0   0   0  20]
 [  0   0   0   0   0   0  36]
 [  0   0   0   0   0   0  45]
 [  0   0   0   0   0   0   6]
 [  0   0   0   0   0   0  65]
 [  0   0   0   0   0   0 117]]

SVM linear
Classification_report:
             precision    recall  f1-score   support

          B       0.43      0.51      0.46        77
          C       0.35      0.30      0.32        20
          G       0.45      0.42      0.43        36
          M       0.29      0.27      0.28        45
          O       1.00      0.33      0.50         6
          P       0.65      0.52      0.58        65
          R       0.50      0.56      0.53       117

avg / total       0.48      0.47      0.47       366

[[39  2  7  5  0  7 17]
 [ 4  6  0  1  0  1  8]
 [13  2 15  0  0  0  6]
 [ 7  0  2 12  0  2 22]
 [ 0  0  0  0  2  2  2]
 [ 7  3  7  4  0 34 10]
 [21  4  2 19  0  6 65]]

KNN
Classification_report:
             precision    recall  f1-score   support

          B       0.32      0.44      0.37        77
          C       0.27      0.20      0.23        20
          G       0.29      0.33      0.31        36
          M       0.19      0.20      0.20        45
          O       0.00      0.00      0.00         6
          P       0.48      0.37      0.42        65
          R       0.46      0.43      0.44       117

avg / total       0.37      0.36      0.36       366

[[34  2  5 12  0  6 18]
 [ 6  4  2  1  0  1  6]
 [10  1 12  2  0  3  8]
 [14  2  3  9  0  4 13]
 [ 0  0  1  1  0  1  3]
 [19  1  5  6  0 24 10]
 [22  5 13 16  0 11 50]]

NB Gaussian
Classification_report:
             precision    recall  f1-score   support

          B       0.45      0.39      0.42        77
          C       0.33      0.20      0.25        20
          G       0.24      0.58      0.34        36
          M       0.27      0.42      0.33        45
          O       0.06      0.17      0.08         6
          P       0.62      0.63      0.63        65
          R       0.34      0.14      0.20       117

avg / total       0.39      0.36      0.35       366

[[30  0 26  6  3  8  4]
 [ 0  4  4  0  2  1  9]
 [ 9  0 21  3  0  1  2]
 [ 3  3  8 19  2  3  7]
 [ 0  0  0  0  1  0  5]
 [ 9  1  0  8  2 41  4]
 [15  4 27 35  8 12 16]]

NB Bernoulli
Classification_report:
             precision    recall  f1-score   support

          B       0.52      0.44      0.48        77
          C       0.57      0.20      0.30        20
          G       0.39      0.39      0.39        36
          M       0.29      0.29      0.29        45
          O       1.00      0.33      0.50         6
          P       0.49      0.68      0.57        65
          R       0.50      0.51      0.50       117

avg / total       0.48      0.47      0.46       366

[[34  1 12  2  0 11 17]
 [ 2  4  1  1  0  6  6]
 [13  0 14  1  0  4  4]
 [ 3  0  1 13  0  7 21]
 [ 0  2  0  0  2  1  1]
 [ 2  0  4  3  0 44 12]
 [12  0  4 25  0 16 60]]

DT
Classification_report:
             precision    recall  f1-score   support

          B       0.42      0.42      0.42        77
          C       0.05      0.05      0.05        20
          G       0.24      0.22      0.23        36
          M       0.22      0.22      0.22        45
          O       0.12      0.17      0.14         6
          P       0.55      0.55      0.55        65
          R       0.45      0.45      0.45       117

avg / total       0.39      0.39      0.39       366

[[32  4 13  5  0  7 16]
 [ 2  1  4  3  0  0 10]
 [10  3  8  5  0  1  9]
 [11  3  1 10  1  5 14]
 [ 0  0  0  0  1  4  1]
 [ 5  2  1  3  4 36 14]
 [16  6  7 20  2 13 53]]

CRF
Classification_report:
             precision    recall  f1-score   support

          B       0.56      0.56      0.56        77
          C       0.43      0.45      0.44        20
          G       0.36      0.28      0.31        36
          M       0.15      0.13      0.14        45
          O       0.00      0.00      0.00         6
          P       0.53      0.48      0.50        65
          R       0.56      0.68      0.61       117

avg / total       0.47      0.49      0.47       366

CRF 2.0
Classification_report:
             precision    recall  f1-score   support

          B       0.43      0.40      0.42        77
          C       0.17      0.10      0.12        20
          G       0.24      0.25      0.24        36
          M       0.24      0.22      0.23        45
          O       0.00      0.00      0.00         6
          P       0.59      0.55      0.57        65
          R       0.52      0.62      0.57       117

avg / total       0.42      0.44      0.43       366


SVM RBF
Classification_report:
             precision    recall  f1-score   support

          B       0.38      1.00      0.56       179
          C       0.00      0.00      0.00        20
          G       0.00      0.00      0.00        36
          M       0.00      0.00      0.00        59
          O       0.00      0.00      0.00         1
          P       0.00      0.00      0.00        68
          R       0.00      0.00      0.00       102

avg / total       0.15      0.38      0.21       465

[[179   0   0   0   0   0   0]
 [ 20   0   0   0   0   0   0]
 [ 36   0   0   0   0   0   0]
 [ 59   0   0   0   0   0   0]
 [  1   0   0   0   0   0   0]
 [ 68   0   0   0   0   0   0]
 [102   0   0   0   0   0   0]]

SVM linear
Classification_report:
             precision    recall  f1-score   support

          B       0.54      0.61      0.58       179
          C       0.11      0.10      0.10        20
          G       0.21      0.17      0.18        36
          M       0.23      0.24      0.23        59
          O       0.00      0.00      0.00         1
          P       0.51      0.53      0.52        68
          R       0.30      0.25      0.27       102

avg / total       0.40      0.42      0.41       465

[[110   3  17  17   0  11  21]
 [  6   2   1   2   0   3   6]
 [ 24   0   6   1   0   1   4]
 [ 16   1   0  14   0   8  20]
 [  0   0   0   0   0   0   1]
 [ 15   4   2   4   0  36   7]
 [ 31   9   3  23   0  11  25]]

KNN
Classification_report:
             precision    recall  f1-score   support

          B       0.46      0.75      0.57       179
          C       0.00      0.00      0.00        20
          G       0.00      0.00      0.00        36
          M       0.19      0.12      0.15        59
          O       0.00      0.00      0.00         1
          P       0.47      0.40      0.43        68
          R       0.30      0.14      0.19       102

avg / total       0.33      0.39      0.34       465

[[134   2  11  13   0  10   9]
 [ 12   0   1   2   0   1   4]
 [ 31   0   0   1   0   2   2]
 [ 30   0   4   7   0   4  14]
 [  0   0   0   0   0   0   1]
 [ 27   4   2   5   0  27   3]
 [ 59   4   2   9   0  14  14]]

NB Gaussian
Classification_report:
             precision    recall  f1-score   support

          B       0.56      0.20      0.29       179
          C       0.21      0.15      0.18        20
          G       0.18      0.67      0.28        36
          M       0.27      0.54      0.36        59
          O       0.00      0.00      0.00         1
          P       0.41      0.63      0.50        68
          R       0.23      0.07      0.11       102

avg / total       0.38      0.31      0.28       465

[[35  3 84 26  0 26  5]
 [ 4  3  2  3  0  3  5]
 [ 6  0 24  4  0  0  2]
 [ 3  2  6 32  0  9  7]
 [ 1  0  0  0  0  0  0]
 [ 4  1  3 13  0 43  4]
 [10  5 18 39  0 23  7]]

NB Bernoulli
Classification_report:
             precision    recall  f1-score   support

          B       0.61      0.59      0.60       179
          C       0.10      0.05      0.07        20
          G       0.29      0.31      0.30        36
          M       0.32      0.42      0.36        59
          O       0.00      0.00      0.00         1
          P       0.46      0.63      0.53        68
          R       0.33      0.24      0.27       102

avg / total       0.44      0.45      0.44       465

[[106   3  17  19   0  16  18]
 [  4   1   4   2   0   3   6]
 [ 19   1  11   3   0   0   2]
 [  9   1   1  25   0   8  15]
 [  0   0   0   1   0   0   0]
 [  9   2   1   5   0  43   8]
 [ 26   2   4  23   0  23  24]]

DT
Classification_report:
             precision    recall  f1-score   support

          B       0.69      0.74      0.72       179
          C       0.21      0.20      0.21        20
          G       0.39      0.31      0.34        36
          M       0.33      0.37      0.35        59
          O       0.00      0.00      0.00         1
          P       0.53      0.57      0.55        68
          R       0.41      0.34      0.37       102

avg / total       0.52      0.52      0.52       465

[[133   1  16   4   0  14  11]
 [  1   4   0   5   0   2   8]
 [ 24   0  11   0   0   0   1]
 [  4   6   1  22   0   5  21]
 [  1   0   0   0   0   0   0]
 [ 15   0   0   3   1  39  10]
 [ 14   8   0  32   0  13  35]]

CRF
Classification_report:
             precision    recall  f1-score   support

          B       0.87      0.96      0.91       179
          C       0.71      0.75      0.73        20
          G       0.84      0.58      0.69        36
          M       0.54      0.49      0.51        59
          O       0.00      0.00      0.00         1
          P       0.83      0.74      0.78        68
          R       0.64      0.67      0.65       102

avg / total       0.76      0.76      0.76       465

CRF 2.0
Classification_report:
             precision    recall  f1-score   support

          B       0.64      0.68      0.66       179
          C       0.50      0.25      0.33        20
          G       0.20      0.14      0.16        36
          M       0.35      0.32      0.33        59
          O       0.00      0.00      0.00         1
          P       0.49      0.56      0.52        68
          R       0.40      0.43      0.42       102

avg / total       0.49      0.50      0.49       465


SVM RBF
Classification_report:
             precision    recall  f1-score   support

          B       0.31      1.00      0.47       256
          C       0.00      0.00      0.00        40
          G       0.00      0.00      0.00        72
          M       0.00      0.00      0.00       104
          O       0.00      0.00      0.00         7
          P       0.00      0.00      0.00       133
          R       0.00      0.00      0.00       219

avg / total       0.09      0.31      0.15       831

[[256   0   0   0   0   0   0]
 [ 40   0   0   0   0   0   0]
 [ 72   0   0   0   0   0   0]
 [104   0   0   0   0   0   0]
 [  7   0   0   0   0   0   0]
 [133   0   0   0   0   0   0]
 [219   0   0   0   0   0   0]]

SVM linear
Classification_report:
             precision    recall  f1-score   support

          B       0.51      0.59      0.55       256
          C       0.09      0.07      0.08        40
          G       0.31      0.31      0.31        72
          M       0.33      0.33      0.33       104
          O       0.40      0.29      0.33         7
          P       0.67      0.60      0.63       133
          R       0.49      0.47      0.48       219

avg / total       0.47      0.48      0.47       831

[[152   8  35  22   0   4  35]
 [ 13   3   4   0   0   7  13]
 [ 41   1  22   0   0   2   6]
 [ 26   1   0  34   0   8  35]
 [  0   0   0   0   2   3   2]
 [ 19   6   5   9   0  80  14]
 [ 45  13   4  37   3  15 102]]

KNN
Classification_report:
             precision    recall  f1-score   support

          B       0.37      0.57      0.45       256
          C       0.10      0.07      0.09        40
          G       0.20      0.14      0.17        72
          M       0.17      0.17      0.17       104
          O       0.00      0.00      0.00         7
          P       0.50      0.38      0.43       133
          R       0.32      0.23      0.27       219

avg / total       0.32      0.33      0.32       831

[[145   9  14  35   0  12  41]
 [ 15   3   3   4   0   4  11]
 [ 47   0  10   8   0   2   5]
 [ 42   0   2  18   1   8  33]
 [  2   0   0   1   0   1   3]
 [ 42   7   9  14   0  50  11]
 [ 96  10  11  28   0  24  50]]

NB Gaussian
Classification_report:
             precision    recall  f1-score   support

          B       0.51      0.17      0.26       256
          C       0.18      0.35      0.24        40
          G       0.16      0.64      0.26        72
          M       0.29      0.46      0.36       104
          O       0.00      0.00      0.00         7
          P       0.55      0.56      0.55       133
          R       0.32      0.11      0.17       219

avg / total       0.39      0.30      0.29       831

[[ 44  17 123  34   3  25  10]
 [  2  14   8   2   0   4  10]
 [ 13   2  46   5   0   4   2]
 [  8   3  22  48   0   8  15]
 [  1   0   0   0   0   1   5]
 [  7  16   5  16   3  74  12]
 [ 12  24  75  58   7  18  25]]

NB Bernoulli
Classification_report:
             precision    recall  f1-score   support

          B       0.59      0.49      0.53       256
          C       0.34      0.25      0.29        40
          G       0.28      0.46      0.35        72
          M       0.31      0.33      0.32       104
          O       0.80      0.57      0.67         7
          P       0.48      0.68      0.56       133
          R       0.48      0.37      0.42       219

avg / total       0.47      0.45      0.45       831

[[125   5  52  21   0  29  24]
 [  5  10   5   4   0   8   8]
 [ 27   4  33   2   0   3   3]
 [ 12   3   3  34   0  18  34]
 [  0   1   0   0   4   1   1]
 [  7   1   9   7   1  91  17]
 [ 36   5  17  40   0  40  81]]

DT
Classification_report:
             precision    recall  f1-score   support

          B       0.68      0.61      0.64       256
          C       0.14      0.17      0.15        40
          G       0.41      0.42      0.41        72
          M       0.20      0.23      0.22       104
          O       0.00      0.00      0.00         7
          P       0.57      0.60      0.58       133
          R       0.46      0.45      0.46       219

avg / total       0.49      0.48      0.48       831

[[155   5  21  25   2  18  30]
 [  4   7   2   8   0   4  15]
 [ 20   3  30   4   0   4  11]
 [ 12  14   6  24   0   8  40]
 [  0   0   0   2   0   3   2]
 [ 13   4   4  12   2  80  18]
 [ 25  18  10  43   0  24  99]]

CRF
Classification_report:
             precision    recall  f1-score   support

          B       0.73      0.81      0.77       256
          C       0.53      0.47      0.50        40
          G       0.63      0.50      0.56        72
          M       0.36      0.27      0.31       104
          O       0.67      0.29      0.40         7
          P       0.71      0.59      0.65       133
          R       0.57      0.68      0.62       219

avg / total       0.62      0.63      0.62       831

CRF 2.0
Classification_report:
             precision    recall  f1-score   support

          B       0.63      0.63      0.63       256
          C       0.35      0.33      0.34        40
          G       0.38      0.33      0.35        72
          M       0.28      0.35      0.31       104
          O       0.00      0.00      0.00         7
          P       0.60      0.59      0.60       133
          R       0.53      0.51      0.52       219

avg / total       0.51      0.51      0.51       831
