SVM RBF
Classification_report:
             precision    recall  f1-score   support

          B       0.56      0.58      0.57        77
          C       0.00      0.00      0.00        20
          G       0.00      0.00      0.00        36
          M       1.00      0.02      0.04        45
          O       0.00      0.00      0.00         6
          P       0.65      0.65      0.65        65
          R       0.45      0.85      0.59       117

avg / total       0.50      0.51      0.43       366

[[ 45   0   0   0   0   5  27]
 [  2   0   0   0   0   3  15]
 [ 18   0   0   0   0   2  16]
 [  0   0   0   1   0   4  40]
 [  0   0   0   0   0   1   5]
 [  6   0   0   0   0  42  17]
 [  9   0   0   0   0   8 100]]

SVM linear
Classification_report:
             precision    recall  f1-score   support

          B       0.54      0.58      0.56        77
          C       0.38      0.30      0.33        20
          G       0.43      0.36      0.39        36
          M       0.26      0.24      0.25        45
          O       1.00      0.17      0.29         6
          P       0.70      0.65      0.67        65
          R       0.53      0.60      0.56       117

avg / total       0.52      0.51      0.51       366

[[45  2  9  3  0  5 13]
 [ 2  6  1  1  0  3  7]
 [16  0 13  1  0  1  5]
 [ 5  0  0 11  0  4 25]
 [ 0  0  0  0  1  1  4]
 [ 5  3  3  3  0 42  9]
 [11  5  4 23  0  4 70]]

KNN
Classification_report:
             precision    recall  f1-score   support

          B       0.30      0.36      0.33        77
          C       0.10      0.05      0.07        20
          G       0.14      0.17      0.15        36
          M       0.26      0.27      0.26        45
          O       0.00      0.00      0.00         6
          P       0.41      0.40      0.41        65
          R       0.44      0.40      0.42       117

avg / total       0.33      0.33      0.33       366

[[28  1 12  8  0 12 16]
 [ 4  1  3  0  0  2 10]
 [16  4  6  1  0  4  5]
 [ 6  0  3 12  0  4 20]
 [ 0  0  0  1  0  4  1]
 [16  1  7  5  2 26  8]
 [23  3 13 20  0 11 47]]

NB Gaussian
Classification_report:
             precision    recall  f1-score   support

          B       0.45      0.40      0.42        77
          C       0.33      0.20      0.25        20
          G       0.24      0.56      0.34        36
          M       0.23      0.40      0.29        45
          O       0.06      0.17      0.08         6
          P       0.64      0.58      0.61        65
          R       0.32      0.13      0.18       117

avg / total       0.38      0.35      0.34       366

[[31  0 25  7  3  7  4]
 [ 0  4  4  0  2  1  9]
 [10  0 20  3  0  1  2]
 [ 3  3 10 18  2  2  7]
 [ 0  0  0  0  1  0  5]
 [10  0  0 10  2 38  5]
 [15  5 23 41  8 10 15]]

NB Bernoulli
Classification_report:
             precision    recall  f1-score   support

          B       0.54      0.57      0.56        77
          C       0.33      0.05      0.09        20
          G       0.33      0.08      0.13        36
          M       0.47      0.20      0.28        45
          O       0.00      0.00      0.00         6
          P       0.68      0.75      0.72        65
          R       0.48      0.74      0.58       117

avg / total       0.50      0.53      0.48       366

[[44  0  3  3  0  3 24]
 [ 2  1  2  0  0  2 13]
 [19  0  3  0  0  1 13]
 [ 2  0  0  9  0  3 31]
 [ 0  2  1  0  0  3  0]
 [ 2  0  0  0  0 49 14]
 [12  0  0  7  0 11 87]]

DT
Classification_report:
             precision    recall  f1-score   support

          B       0.44      0.42      0.43        77
          C       0.27      0.20      0.23        20
          G       0.18      0.19      0.19        36
          M       0.22      0.24      0.23        45
          O       0.43      0.50      0.46         6
          P       0.63      0.63      0.63        65
          R       0.45      0.45      0.45       117

avg / total       0.42      0.41      0.41       366

[[32  4 12  6  2  4 17]
 [ 2  4  3  4  0  2  5]
 [10  0  7  4  0  3 12]
 [ 6  2  2 11  0  4 20]
 [ 1  0  0  0  3  1  1]
 [ 3  0  5  4  2 41 10]
 [18  5  9 22  0 10 53]]

CRF
Classification_report:
             precision    recall  f1-score   support

          B       0.56      0.55      0.55        77
          C       0.43      0.45      0.44        20
          G       0.38      0.28      0.32        36
          M       0.24      0.20      0.22        45
          O       0.00      0.00      0.00         6
          P       0.64      0.57      0.60        65
          R       0.56      0.70      0.62       117

avg / total       0.50      0.52      0.50       366

CRF 2.0
Classification_report:
             precision    recall  f1-score   support

          B       0.56      0.58      0.57        77
          C       0.18      0.15      0.16        20
          G       0.40      0.28      0.33        36
          M       0.32      0.24      0.28        45
          O       0.00      0.00      0.00         6
          P       0.63      0.62      0.62        65
          R       0.53      0.67      0.59       117

avg / total       0.49      0.51      0.50       366


SVM RBF
Classification_report:
             precision    recall  f1-score   support

          B       0.54      0.95      0.69       179
          C       0.00      0.00      0.00        20
          G       0.00      0.00      0.00        36
          M       1.00      0.07      0.13        59
          O       0.00      0.00      0.00         1
          P       0.95      0.31      0.47        68
          R       0.47      0.56      0.51       102

avg / total       0.58      0.54      0.46       465

[[170   0   0   0   0   0   9]
 [  5   0   0   0   0   0  15]
 [ 36   0   0   0   0   0   0]
 [ 26   0   0   4   0   0  29]
 [  0   0   0   0   0   0   1]
 [ 36   0   0   0   0  21  11]
 [ 44   0   0   0   0   1  57]]

SVM linear
Classification_report:
             precision    recall  f1-score   support

          B       0.69      0.73      0.71       179
          C       0.22      0.20      0.21        20
          G       0.38      0.36      0.37        36
          M       0.41      0.41      0.41        59
          O       0.00      0.00      0.00         1
          P       0.58      0.56      0.57        68
          R       0.50      0.48      0.49       102

avg / total       0.55      0.56      0.55       465

[[131   3  18   5   0  10  12]
 [  4   4   0   2   0   2   8]
 [ 20   1  13   0   0   1   1]
 [  7   3   1  24   0   5  19]
 [  0   0   0   0   0   1   0]
 [ 17   1   2   1   0  38   9]
 [ 12   6   0  26   0   9  49]]

KNN
Classification_report:
             precision    recall  f1-score   support

          B       0.52      0.78      0.62       179
          C       0.10      0.10      0.10        20
          G       0.21      0.14      0.17        36
          M       0.20      0.15      0.17        59
          O       0.00      0.00      0.00         1
          P       0.51      0.35      0.42        68
          R       0.27      0.17      0.21       102

avg / total       0.38      0.42      0.39       465

[[139   2  12   6   0   9  11]
 [  9   2   0   3   0   1   5]
 [ 28   1   5   0   0   2   0]
 [ 24   2   4   9   0   3  17]
 [  0   0   0   0   0   0   1]
 [ 24   4   2   3   0  24  11]
 [ 43   9   1  24   0   8  17]]

NB Gaussian
Classification_report:
             precision    recall  f1-score   support

          B       0.56      0.19      0.28       179
          C       0.21      0.15      0.18        20
          G       0.17      0.67      0.27        36
          M       0.27      0.56      0.36        59
          O       0.00      0.00      0.00         1
          P       0.43      0.60      0.50        68
          R       0.29      0.09      0.14       102

avg / total       0.40      0.31      0.29       465

[[34  3 85 29  0 23  5]
 [ 4  3  2  5  0  2  4]
 [ 6  0 24  4  0  0  2]
 [ 2  2  6 33  0  9  7]
 [ 1  0  0  0  0  0  0]
 [ 4  1  3 15  0 41  4]
 [10  5 20 37  0 21  9]]

NB Bernoulli
Classification_report:
             precision    recall  f1-score   support

          B       0.58      0.83      0.68       179
          C       0.00      0.00      0.00        20
          G       0.20      0.03      0.05        36
          M       0.39      0.25      0.31        59
          O       0.00      0.00      0.00         1
          P       0.60      0.50      0.54        68
          R       0.44      0.47      0.46       102

avg / total       0.47      0.53      0.48       465

[[148   0   1   3   0   4  23]
 [  7   0   2   3   0   2   6]
 [ 30   0   1   3   0   0   2]
 [ 18   0   0  15   0   6  20]
 [  0   0   0   0   0   1   0]
 [ 20   1   0   4   0  34   9]
 [ 33   0   1  10   0  10  48]]

DT
Classification_report:
             precision    recall  f1-score   support

          B       0.70      0.74      0.72       179
          C       0.19      0.20      0.20        20
          G       0.40      0.28      0.33        36
          M       0.29      0.32      0.31        59
          O       0.00      0.00      0.00         1
          P       0.57      0.57      0.57        68
          R       0.43      0.41      0.42       102

avg / total       0.52      0.53      0.53       465

[[132   2  14   5   0  17   9]
 [  2   4   0   4   0   0  10]
 [ 23   0  10   0   0   2   1]
 [  5   5   0  19   0   4  26]
 [  1   0   0   0   0   0   0]
 [ 12   2   1   4   0  39  10]
 [ 13   8   0  33   0   6  42]]

CRF
Classification_report:
             precision    recall  f1-score   support

          B       0.87      0.96      0.91       179
          C       0.73      0.80      0.76        20
          G       0.82      0.64      0.72        36
          M       0.53      0.44      0.48        59
          O       0.00      0.00      0.00         1
          P       0.85      0.74      0.79        68
          R       0.65      0.71      0.68       102

avg / total       0.77      0.77      0.77       465

CRF 2.0
Classification_report:
             precision    recall  f1-score   support

          B       0.95      1.00      0.97       179
          C       0.47      0.35      0.40        20
          G       0.97      0.83      0.90        36
          M       0.71      0.68      0.70        59
          O       0.00      0.00      0.00         1
          P       0.90      0.90      0.90        68
          R       0.75      0.77      0.76       102

avg / total       0.84      0.85      0.85       465


SVM RBF
Classification_report:
             precision    recall  f1-score   support

          B       0.55      0.85      0.67       256
          C       0.00      0.00      0.00        40
          G       0.00      0.00      0.00        72
          M       0.80      0.04      0.07       104
          O       0.00      0.00      0.00         7
          P       0.71      0.58      0.64       133
          R       0.50      0.74      0.59       219

avg / total       0.51      0.55      0.47       831

[[218   0   0   0   0   6  32]
 [  9   0   0   0   0   4  27]
 [ 67   0   0   0   0   1   4]
 [ 24   0   0   4   0   6  70]
 [  0   0   0   0   0   4   3]
 [ 30   0   0   0   0  77  26]
 [ 46   0   0   1   0  11 161]]

SVM linear
Classification_report:
             precision    recall  f1-score   support

          B       0.56      0.63      0.59       256
          C       0.31      0.25      0.28        40
          G       0.37      0.33      0.35        72
          M       0.36      0.34      0.35       104
          O       0.50      0.14      0.22         7
          P       0.62      0.60      0.61       133
          R       0.47      0.47      0.47       219

avg / total       0.49      0.50      0.49       831

[[162   3  35  11   0  13  32]
 [ 12  10   0   1   0   3  14]
 [ 40   2  24   0   0   2   4]
 [ 17   1   1  35   0   8  42]
 [  0   0   0   0   1   4   2]
 [ 24   5   1   4   0  80  19]
 [ 36  11   4  47   1  18 102]]

KNN
Classification_report:
             precision    recall  f1-score   support

          B       0.46      0.59      0.52       256
          C       0.18      0.15      0.16        40
          G       0.22      0.21      0.21        72
          M       0.24      0.18      0.21       104
          O       0.50      0.29      0.36         7
          P       0.46      0.50      0.48       133
          R       0.34      0.26      0.30       219

avg / total       0.37      0.38      0.37       831

[[152   7  18  12   1  31  35]
 [  9   6   5   2   0   1  17]
 [ 44   1  15   3   0   5   4]
 [ 27   4   7  19   0   5  42]
 [  0   0   0   0   2   4   1]
 [ 36   3   5  11   1  67  10]
 [ 65  13  19  33   0  32  57]]

NB Gaussian
Classification_report:
             precision    recall  f1-score   support

          B       0.52      0.18      0.27       256
          C       0.19      0.30      0.24        40
          G       0.16      0.64      0.26        72
          M       0.25      0.44      0.32       104
          O       0.00      0.00      0.00         7
          P       0.54      0.50      0.52       133
          R       0.32      0.11      0.17       219

avg / total       0.38      0.29      0.28       831

[[ 46  12 122  41   3  22  10]
 [  2  12   9   3   0   4  10]
 [ 14   2  46   5   0   3   2]
 [  8   3  25  46   0   7  15]
 [  1   0   0   0   0   1   5]
 [  6  14   6  26   2  67  12]
 [ 12  19  74  63   7  19  25]]

NB Bernoulli
Classification_report:
             precision    recall  f1-score   support

          B       0.58      0.71      0.64       256
          C       0.17      0.03      0.04        40
          G       0.41      0.21      0.28        72
          M       0.31      0.19      0.24       104
          O       0.00      0.00      0.00         7
          P       0.64      0.71      0.67       133
          R       0.50      0.60      0.54       219

avg / total       0.49      0.53      0.50       831

[[181   1  17  12   0  12  33]
 [ 12   1   1   1   0   6  19]
 [ 45   0  15   0   0   3   9]
 [ 20   0   1  20   0   8  55]
 [  0   4   0   1   0   2   0]
 [ 14   0   2   5   1  94  17]
 [ 39   0   1  26   0  22 131]]

DT
Classification_report:
             precision    recall  f1-score   support

          B       0.62      0.61      0.61       256
          C       0.08      0.07      0.08        40
          G       0.33      0.36      0.34        72
          M       0.21      0.22      0.21       104
          O       0.00      0.00      0.00         7
          P       0.55      0.50      0.53       133
          R       0.43      0.43      0.43       219

avg / total       0.45      0.44      0.45       831

[[155   7  26  21   1  18  28]
 [  5   3   4   7   0   7  14]
 [ 21   2  26   7   0   1  15]
 [ 17   1   7  23   0   7  49]
 [  1   0   0   0   0   4   2]
 [ 21   7   2  11   6  67  19]
 [ 32  18  14  41   2  18  94]]

CRF
Classification_report:
             precision    recall  f1-score   support

          B       0.69      0.79      0.73       256
          C       0.50      0.45      0.47        40
          G       0.60      0.49      0.54        72
          M       0.35      0.26      0.30       104
          O       0.00      0.00      0.00         7
          P       0.70      0.60      0.65       133
          R       0.58      0.66      0.62       219

avg / total       0.60      0.61      0.60       831

CRF 2.0
Classification_report:
             precision    recall  f1-score   support

          B       0.84      0.84      0.84       256
          C       0.26      0.20      0.23        40
          G       0.75      0.65      0.70        72
          M       0.61      0.53      0.57       104
          O       0.00      0.00      0.00         7
          P       0.75      0.71      0.73       133
          R       0.64      0.78      0.70       219

avg / total       0.70      0.71      0.70       831
