SVM RBF
Classification_report:
             precision    recall  f1-score   support

          B       0.47      0.49      0.48        77
          C       0.00      0.00      0.00        20
          G       0.50      0.08      0.14        36
          M       1.00      0.07      0.12        45
          O       0.00      0.00      0.00         6
          P       0.49      0.49      0.49        65
          R       0.46      0.83      0.59       117

avg / total       0.51      0.47      0.41       366

[[38  0  2  0  0  9 28]
 [ 1  0  0  0  0  3 16]
 [18  0  3  0  0  4 11]
 [ 2  0  0  3  0  7 33]
 [ 0  0  0  0  0  1  5]
 [10  0  1  0  0 32 22]
 [11  0  0  0  0  9 97]]

SVM linear
Classification_report:
             precision    recall  f1-score   support

          B       0.44      0.52      0.48        77
          C       0.16      0.20      0.18        20
          G       0.26      0.31      0.28        36
          M       0.24      0.36      0.29        45
          O       0.40      0.33      0.36         6
          P       0.43      0.34      0.38        65
          R       0.48      0.34      0.40       117

avg / total       0.39      0.37      0.37       366

[[40  8 13  4  0  5  7]
 [ 5  4  0  2  0  2  7]
 [16  1 11  1  1  3  3]
 [ 5  0  1 16  0  7 16]
 [ 0  0  0  0  2  3  1]
 [12  1  8 10  2 22 10]
 [13 11 10 34  0  9 40]]

KNN
Classification_report:
             precision    recall  f1-score   support

          B       0.32      0.47      0.38        77
          C       0.21      0.20      0.21        20
          G       0.17      0.17      0.17        36
          M       0.26      0.24      0.25        45
          O       0.00      0.00      0.00         6
          P       0.29      0.25      0.27        65
          R       0.46      0.38      0.41       117

avg / total       0.32      0.32      0.32       366

[[36  1  8  4  0 12 16]
 [ 7  4  2  3  0  1  3]
 [16  4  6  1  1  3  5]
 [ 5  2  1 11  0  7 19]
 [ 0  0  3  0  0  2  1]
 [20  3  7  9  2 16  8]
 [30  5  8 15  1 14 44]]

NB Gaussian
Classification_report:
             precision    recall  f1-score   support

          B       0.49      0.38      0.43        77
          C       0.33      0.20      0.25        20
          G       0.17      0.61      0.27        36
          M       0.34      0.31      0.33        45
          O       0.06      0.17      0.08         6
          P       0.65      0.63      0.64        65
          R       0.33      0.13      0.19       117

avg / total       0.40      0.34      0.34       366

[[29  0 30  2  3  9  4]
 [ 0  4  4  0  2  1  9]
 [ 9  0 22  3  0  0  2]
 [ 3  3 14 14  2  3  6]
 [ 0  0  0  0  1  0  5]
 [ 9  0  3  6  2 41  4]
 [ 9  5 55 16  8  9 15]]

NB Bernoulli
Classification_report:
             precision    recall  f1-score   support

          B       0.65      0.60      0.62        77
          C       0.50      0.10      0.17        20
          G       0.50      0.03      0.05        36
          M       0.25      0.02      0.04        45
          O       1.00      0.33      0.50         6
          P       0.81      0.68      0.74        65
          R       0.45      0.89      0.60       117

avg / total       0.55      0.55      0.48       366

[[ 46   0   0   0   0   2  29]
 [  0   2   0   1   0   1  16]
 [ 13   0   1   0   0   0  22]
 [  2   0   1   1   0   1  40]
 [  0   2   0   1   2   1   0]
 [  3   0   0   0   0  44  18]
 [  7   0   0   1   0   5 104]]

DT
Classification_report:
             precision    recall  f1-score   support

          B       0.48      0.56      0.52        77
          C       0.25      0.20      0.22        20
          G       0.29      0.19      0.23        36
          M       0.20      0.24      0.22        45
          O       0.00      0.00      0.00         6
          P       0.66      0.71      0.68        65
          R       0.45      0.42      0.43       117

avg / total       0.43      0.44      0.43       366

[[43  1  6  5  0  3 19]
 [ 1  4  1  3  0  1 10]
 [14  3  7  2  0  1  9]
 [ 6  3  3 11  1  3 18]
 [ 0  0  0  1  0  5  0]
 [ 6  1  3  3  1 46  5]
 [19  4  4 30  0 11 49]]

CRF
Classification_report:
             precision    recall  f1-score   support

          B       0.54      0.56      0.55        77
          C       0.44      0.55      0.49        20
          G       0.40      0.33      0.36        36
          M       0.21      0.13      0.16        45
          O       0.00      0.00      0.00         6
          P       0.60      0.51      0.55        65
          R       0.57      0.73      0.64       117

avg / total       0.49      0.52      0.50       366

CRF 2.0
Classification_report:
             precision    recall  f1-score   support

          B       0.65      0.62      0.64        77
          C       0.29      0.20      0.24        20
          G       0.41      0.47      0.44        36
          M       0.29      0.36      0.32        45
          O       0.00      0.00      0.00         6
          P       0.51      0.48      0.49        65
          R       0.52      0.53      0.52       117

avg / total       0.48      0.49      0.48       366


SVM RBF
Classification_report:
             precision    recall  f1-score   support

          B       0.54      0.89      0.67       179
          C       0.00      0.00      0.00        20
          G       0.00      0.00      0.00        36
          M       0.40      0.10      0.16        59
          O       0.00      0.00      0.00         1
          P       0.67      0.26      0.38        68
          R       0.46      0.56      0.50       102

avg / total       0.45      0.52      0.44       465

[[160   0   0   2   0   3  14]
 [  6   0   0   0   0   1  13]
 [ 35   0   0   0   0   1   0]
 [ 21   0   0   6   0   2  30]
 [  1   0   0   0   0   0   0]
 [ 38   0   0   1   0  18  11]
 [ 37   0   0   6   0   2  57]]

SVM linear
Classification_report:
             precision    recall  f1-score   support

          B       0.67      0.66      0.66       179
          C       0.41      0.35      0.38        20
          G       0.29      0.28      0.29        36
          M       0.23      0.25      0.24        59
          O       0.00      0.00      0.00         1
          P       0.46      0.53      0.49        68
          R       0.40      0.37      0.39       102

avg / total       0.48      0.48      0.48       465

[[118   4  20   7   0  16  14]
 [  2   7   0   1   0   2   8]
 [ 21   0  10   0   0   5   0]
 [ 10   1   1  15   0   6  26]
 [  0   0   0   0   0   1   0]
 [ 15   1   3   5   0  36   8]
 [ 10   4   0  38   0  12  38]]

KNN
Classification_report:
             precision    recall  f1-score   support

          B       0.51      0.78      0.62       179
          C       0.05      0.05      0.05        20
          G       0.15      0.11      0.13        36
          M       0.30      0.24      0.27        59
          O       0.00      0.00      0.00         1
          P       0.45      0.28      0.35        68
          R       0.39      0.22      0.28       102

avg / total       0.40      0.43      0.39       465

[[139   2  12   6   0  13   7]
 [ 10   1   0   3   0   1   5]
 [ 28   0   4   0   0   3   1]
 [ 24   4   3  14   0   0  14]
 [  1   0   0   0   0   0   0]
 [ 31   4   3   4   0  19   7]
 [ 40  11   4  19   0   6  22]]

NB Gaussian
Classification_report:
             precision    recall  f1-score   support

          B       0.53      0.17      0.26       179
          C       0.20      0.15      0.17        20
          G       0.17      0.67      0.27        36
          M       0.25      0.56      0.35        59
          O       0.00      0.00      0.00         1
          P       0.39      0.54      0.45        68
          R       0.23      0.06      0.09       102

avg / total       0.36      0.29      0.26       465

[[31  4 85 31  0 25  3]
 [ 4  3  2  5  0  2  4]
 [ 6  0 24  3  0  1  2]
 [ 2  2  6 33  0  9  7]
 [ 1  0  0  0  0  0  0]
 [ 4  1  3 19  0 37  4]
 [11  5 20 39  0 21  6]]

NB Bernoulli
Classification_report:
             precision    recall  f1-score   support

          B       0.53      0.93      0.68       179
          C       0.00      0.00      0.00        20
          G       0.00      0.00      0.00        36
          M       0.29      0.08      0.13        59
          O       0.00      0.00      0.00         1
          P       0.88      0.34      0.49        68
          R       0.34      0.35      0.34       102

avg / total       0.45      0.49      0.42       465

[[166   0   1   1   0   0  11]
 [  7   0   2   1   0   2   8]
 [ 34   0   0   0   0   0   2]
 [ 17   0   0   5   0   0  37]
 [  0   0   0   0   0   1   0]
 [ 30   0   0   2   0  23  13]
 [ 57   0   1   8   0   0  36]]

DT
Classification_report:
             precision    recall  f1-score   support

          B       0.74      0.79      0.76       179
          C       0.29      0.30      0.29        20
          G       0.64      0.44      0.52        36
          M       0.36      0.39      0.37        59
          O       0.00      0.00      0.00         1
          P       0.56      0.50      0.53        68
          R       0.43      0.42      0.42       102

avg / total       0.57      0.57      0.56       465

[[142   1   8   3   0  16   9]
 [  0   6   0   4   0   0  10]
 [ 20   0  16   0   0   0   0]
 [  1   2   0  23   0   5  28]
 [  0   0   0   1   0   0   0]
 [ 19   1   0   3   0  34  11]
 [ 11  11   1  30   0   6  43]]

CRF
Classification_report:
             precision    recall  f1-score   support

          B       0.87      0.97      0.92       179
          C       0.78      0.70      0.74        20
          G       0.84      0.58      0.69        36
          M       0.54      0.46      0.50        59
          O       0.00      0.00      0.00         1
          P       0.87      0.76      0.81        68
          R       0.64      0.71      0.67       102

avg / total       0.77      0.77      0.77       465

CRF 2.0
Classification_report:
             precision    recall  f1-score   support

          B       1.00      0.99      1.00       179
          C       0.54      0.35      0.42        20
          G       0.94      0.92      0.93        36
          M       0.81      0.81      0.81        59
          O       0.00      0.00      0.00         1
          P       0.90      0.90      0.90        68
          R       0.78      0.85      0.81       102

avg / total       0.89      0.89      0.89       465


SVM RBF
Classification_report:
             precision    recall  f1-score   support

          B       0.53      0.82      0.64       256
          C       0.00      0.00      0.00        40
          G       0.00      0.00      0.00        72
          M       0.60      0.03      0.06       104
          O       0.00      0.00      0.00         7
          P       0.52      0.36      0.43       133
          R       0.47      0.72      0.57       219

avg / total       0.44      0.50      0.42       831

[[209   0   0   0   0  12  35]
 [  7   0   0   0   0   2  31]
 [ 64   0   0   0   0   3   5]
 [ 20   0   0   3   0  11  70]
 [  0   0   0   0   0   3   4]
 [ 53   0   0   0   0  48  32]
 [ 45   0   1   2   0  13 158]]

SVM linear
Classification_report:
             precision    recall  f1-score   support

          B       0.58      0.68      0.63       256
          C       0.25      0.25      0.25        40
          G       0.29      0.25      0.27        72
          M       0.27      0.24      0.25       104
          O       0.50      0.14      0.22         7
          P       0.50      0.45      0.47       133
          R       0.50      0.49      0.49       219

avg / total       0.47      0.48      0.47       831

[[174   6  24  14   0  15  23]
 [  7  10   2   0   0   2  19]
 [ 40   5  18   1   0   5   3]
 [ 17   1   3  25   0  16  42]
 [  0   0   0   0   1   5   1]
 [ 29   4   8  13   0  60  19]
 [ 32  14   7  40   1  18 107]]

KNN
Classification_report:
             precision    recall  f1-score   support

          B       0.42      0.59      0.49       256
          C       0.17      0.12      0.14        40
          G       0.17      0.19      0.18        72
          M       0.19      0.18      0.19       104
          O       0.00      0.00      0.00         7
          P       0.39      0.32      0.35       133
          R       0.36      0.26      0.30       219

avg / total       0.33      0.34      0.33       831

[[150   2  27  17   1  29  30]
 [ 12   5   2   5   0   3  13]
 [ 44   0  14   2   0   6   6]
 [ 30   4   7  19   0  11  33]
 [  1   0   3   0   0   0   3]
 [ 48   6  13  11   0  42  13]
 [ 74  12  14  45   1  17  56]]

NB Gaussian
Classification_report:
             precision    recall  f1-score   support

          B       0.48      0.16      0.24       256
          C       0.12      0.33      0.18        40
          G       0.16      0.64      0.25        72
          M       0.27      0.37      0.31       104
          O       0.00      0.00      0.00         7
          P       0.56      0.49      0.52       133
          R       0.32      0.11      0.16       219

avg / total       0.38      0.27      0.27       831

[[ 42  23 124  34   3  21   9]
 [  2  13   9   2   2   4   8]
 [ 14   3  46   4   0   3   2]
 [  9   7  30  38   0   6  14]
 [  1   0   0   0   0   1   5]
 [  8  24   6  15   3  65  12]
 [ 12  35  77  47   8  16  24]]

NB Bernoulli
Classification_report:
             precision    recall  f1-score   support

          B       0.57      0.80      0.67       256
          C       0.40      0.05      0.09        40
          G       0.50      0.11      0.18        72
          M       0.32      0.11      0.16       104
          O       1.00      0.43      0.60         7
          P       0.86      0.62      0.72       133
          R       0.45      0.66      0.54       219

avg / total       0.55      0.55      0.51       831

[[206   0   4   2   0   4  40]
 [ 13   2   1   2   0   1  21]
 [ 51   0   8   1   0   0  12]
 [ 19   0   0  11   0   1  73]
 [  0   3   0   0   3   1   0]
 [ 20   0   0   4   0  82  27]
 [ 52   0   3  14   0   6 144]]

DT
Classification_report:
             precision    recall  f1-score   support

          B       0.63      0.62      0.63       256
          C       0.19      0.15      0.17        40
          G       0.34      0.33      0.34        72
          M       0.23      0.27      0.25       104
          O       0.00      0.00      0.00         7
          P       0.60      0.62      0.61       133
          R       0.47      0.47      0.47       219

avg / total       0.48      0.48      0.48       831

[[159   4  26  19   0  19  29]
 [  5   6   1   9   0   4  15]
 [ 24   1  24   9   0   5   9]
 [ 18   4   6  28   0   4  44]
 [  0   1   0   1   0   4   1]
 [ 13   3   6  12   0  82  17]
 [ 32  13   7  45   0  18 104]]

CRF
Classification_report:
             precision    recall  f1-score   support

          B       0.73      0.81      0.77       256
          C       0.47      0.47      0.48        40
          G       0.61      0.49      0.54        72
          M       0.37      0.27      0.31       104
          O       0.00      0.00      0.00         7
          P       0.72      0.62      0.67       133
          R       0.58      0.68      0.62       219

avg / total       0.61      0.63      0.62       831

CRF 2.0
Classification_report:
             precision    recall  f1-score   support

          B       0.91      0.87      0.89       256
          C       0.46      0.40      0.43        40
          G       0.78      0.71      0.74        72
          M       0.60      0.58      0.59       104
          O       0.00      0.00      0.00         7
          P       0.74      0.71      0.73       133
          R       0.64      0.74      0.69       219

avg / total       0.73      0.73      0.73       831
