SVM RBF
Classification_report:
             precision    recall  f1-score   support

          B       0.56      0.57      0.56        77
          C       0.00      0.00      0.00        20
          G       0.00      0.00      0.00        36
          M       0.00      0.00      0.00        45
          O       0.00      0.00      0.00         6
          P       0.71      0.46      0.56        65
          R       0.43      0.90      0.58       117

avg / total       0.38      0.49      0.40       366

[[ 44   0   0   0   0   4  29]
 [  1   0   0   0   0   1  18]
 [ 15   0   0   0   0   0  21]
 [  0   0   0   0   0   2  43]
 [  0   0   0   0   0   1   5]
 [ 11   0   0   0   0  30  24]
 [  8   0   0   0   0   4 105]]

SVM linear
Classification_report:
             precision    recall  f1-score   support

          B       0.48      0.55      0.51        77
          C       0.50      0.25      0.33        20
          G       0.63      0.33      0.44        36
          M       0.24      0.22      0.23        45
          O       0.00      0.00      0.00         6
          P       0.70      0.60      0.64        65
          R       0.46      0.60      0.52       117

avg / total       0.49      0.49      0.48       366

[[42  0  4  3  0  3 25]
 [ 1  5  0  0  0  2 12]
 [15  0 12  1  0  0  8]
 [ 6  0  1 10  0  4 24]
 [ 0  1  0  0  0  3  2]
 [ 8  0  1  7  0 39 10]
 [16  4  1 21  0  5 70]]

KNN
Classification_report:
             precision    recall  f1-score   support

          B       0.35      0.60      0.44        77
          C       0.18      0.15      0.16        20
          G       0.44      0.22      0.30        36
          M       0.12      0.11      0.11        45
          O       0.20      0.17      0.18         6
          P       0.45      0.48      0.46        65
          R       0.47      0.34      0.40       117

avg / total       0.38      0.37      0.36       366

[[46  1  2  9  0 15  4]
 [ 2  3  1  4  2  0  8]
 [13  2  8  3  0  4  6]
 [15  2  0  5  1  3 19]
 [ 0  1  0  0  1  2  2]
 [20  2  3  2  1 31  6]
 [34  6  4 19  0 14 40]]

NB Gaussian
Classification_report:
             precision    recall  f1-score   support

          B       0.48      0.38      0.42        77
          C       0.31      0.20      0.24        20
          G       0.19      0.61      0.29        36
          M       0.34      0.38      0.36        45
          O       0.06      0.17      0.08         6
          P       0.67      0.63      0.65        65
          R       0.33      0.13      0.18       117

avg / total       0.40      0.35      0.35       366

[[29  0 29  4  3  8  4]
 [ 0  4  4  0  2  1  9]
 [ 9  0 22  3  0  0  2]
 [ 2  3 12 17  2  2  7]
 [ 0  0  0  0  1  0  5]
 [10  1  1  6  2 41  4]
 [11  5 49 20  8  9 15]]

NB Bernoulli
Classification_report:
             precision    recall  f1-score   support

          B       0.45      0.57      0.50        77
          C       1.00      0.10      0.18        20
          G       0.50      0.19      0.28        36
          M       0.33      0.29      0.31        45
          O       1.00      0.33      0.50         6
          P       0.68      0.72      0.70        65
          R       0.51      0.62      0.56       117

avg / total       0.54      0.51      0.49       366

[[44  0  2  5  0  6 20]
 [ 4  2  1  1  0  1 11]
 [20  0  7  2  0  0  7]
 [ 4  0  1 13  0  5 22]
 [ 0  0  1  0  2  3  0]
 [ 5  0  1  3  0 47  9]
 [21  0  1 16  0  7 72]]

DT
Classification_report:
             precision    recall  f1-score   support

          B       0.40      0.39      0.39        77
          C       0.07      0.05      0.06        20
          G       0.12      0.11      0.11        36
          M       0.14      0.16      0.15        45
          O       0.00      0.00      0.00         6
          P       0.61      0.58      0.60        65
          R       0.49      0.53      0.51       117

avg / total       0.38      0.39      0.38       366

[[30  5  6  9  0  6 21]
 [ 4  1  3  3  0  1  8]
 [14  2  4  6  0  0 10]
 [ 9  1  3  7  0  5 20]
 [ 0  1  0  0  0  4  1]
 [ 6  0  5  7  4 38  5]
 [12  5 13 17  0  8 62]]

CRF
Classification_report:
             precision    recall  f1-score   support

          B       0.52      0.57      0.55        77
          C       0.40      0.40      0.40        20
          G       0.39      0.31      0.34        36
          M       0.17      0.11      0.14        45
          O       0.00      0.00      0.00         6
          P       0.57      0.51      0.54        65
          R       0.55      0.69      0.61       117

avg / total       0.47      0.50      0.48       366

CRF 2.0
Classification_report:
             precision    recall  f1-score   support

          B       0.65      0.61      0.63        77
          C       0.44      0.20      0.28        20
          G       0.62      0.42      0.50        36
          M       0.33      0.18      0.23        45
          O       0.00      0.00      0.00         6
          P       0.75      0.66      0.70        65
          R       0.53      0.82      0.65       117

avg / total       0.57      0.58      0.56       366


SVM RBF
Classification_report:
             precision    recall  f1-score   support

          B       0.54      0.96      0.69       179
          C       0.00      0.00      0.00        20
          G       0.00      0.00      0.00        36
          M       0.00      0.00      0.00        59
          O       0.00      0.00      0.00         1
          P       0.80      0.12      0.21        68
          R       0.51      0.68      0.58       102

avg / total       0.44      0.54      0.42       465

[[172   0   0   0   0   0   7]
 [  3   0   0   0   0   1  16]
 [ 36   0   0   0   0   0   0]
 [ 26   0   0   0   0   1  32]
 [  1   0   0   0   0   0   0]
 [ 50   0   0   0   0   8  10]
 [ 33   0   0   0   0   0  69]]

SVM linear
Classification_report:
             precision    recall  f1-score   support

          B       0.71      0.80      0.75       179
          C       0.44      0.20      0.28        20
          G       0.27      0.17      0.21        36
          M       0.37      0.36      0.36        59
          O       0.00      0.00      0.00         1
          P       0.62      0.60      0.61        68
          R       0.54      0.57      0.55       102

avg / total       0.57      0.59      0.57       465

[[144   0  15   7   0   7   6]
 [  0   4   0   2   0   2  12]
 [ 26   0   6   0   0   3   1]
 [  8   2   0  21   0   6  22]
 [  0   0   0   0   0   1   0]
 [ 14   1   0   3   0  41   9]
 [ 11   2   1  24   0   6  58]]

KNN
Classification_report:
             precision    recall  f1-score   support

          B       0.54      0.76      0.63       179
          C       0.12      0.10      0.11        20
          G       0.12      0.06      0.08        36
          M       0.20      0.17      0.19        59
          O       0.00      0.00      0.00         1
          P       0.42      0.47      0.44        68
          R       0.39      0.22      0.28       102

avg / total       0.40      0.44      0.40       465

[[136   2   3   9   0  26   3]
 [  7   2   0   1   0   1   9]
 [ 23   0   2   0   0  10   1]
 [ 26   2   2  10   0   3  16]
 [  1   0   0   0   0   0   0]
 [ 23   1   4   3   0  32   5]
 [ 34  10   5  26   0   5  22]]

NB Gaussian
Classification_report:
             precision    recall  f1-score   support

          B       0.55      0.20      0.29       179
          C       0.21      0.15      0.18        20
          G       0.18      0.67      0.28        36
          M       0.26      0.54      0.35        59
          O       0.00      0.00      0.00         1
          P       0.42      0.62      0.50        68
          R       0.25      0.07      0.11       102

avg / total       0.38      0.31      0.28       465

[[35  3 81 27  0 28  5]
 [ 4  3  2  5  0  2  4]
 [ 7  0 24  3  0  0  2]
 [ 3  2  6 32  0 10  6]
 [ 1  0  0  0  0  0  0]
 [ 4  1  3 14  0 42  4]
 [10  5 19 42  0 19  7]]

NB Bernoulli
Classification_report:
             precision    recall  f1-score   support

          B       0.60      0.73      0.66       179
          C       0.00      0.00      0.00        20
          G       0.25      0.08      0.12        36
          M       0.35      0.37      0.36        59
          O       0.00      0.00      0.00         1
          P       0.56      0.65      0.60        68
          R       0.46      0.43      0.44       102

avg / total       0.48      0.52      0.49       465

[[130   0   6  14   0  12  17]
 [  8   0   1   2   0   3   6]
 [ 27   0   3   2   0   1   3]
 [ 13   0   1  22   0   6  17]
 [  0   0   0   0   0   0   1]
 [ 11   0   0   5   0  44   8]
 [ 27   0   1  17   0  13  44]]

DT
Classification_report:
             precision    recall  f1-score   support

          B       0.70      0.67      0.68       179
          C       0.11      0.10      0.10        20
          G       0.32      0.31      0.31        36
          M       0.37      0.41      0.39        59
          O       0.00      0.00      0.00         1
          P       0.62      0.66      0.64        68
          R       0.49      0.49      0.49       102

avg / total       0.54      0.54      0.54       465

[[120   0  20   5   0  22  12]
 [  3   2   0   9   0   0   6]
 [ 23   0  11   0   1   0   1]
 [  5   3   0  24   0   1  26]
 [  1   0   0   0   0   0   0]
 [ 10   0   2   4   0  45   7]
 [ 10  14   1  23   0   4  50]]

CRF
Classification_report:
             precision    recall  f1-score   support

          B       0.84      0.97      0.90       179
          C       0.74      0.70      0.72        20
          G       0.83      0.56      0.67        36
          M       0.54      0.42      0.48        59
          O       0.00      0.00      0.00         1
          P       0.83      0.74      0.78        68
          R       0.62      0.68      0.65       102

avg / total       0.75      0.75      0.75       465

CRF 2.0
Classification_report:
             precision    recall  f1-score   support

          B       0.98      1.00      0.99       179
          C       0.57      0.20      0.30        20
          G       1.00      0.92      0.96        36
          M       0.91      0.85      0.88        59
          O       0.00      0.00      0.00         1
          P       0.97      0.88      0.92        68
          R       0.76      0.93      0.84       102

avg / total       0.90      0.91      0.90       465


SVM RBF
Classification_report:
             precision    recall  f1-score   support

          B       0.56      0.87      0.68       256
          C       0.00      0.00      0.00        40
          G       0.00      0.00      0.00        72
          M       0.00      0.00      0.00       104
          O       0.00      0.00      0.00         7
          P       0.77      0.57      0.66       133
          R       0.51      0.77      0.61       219

avg / total       0.43      0.56      0.47       831

[[223   0   0   0   0   4  29]
 [  5   0   0   0   0   3  32]
 [ 63   0   0   0   0   1   8]
 [ 31   0   0   0   0   4  69]
 [  0   0   0   0   0   3   4]
 [ 36   0   0   0   0  76  21]
 [ 43   0   0   0   0   8 168]]

SVM linear
Classification_report:
             precision    recall  f1-score   support

          B       0.55      0.68      0.61       256
          C       0.38      0.33      0.35        40
          G       0.42      0.32      0.36        72
          M       0.35      0.33      0.34       104
          O       0.00      0.00      0.00         7
          P       0.63      0.59      0.61       133
          R       0.50      0.47      0.49       219

avg / total       0.50      0.51      0.50       831

[[173   3  25  19   0   8  28]
 [  5  13   0   0   0   5  17]
 [ 42   1  23   0   0   1   5]
 [ 25   2   1  34   0   8  34]
 [  0   1   0   0   0   4   2]
 [ 26   3   1   8   0  79  16]
 [ 43  11   5  35   1  20 104]]

KNN
Classification_report:
             precision    recall  f1-score   support

          B       0.45      0.57      0.50       256
          C       0.12      0.10      0.11        40
          G       0.37      0.19      0.25        72
          M       0.18      0.22      0.20       104
          O       0.00      0.00      0.00         7
          P       0.44      0.53      0.48       133
          R       0.42      0.27      0.33       219

avg / total       0.38      0.38      0.37       831

[[146   6   8  35   0  40  21]
 [ 14   4   2   3   0   2  15]
 [ 36   0  14   7   0   9   6]
 [ 32   3   3  23   0  13  30]
 [  1   1   0   1   0   2   2]
 [ 37   3   4   8   1  71   9]
 [ 60  17   7  50   0  26  59]]

NB Gaussian
Classification_report:
             precision    recall  f1-score   support

          B       0.48      0.17      0.25       256
          C       0.16      0.30      0.21        40
          G       0.16      0.64      0.25        72
          M       0.26      0.39      0.32       104
          O       0.00      0.00      0.00         7
          P       0.57      0.54      0.55       133
          R       0.32      0.11      0.17       219

avg / total       0.38      0.29      0.28       831

[[ 43  16 124  36   3  24  10]
 [  2  12   9   3   0   4  10]
 [ 15   2  46   5   0   2   2]
 [  8   5  29  41   0   6  15]
 [  1   0   0   0   0   1   5]
 [  7  16   6  17   3  72  12]
 [ 13  25  77  54   7  18  25]]

NB Bernoulli
Classification_report:
             precision    recall  f1-score   support

          B       0.55      0.62      0.58       256
          C       0.29      0.05      0.09        40
          G       0.45      0.26      0.33        72
          M       0.31      0.25      0.28       104
          O       0.67      0.29      0.40         7
          P       0.56      0.71      0.63       133
          R       0.46      0.50      0.48       219

avg / total       0.48      0.50      0.48       831

[[159   1  18  14   0  24  40]
 [ 13   2   0   2   0   8  15]
 [ 40   0  19   2   0   3   8]
 [ 16   0   1  26   0  12  49]
 [  0   1   0   0   2   2   2]
 [ 14   1   1   8   0  95  14]
 [ 48   2   3  31   1  25 109]]

DT
Classification_report:
             precision    recall  f1-score   support

          B       0.63      0.61      0.62       256
          C       0.06      0.07      0.06        40
          G       0.40      0.33      0.36        72
          M       0.19      0.21      0.20       104
          O       0.00      0.00      0.00         7
          P       0.59      0.61      0.60       133
          R       0.43      0.42      0.42       219

avg / total       0.46      0.45      0.46       831

[[157   8  16  20   1  22  32]
 [  5   3   2   9   0   6  15]
 [ 22   5  24   7   2   2  10]
 [ 15   9   8  22   0   7  43]
 [  2   1   0   0   0   2   2]
 [ 18   5   3   9   0  81  17]
 [ 29  22   7  51   1  18  91]]

CRF
Classification_report:
             precision    recall  f1-score   support

          B       0.73      0.80      0.77       256
          C       0.49      0.42      0.45        40
          G       0.64      0.49      0.55        72
          M       0.36      0.28      0.31       104
          O       1.00      0.14      0.25         7
          P       0.73      0.62      0.67       133
          R       0.57      0.69      0.62       219

avg / total       0.62      0.63      0.62       831

CRF 2.0
Classification_report:
             precision    recall  f1-score   support

          B       0.86      0.89      0.87       256
          C       0.35      0.28      0.31        40
          G       0.78      0.72      0.75        72
          M       0.64      0.56      0.60       104
          O       0.00      0.00      0.00         7
          P       0.83      0.77      0.80       133
          R       0.68      0.78      0.72       219

avg / total       0.74      0.75      0.74       831
