SVM RBF
Classification_report:
             precision    recall  f1-score   support

          B       0.48      0.60      0.53        77
          C       0.00      0.00      0.00        20
          G       0.00      0.00      0.00        36
          M       0.00      0.00      0.00        45
          O       0.00      0.00      0.00         6
          P       0.48      0.38      0.43        65
          R       0.45      0.83      0.58       117

avg / total       0.33      0.46      0.37       366

[[46  0  0  0  0  8 23]
 [ 2  0  0  0  0  2 16]
 [16  1  0  0  0  4 15]
 [ 4  0  0  0  0  5 36]
 [ 0  0  0  0  0  0  6]
 [15  0  1  0  0 25 24]
 [12  0  0  0  0  8 97]]

SVM linear
Classification_report:
             precision    recall  f1-score   support

          B       0.39      0.45      0.42        77
          C       0.22      0.25      0.23        20
          G       0.31      0.33      0.32        36
          M       0.17      0.20      0.18        45
          O       1.00      0.33      0.50         6
          P       0.37      0.31      0.34        65
          R       0.43      0.39      0.41       117

avg / total       0.37      0.35      0.36       366

[[35  1 11  6  0 13 11]
 [ 2  5  1  0  0  1 11]
 [ 9  3 12  3  0  5  4]
 [ 6  0  2  9  0  6 22]
 [ 0  0  0  1  2  0  3]
 [16  3  8  9  0 20  9]
 [21 11  5 25  0  9 46]]

KNN
Classification_report:
             precision    recall  f1-score   support

          B       0.37      0.56      0.45        77
          C       0.33      0.20      0.25        20
          G       0.22      0.28      0.24        36
          M       0.11      0.11      0.11        45
          O       0.00      0.00      0.00         6
          P       0.39      0.34      0.36        65
          R       0.49      0.38      0.43       117

avg / total       0.36      0.35      0.35       366

[[43  1 10  6  0 11  6]
 [ 3  4  3  1  0  2  7]
 [15  2 10  0  0  4  5]
 [10  1  2  5  0  9 18]
 [ 1  0  2  2  0  0  1]
 [20  0  7  8  0 22  8]
 [23  4 12 25  0  9 44]]

NB Gaussian
Classification_report:
             precision    recall  f1-score   support

          B       0.48      0.36      0.41        77
          C       0.33      0.20      0.25        20
          G       0.17      0.61      0.27        36
          M       0.33      0.29      0.31        45
          O       0.06      0.17      0.08         6
          P       0.65      0.63      0.64        65
          R       0.33      0.13      0.19       117

avg / total       0.40      0.34      0.34       366

[[28  0 31  2  3  9  4]
 [ 0  4  4  0  2  1  9]
 [ 9  0 22  3  0  0  2]
 [ 3  3 15 13  2  3  6]
 [ 0  0  0  0  1  0  5]
 [ 9  0  3  6  2 41  4]
 [ 9  5 55 16  8  9 15]]

NB Bernoulli
Classification_report:
             precision    recall  f1-score   support

          B       0.62      0.61      0.61        77
          C       0.67      0.10      0.17        20
          G       0.67      0.06      0.10        36
          M       0.50      0.09      0.15        45
          O       1.00      0.50      0.67         6
          P       0.82      0.71      0.76        65
          R       0.48      0.89      0.62       117

avg / total       0.61      0.57      0.51       366

[[ 47   0   0   0   0   2  28]
 [  3   2   0   2   0   1  12]
 [ 14   0   2   0   0   0  20]
 [  3   0   0   4   0   1  37]
 [  0   1   1   0   3   1   0]
 [  2   0   0   1   0  46  16]
 [  7   0   0   1   0   5 104]]

DT
Classification_report:
             precision    recall  f1-score   support

          B       0.45      0.39      0.42        77
          C       0.15      0.10      0.12        20
          G       0.18      0.14      0.16        36
          M       0.18      0.20      0.19        45
          O       1.00      0.17      0.29         6
          P       0.57      0.69      0.62        65
          R       0.43      0.48      0.46       117

avg / total       0.40      0.40      0.39       366

[[30  0 11  8  0 11 17]
 [ 1  2  0  1  0  4 12]
 [ 7  2  5  4  0  4 14]
 [ 9  1  3  9  0  3 20]
 [ 0  0  0  0  1  4  1]
 [ 5  2  1  3  0 45  9]
 [15  6  8 24  0  8 56]]

CRF
Classification_report:
             precision    recall  f1-score   support

          B       0.54      0.57      0.55        77
          C       0.43      0.45      0.44        20
          G       0.37      0.31      0.33        36
          M       0.18      0.13      0.15        45
          O       0.00      0.00      0.00         6
          P       0.60      0.52      0.56        65
          R       0.57      0.69      0.63       117

avg / total       0.48      0.51      0.49       366

CRF 2.0
Classification_report:
             precision    recall  f1-score   support

          B       0.68      0.60      0.63        77
          C       0.31      0.20      0.24        20
          G       0.43      0.44      0.44        36
          M       0.32      0.44      0.37        45
          O       0.00      0.00      0.00         6
          P       0.53      0.46      0.49        65
          R       0.53      0.57      0.55       117

avg / total       0.50      0.50      0.50       366


SVM RBF
Classification_report:
             precision    recall  f1-score   support

          B       0.60      0.95      0.73       179
          C       0.00      0.00      0.00        20
          G       0.00      0.00      0.00        36
          M       0.50      0.02      0.03        59
          O       0.00      0.00      0.00         1
          P       0.76      0.24      0.36        68
          R       0.51      0.78      0.62       102

avg / total       0.52      0.57      0.47       465

[[170   0   0   0   0   1   8]
 [  0   0   0   0   0   0  20]
 [ 34   0   0   0   0   2   0]
 [ 13   0   0   1   0   2  43]
 [  1   0   0   0   0   0   0]
 [ 45   0   0   0   0  16   7]
 [ 21   0   0   1   0   0  80]]

SVM linear
Classification_report:
             precision    recall  f1-score   support

          B       0.63      0.65      0.64       179
          C       0.35      0.40      0.37        20
          G       0.26      0.25      0.26        36
          M       0.25      0.24      0.24        59
          O       0.00      0.00      0.00         1
          P       0.47      0.50      0.49        68
          R       0.37      0.33      0.35       102

avg / total       0.46      0.46      0.46       465

[[117   2  24   4   1  19  12]
 [  0   8   0   1   0   2   9]
 [ 26   0   9   0   0   1   0]
 [ 11   2   0  14   0   3  29]
 [  0   0   0   0   0   1   0]
 [ 20   1   1   3   0  34   9]
 [ 12  10   0  34   0  12  34]]

KNN
Classification_report:
             precision    recall  f1-score   support

          B       0.54      0.78      0.64       179
          C       0.24      0.25      0.24        20
          G       0.21      0.17      0.19        36
          M       0.14      0.10      0.12        59
          O       0.00      0.00      0.00         1
          P       0.63      0.40      0.49        68
          R       0.41      0.28      0.34       102

avg / total       0.43      0.46      0.43       465

[[140   2  12   6   0   9  10]
 [  5   5   0   3   0   0   7]
 [ 26   1   6   1   0   2   0]
 [ 24   1   5   6   0   1  22]
 [  1   0   0   0   0   0   0]
 [ 24   4   4   7   0  27   2]
 [ 40   8   1  20   0   4  29]]

NB Gaussian
Classification_report:
             precision    recall  f1-score   support

          B       0.52      0.17      0.25       179
          C       0.20      0.15      0.17        20
          G       0.17      0.67      0.27        36
          M       0.25      0.56      0.35        59
          O       0.00      0.00      0.00         1
          P       0.38      0.53      0.44        68
          R       0.23      0.06      0.09       102

avg / total       0.36      0.28      0.26       465

[[30  4 85 31  0 26  3]
 [ 4  3  2  5  0  2  4]
 [ 6  0 24  3  0  1  2]
 [ 2  2  6 33  0  9  7]
 [ 1  0  0  0  0  0  0]
 [ 4  1  3 20  0 36  4]
 [11  5 20 39  0 21  6]]

NB Bernoulli
Classification_report:
             precision    recall  f1-score   support

          B       0.55      0.92      0.69       179
          C       0.00      0.00      0.00        20
          G       0.00      0.00      0.00        36
          M       0.45      0.22      0.30        59
          O       0.00      0.00      0.00         1
          P       0.86      0.44      0.58        68
          R       0.35      0.34      0.35       102

avg / total       0.47      0.52      0.47       465

[[165   0   1   1   0   1  11]
 [  8   0   2   2   0   0   8]
 [ 33   0   0   0   0   1   2]
 [ 17   0   0  13   0   0  29]
 [  0   0   0   0   0   1   0]
 [ 21   0   0   3   0  30  14]
 [ 54   0   1  10   0   2  35]]

DT
Classification_report:
             precision    recall  f1-score   support

          B       0.70      0.74      0.72       179
          C       0.12      0.10      0.11        20
          G       0.47      0.39      0.42        36
          M       0.35      0.31      0.32        59
          O       0.00      0.00      0.00         1
          P       0.51      0.54      0.53        68
          R       0.45      0.47      0.46       102

avg / total       0.53      0.54      0.54       465

[[133   1  14   4   0  17  10]
 [  0   2   0   5   0   0  13]
 [ 22   0  14   0   0   0   0]
 [  2   5   0  18   0   8  26]
 [  0   0   1   0   0   0   0]
 [ 20   0   0   2   0  37   9]
 [ 12   8   1  23   0  10  48]]

CRF
Classification_report:
             precision    recall  f1-score   support

          B       0.87      0.96      0.91       179
          C       0.71      0.75      0.73        20
          G       0.81      0.61      0.70        36
          M       0.53      0.44      0.48        59
          O       0.00      0.00      0.00         1
          P       0.84      0.75      0.79        68
          R       0.64      0.69      0.66       102

avg / total       0.76      0.77      0.76       465

CRF 2.0
Classification_report:
             precision    recall  f1-score   support

          B       1.00      1.00      1.00       179
          C       0.45      0.45      0.45        20
          G       0.97      0.94      0.96        36
          M       0.88      0.85      0.86        59
          O       0.00      0.00      0.00         1
          P       0.94      0.88      0.91        68
          R       0.82      0.88      0.85       102

avg / total       0.91      0.91      0.91       465


SVM RBF
Classification_report:
             precision    recall  f1-score   support

          B       0.55      0.83      0.66       256
          C       0.00      0.00      0.00        40
          G       0.00      0.00      0.00        72
          M       0.00      0.00      0.00       104
          O       0.00      0.00      0.00         7
          P       0.50      0.38      0.43       133
          R       0.47      0.74      0.58       219

avg / total       0.37      0.51      0.43       831

[[212   0   0   0   0  11  33]
 [  4   0   0   0   0   2  34]
 [ 61   0   0   0   0   5   6]
 [ 19   0   0   0   0  13  72]
 [  0   0   0   0   0   4   3]
 [ 49   0   0   0   0  51  33]
 [ 39   0   0   0   0  17 163]]

SVM linear
Classification_report:
             precision    recall  f1-score   support

          B       0.59      0.69      0.63       256
          C       0.24      0.25      0.24        40
          G       0.39      0.35      0.37        72
          M       0.25      0.21      0.23       104
          O       0.00      0.00      0.00         7
          P       0.50      0.47      0.49       133
          R       0.44      0.42      0.43       219

avg / total       0.45      0.47      0.46       831

[[176   4  26  13   1  14  22]
 [  3  10   1   0   0   5  21]
 [ 36   2  25   1   0   1   7]
 [ 18   1   3  22   0  14  46]
 [  0   0   0   0   0   5   2]
 [ 29   6   5  11   0  63  19]
 [ 38  19   4  42   1  23  92]]

KNN
Classification_report:
             precision    recall  f1-score   support

          B       0.48      0.68      0.57       256
          C       0.15      0.12      0.14        40
          G       0.33      0.29      0.31        72
          M       0.17      0.17      0.17       104
          O       0.00      0.00      0.00         7
          P       0.57      0.48      0.52       133
          R       0.39      0.27      0.32       219

avg / total       0.40      0.41      0.40       831

[[174   3  16  16   1  24  22]
 [  6   5   1   5   0   1  22]
 [ 40   1  21   1   0   4   5]
 [ 37   6   7  18   0   8  28]
 [  1   0   1   1   0   2   2]
 [ 34   4   5  10   0  64  16]
 [ 67  14  13  54   1  10  60]]

NB Gaussian
Classification_report:
             precision    recall  f1-score   support

          B       0.48      0.16      0.24       256
          C       0.12      0.33      0.18        40
          G       0.16      0.64      0.25        72
          M       0.27      0.37      0.31       104
          O       0.00      0.00      0.00         7
          P       0.55      0.47      0.51       133
          R       0.32      0.11      0.16       219

avg / total       0.37      0.27      0.27       831

[[ 42  23 124  34   3  21   9]
 [  2  13   9   2   2   4   8]
 [ 14   3  46   4   0   3   2]
 [  9   8  30  38   0   5  14]
 [  1   0   0   0   0   1   5]
 [  8  24   6  18   3  62  12]
 [ 12  37  78  44   8  16  24]]

NB Bernoulli
Classification_report:
             precision    recall  f1-score   support

          B       0.58      0.80      0.67       256
          C       0.57      0.10      0.17        40
          G       0.53      0.11      0.18        72
          M       0.35      0.16      0.22       104
          O       1.00      0.43      0.60         7
          P       0.79      0.67      0.73       133
          R       0.44      0.58      0.50       219

avg / total       0.55      0.55      0.51       831

[[205   0   4   2   0   5  40]
 [  9   4   1   2   0   2  22]
 [ 54   0   8   1   0   0   9]
 [ 15   0   0  17   0   5  67]
 [  0   3   0   0   3   1   0]
 [ 14   0   0   6   0  89  24]
 [ 59   0   2  20   0  10 128]]

DT
Classification_report:
             precision    recall  f1-score   support

          B       0.64      0.61      0.62       256
          C       0.20      0.23      0.21        40
          G       0.37      0.36      0.37        72
          M       0.23      0.22      0.22       104
          O       0.00      0.00      0.00         7
          P       0.57      0.61      0.59       133
          R       0.45      0.47      0.46       219

avg / total       0.48      0.48      0.48       831

[[156   3  28  13   0  21  35]
 [  5   9   0   9   0   3  14]
 [ 25   5  26   6   0   1   9]
 [ 14   6   5  23   0  11  45]
 [  0   1   0   2   0   3   1]
 [ 14   9   2   7   0  81  20]
 [ 30  13   9  42   1  22 102]]

CRF
Classification_report:
             precision    recall  f1-score   support

          B       0.72      0.81      0.76       256
          C       0.59      0.47      0.53        40
          G       0.62      0.49      0.55        72
          M       0.35      0.28      0.31       104
          O       1.00      0.29      0.44         7
          P       0.72      0.62      0.66       133
          R       0.57      0.67      0.62       219

avg / total       0.62      0.63      0.62       831

CRF 2.0
Classification_report:
             precision    recall  f1-score   support

          B       0.91      0.86      0.88       256
          C       0.30      0.30      0.30        40
          G       0.75      0.72      0.74        72
          M       0.55      0.62      0.58       104
          O       0.00      0.00      0.00         7
          P       0.68      0.68      0.68       133
          R       0.68      0.71      0.70       219

avg / total       0.72      0.72      0.72       831
