SVM RBF
Classification_report:
             precision    recall  f1-score   support

          B       0.46      0.55      0.50        77
          C       0.00      0.00      0.00        20
          G       0.00      0.00      0.00        36
          M       0.00      0.00      0.00        45
          O       0.00      0.00      0.00         6
          P       0.46      0.40      0.43        65
          R       0.44      0.83      0.58       117

avg / total       0.32      0.45      0.37       366

[[42  0  0  0  0 10 25]
 [ 1  0  0  0  0  1 18]
 [17  0  0  0  0  5 14]
 [ 3  0  0  0  0  7 35]
 [ 0  0  0  0  0  0  6]
 [15  0  0  0  0 26 24]
 [13  0  0  0  0  7 97]]

SVM linear
Classification_report:
             precision    recall  f1-score   support

          B       0.47      0.52      0.49        77
          C       0.23      0.25      0.24        20
          G       0.28      0.31      0.29        36
          M       0.17      0.20      0.18        45
          O       0.67      0.33      0.44         6
          P       0.40      0.34      0.37        65
          R       0.49      0.44      0.46       117

avg / total       0.40      0.39      0.39       366

[[40  2 12  5  0  9  9]
 [ 1  5  0  2  0  3  9]
 [14  0 11  1  1  4  5]
 [ 5  2  4  9  0  7 18]
 [ 0  0  0  1  2  1  2]
 [14  4  7  6  0 22 12]
 [12  9  6 29  0  9 52]]

KNN
Classification_report:
             precision    recall  f1-score   support

          B       0.35      0.48      0.41        77
          C       0.21      0.15      0.18        20
          G       0.26      0.25      0.26        36
          M       0.20      0.24      0.22        45
          O       0.00      0.00      0.00         6
          P       0.45      0.42      0.43        65
          R       0.52      0.43      0.47       117

avg / total       0.38      0.37      0.37       366

[[37  3  9  5  0 14  9]
 [ 3  3  1  3  0  0 10]
 [12  0  9  5  0  4  6]
 [13  1  0 11  1  7 12]
 [ 1  0  1  1  0  0  3]
 [18  0  4  9  1 27  6]
 [21  7 10 20  1  8 50]]

NB Gaussian
Classification_report:
             precision    recall  f1-score   support

          B       0.50      0.36      0.42        77
          C       0.31      0.20      0.24        20
          G       0.17      0.61      0.27        36
          M       0.32      0.29      0.30        45
          O       0.06      0.17      0.08         6
          P       0.64      0.63      0.64        65
          R       0.34      0.13      0.19       117

avg / total       0.40      0.34      0.34       366

[[28  0 31  2  3  9  4]
 [ 0  4  4  0  2  1  9]
 [ 8  0 22  3  0  1  2]
 [ 3  3 15 13  2  3  6]
 [ 0  0  0  0  1  0  5]
 [ 9  1  3  6  2 41  3]
 [ 8  5 55 17  8  9 15]]

NB Bernoulli
Classification_report:
             precision    recall  f1-score   support

          B       0.60      0.57      0.59        77
          C       0.67      0.10      0.17        20
          G       0.33      0.03      0.05        36
          M       0.50      0.09      0.15        45
          O       1.00      0.50      0.67         6
          P       0.78      0.69      0.73        65
          R       0.48      0.89      0.62       117

avg / total       0.56      0.55      0.50       366

[[ 44   0   1   0   0   2  30]
 [  2   2   0   1   0   1  14]
 [ 18   0   1   0   0   0  17]
 [  1   0   0   4   0   2  38]
 [  0   1   1   0   3   1   0]
 [  4   0   0   1   0  45  15]
 [  4   0   0   2   0   7 104]]

DT
Classification_report:
             precision    recall  f1-score   support

          B       0.48      0.51      0.49        77
          C       0.12      0.10      0.11        20
          G       0.27      0.22      0.24        36
          M       0.18      0.20      0.19        45
          O       0.00      0.00      0.00         6
          P       0.57      0.60      0.58        65
          R       0.42      0.41      0.41       117

avg / total       0.39      0.40      0.39       366

[[39  0  8  8  0  4 18]
 [ 4  2  2  5  0  1  6]
 [10  2  8  3  0  5  8]
 [ 5  2  1  9  0  5 23]
 [ 1  0  0  0  0  5  0]
 [ 6  1  2  2  3 39 12]
 [17  9  9 23  1 10 48]]

CRF
Classification_report:
             precision    recall  f1-score   support

          B       0.54      0.57      0.55        77
          C       0.42      0.50      0.45        20
          G       0.37      0.31      0.33        36
          M       0.19      0.13      0.16        45
          O       0.00      0.00      0.00         6
          P       0.59      0.51      0.55        65
          R       0.58      0.70      0.64       117

avg / total       0.49      0.51      0.49       366

CRF 2.0
Classification_report:
             precision    recall  f1-score   support

          B       0.65      0.56      0.60        77
          C       0.24      0.20      0.22        20
          G       0.50      0.39      0.44        36
          M       0.18      0.22      0.20        45
          O       0.00      0.00      0.00         6
          P       0.52      0.52      0.52        65
          R       0.54      0.61      0.57       117

avg / total       0.48      0.48      0.48       366


SVM RBF
Classification_report:
             precision    recall  f1-score   support

          B       0.62      0.94      0.75       179
          C       0.00      0.00      0.00        20
          G       0.00      0.00      0.00        36
          M       0.00      0.00      0.00        59
          O       0.00      0.00      0.00         1
          P       0.75      0.31      0.44        68
          R       0.51      0.82      0.63       102

avg / total       0.46      0.59      0.49       465

[[168   0   0   1   0   3   7]
 [  0   0   0   0   0   0  20]
 [ 35   0   0   0   0   1   0]
 [ 11   0   0   0   0   2  46]
 [  1   0   0   0   0   0   0]
 [ 40   0   0   0   0  21   7]
 [ 17   0   0   0   0   1  84]]

SVM linear
Classification_report:
             precision    recall  f1-score   support

          B       0.65      0.70      0.68       179
          C       0.33      0.35      0.34        20
          G       0.32      0.33      0.33        36
          M       0.25      0.27      0.26        59
          O       0.00      0.00      0.00         1
          P       0.56      0.50      0.53        68
          R       0.44      0.39      0.42       102

avg / total       0.50      0.51      0.50       465

[[126   0  21   6   0  17   9]
 [  1   7   0   0   0   1  11]
 [ 24   0  12   0   0   0   0]
 [ 11   1   0  16   0   5  26]
 [  0   0   0   0   0   1   0]
 [ 20   3   2   5   0  34   4]
 [ 11  10   2  36   0   3  40]]

KNN
Classification_report:
             precision    recall  f1-score   support

          B       0.54      0.82      0.65       179
          C       0.12      0.10      0.11        20
          G       0.39      0.31      0.34        36
          M       0.26      0.15      0.19        59
          O       0.00      0.00      0.00         1
          P       0.53      0.43      0.47        68
          R       0.38      0.23      0.28       102

avg / total       0.44      0.47      0.44       465

[[146   0  10   3   0  13   7]
 [  6   2   0   3   0   0   9]
 [ 17   0  11   0   0   6   2]
 [ 26   2   2   9   0   1  19]
 [  1   0   0   0   0   0   0]
 [ 31   1   4   3   0  29   0]
 [ 44  11   1  17   0   6  23]]

NB Gaussian
Classification_report:
             precision    recall  f1-score   support

          B       0.53      0.17      0.26       179
          C       0.20      0.15      0.17        20
          G       0.17      0.67      0.27        36
          M       0.25      0.56      0.35        59
          O       0.00      0.00      0.00         1
          P       0.38      0.53      0.44        68
          R       0.24      0.06      0.09       102

avg / total       0.36      0.29      0.26       465

[[31  4 85 31  0 25  3]
 [ 4  3  2  5  0  2  4]
 [ 6  0 24  3  0  1  2]
 [ 2  2  6 33  0 10  6]
 [ 1  0  0  0  0  0  0]
 [ 4  1  3 20  0 36  4]
 [11  5 20 40  0 20  6]]

NB Bernoulli
Classification_report:
             precision    recall  f1-score   support

          B       0.56      0.93      0.70       179
          C       0.00      0.00      0.00        20
          G       0.00      0.00      0.00        36
          M       0.44      0.19      0.26        59
          O       0.00      0.00      0.00         1
          P       0.82      0.40      0.53        68
          R       0.42      0.43      0.43       102

avg / total       0.48      0.53      0.47       465

[[166   0   1   0   0   0  12]
 [  6   0   2   3   0   1   8]
 [ 33   0   0   0   0   1   2]
 [ 19   0   0  11   0   1  28]
 [  0   0   0   0   0   1   0]
 [ 27   0   0   3   0  27  11]
 [ 47   0   1   8   0   2  44]]

DT
Classification_report:
             precision    recall  f1-score   support

          B       0.76      0.82      0.79       179
          C       0.12      0.15      0.14        20
          G       0.52      0.36      0.43        36
          M       0.34      0.36      0.35        59
          O       0.00      0.00      0.00         1
          P       0.70      0.62      0.66        68
          R       0.39      0.39      0.39       102

avg / total       0.57      0.57      0.57       465

[[146   0   9   2   0  10  12]
 [  0   3   0   3   0   1  13]
 [ 21   0  13   0   0   0   2]
 [  4   5   0  21   0   2  27]
 [  0   0   0   1   0   0   0]
 [  8   1   2   7   0  42   8]
 [ 13  15   1  28   0   5  40]]

CRF
Classification_report:
             precision    recall  f1-score   support

          B       0.86      0.97      0.91       179
          C       0.71      0.75      0.73        20
          G       0.85      0.64      0.73        36
          M       0.55      0.47      0.51        59
          O       0.00      0.00      0.00         1
          P       0.82      0.74      0.78        68
          R       0.66      0.68      0.67       102

avg / total       0.76      0.77      0.76       465

CRF 2.0
Classification_report:
             precision    recall  f1-score   support

          B       0.98      1.00      0.99       179
          C       0.47      0.35      0.40        20
          G       1.00      0.92      0.96        36
          M       0.85      0.80      0.82        59
          O       0.00      0.00      0.00         1
          P       0.95      0.93      0.94        68
          R       0.81      0.90      0.86       102

avg / total       0.90      0.91      0.90       465


SVM RBF
Classification_report:
             precision    recall  f1-score   support

          B       0.55      0.83      0.67       256
          C       0.00      0.00      0.00        40
          G       0.00      0.00      0.00        72
          M       0.00      0.00      0.00       104
          O       0.00      0.00      0.00         7
          P       0.52      0.36      0.43       133
          R       0.48      0.77      0.59       219

avg / total       0.38      0.52      0.43       831

[[213   0   0   0   0   9  34]
 [  5   0   0   0   0   2  33]
 [ 58   0   0   0   0   6   8]
 [ 22   0   0   0   0  12  70]
 [  2   0   0   0   0   1   4]
 [ 49   0   0   0   0  48  36]
 [ 35   0   0   1   0  14 169]]

SVM linear
Classification_report:
             precision    recall  f1-score   support

          B       0.57      0.66      0.61       256
          C       0.25      0.28      0.26        40
          G       0.39      0.31      0.34        72
          M       0.25      0.19      0.22       104
          O       0.40      0.29      0.33         7
          P       0.53      0.47      0.50       133
          R       0.48      0.50      0.49       219

avg / total       0.47      0.48      0.47       831

[[168   6  22   9   2  19  30]
 [  5  11   0   2   0   2  20]
 [ 37   1  22   2   0   5   5]
 [ 20   2   1  20   0   9  52]
 [  0   0   0   0   2   4   1]
 [ 34   4   7  12   0  63  13]
 [ 32  20   5  34   1  17 110]]

KNN
Classification_report:
             precision    recall  f1-score   support

          B       0.50      0.70      0.58       256
          C       0.19      0.17      0.18        40
          G       0.29      0.28      0.28        72
          M       0.17      0.15      0.16       104
          O       0.00      0.00      0.00         7
          P       0.44      0.37      0.40       133
          R       0.47      0.35      0.40       219

avg / total       0.40      0.42      0.40       831

[[178   3  22  11   1  24  17]
 [  6   7   0   4   0   2  21]
 [ 42   0  20   1   0   6   3]
 [ 39   2   6  16   0  12  29]
 [  2   0   1   0   0   2   2]
 [ 39   5  11  16   0  49  13]
 [ 51  20  10  45   0  17  76]]

NB Gaussian
Classification_report:
             precision    recall  f1-score   support

          B       0.48      0.16      0.24       256
          C       0.12      0.33      0.17        40
          G       0.16      0.64      0.25        72
          M       0.26      0.36      0.30       104
          O       0.00      0.00      0.00         7
          P       0.56      0.47      0.51       133
          R       0.32      0.11      0.16       219

avg / total       0.37      0.27      0.27       831

[[ 42  23 124  34   3  21   9]
 [  2  13   9   2   2   4   8]
 [ 14   3  46   4   0   3   2]
 [  9   9  30  37   0   5  14]
 [  1   0   0   0   0   1   5]
 [  8  24   6  18   3  62  12]
 [ 12  37  78  45   8  15  24]]

NB Bernoulli
Classification_report:
             precision    recall  f1-score   support

          B       0.61      0.78      0.68       256
          C       0.57      0.10      0.17        40
          G       0.50      0.12      0.20        72
          M       0.38      0.17      0.24       104
          O       1.00      0.43      0.60         7
          P       0.76      0.68      0.72       133
          R       0.45      0.64      0.53       219

avg / total       0.56      0.56      0.53       831

[[200   0   4   1   0   8  43]
 [  9   4   1   2   0   2  22]
 [ 49   0   9   2   0   0  12]
 [ 11   0   0  18   0   3  72]
 [  0   3   0   0   3   1   0]
 [ 16   0   1   5   0  91  20]
 [ 43   0   3  19   0  14 140]]

DT
Classification_report:
             precision    recall  f1-score   support

          B       0.65      0.62      0.64       256
          C       0.19      0.20      0.19        40
          G       0.30      0.29      0.30        72
          M       0.26      0.25      0.25       104
          O       0.00      0.00      0.00         7
          P       0.61      0.62      0.61       133
          R       0.44      0.48      0.46       219

avg / total       0.48      0.48      0.48       831

[[159   6  25  14   0  22  30]
 [  3   8   1   7   0   4  17]
 [ 27   4  21   8   0   3   9]
 [ 11   3   5  26   0   6  53]
 [  0   1   0   1   0   3   2]
 [ 15   3   5   6   1  83  20]
 [ 28  18  13  39   0  16 105]]

CRF
Classification_report:
             precision    recall  f1-score   support

          B       0.71      0.78      0.75       256
          C       0.54      0.50      0.52        40
          G       0.60      0.50      0.55        72
          M       0.37      0.28      0.32       104
          O       0.50      0.14      0.22         7
          P       0.71      0.59      0.64       133
          R       0.57      0.68      0.62       219

avg / total       0.61      0.62      0.61       831

CRF 2.0
Classification_report:
             precision    recall  f1-score   support

          B       0.87      0.87      0.87       256
          C       0.44      0.40      0.42        40
          G       0.77      0.71      0.74        72
          M       0.58      0.55      0.56       104
          O       0.00      0.00      0.00         7
          P       0.70      0.71      0.70       133
          R       0.68      0.75      0.72       219

avg / total       0.72      0.73      0.72       831
