SVM RBF
Classification_report:
             precision    recall  f1-score   support

          B       0.51      0.58      0.55        77
          C       0.00      0.00      0.00        20
          G       0.00      0.00      0.00        36
          M       1.00      0.02      0.04        45
          O       0.00      0.00      0.00         6
          P       0.62      0.49      0.55        65
          R       0.44      0.85      0.58       117

avg / total       0.48      0.49      0.40       366

[[ 45   0   0   0   0   9  23]
 [  1   0   0   0   0   1  18]
 [ 16   0   0   0   0   1  19]
 [  1   0   0   1   0   3  40]
 [  0   0   0   0   0   1   5]
 [ 13   0   0   0   0  32  20]
 [ 12   0   0   0   0   5 100]]

SVM linear
Classification_report:
             precision    recall  f1-score   support

          B       0.43      0.45      0.44        77
          C       0.35      0.30      0.32        20
          G       0.48      0.42      0.45        36
          M       0.19      0.22      0.20        45
          O       0.50      0.17      0.25         6
          P       0.54      0.49      0.52        65
          R       0.47      0.49      0.48       117

avg / total       0.43      0.43      0.43       366

[[35  1  9  4  0 11 17]
 [ 2  6  0  3  0  1  8]
 [12  0 15  1  0  1  7]
 [ 3  0  2 10  0  5 25]
 [ 0  1  0  0  1  2  2]
 [13  2  3  8  1 32  6]
 [16  7  2 28  0  7 57]]

KNN
Classification_report:
             precision    recall  f1-score   support

          B       0.36      0.45      0.40        77
          C       0.21      0.15      0.18        20
          G       0.31      0.25      0.28        36
          M       0.21      0.24      0.23        45
          O       0.50      0.17      0.25         6
          P       0.41      0.42      0.41        65
          R       0.44      0.40      0.42       117

avg / total       0.37      0.36      0.36       366

[[35  2  3  7  0 20 10]
 [ 1  3  1  4  0  0 11]
 [14  0  9  3  0  4  6]
 [ 7  1  0 11  1  3 22]
 [ 0  0  2  0  1  0  3]
 [15  2  6  7  0 27  8]
 [24  6  8 20  0 12 47]]

NB Gaussian
Classification_report:
             precision    recall  f1-score   support

          B       0.47      0.36      0.41        77
          C       0.31      0.20      0.24        20
          G       0.17      0.61      0.27        36
          M       0.36      0.31      0.33        45
          O       0.06      0.17      0.08         6
          P       0.66      0.63      0.65        65
          R       0.33      0.13      0.19       117

avg / total       0.40      0.34      0.34       366

[[28  0 31  2  3  9  4]
 [ 0  4  4  0  2  1  9]
 [ 9  0 22  3  0  0  2]
 [ 2  3 15 14  2  2  7]
 [ 0  0  0  0  1  0  5]
 [10  1  3  5  2 41  3]
 [10  5 55 15  8  9 15]]

NB Bernoulli
Classification_report:
             precision    recall  f1-score   support

          B       0.53      0.55      0.54        77
          C       0.60      0.15      0.24        20
          G       0.38      0.17      0.23        36
          M       0.38      0.20      0.26        45
          O       1.00      0.33      0.50         6
          P       0.66      0.69      0.68        65
          R       0.47      0.69      0.56       117

avg / total       0.51      0.51      0.49       366

[[42  0  5  1  0  7 22]
 [ 0  3  1  2  0  2 12]
 [18  0  6  1  0  1 10]
 [ 2  0  2  9  0  2 30]
 [ 0  2  0  0  2  2  0]
 [ 2  0  1  1  0 45 16]
 [16  0  1 10  0  9 81]]

DT
Classification_report:
             precision    recall  f1-score   support

          B       0.43      0.38      0.40        77
          C       0.12      0.15      0.13        20
          G       0.24      0.22      0.23        36
          M       0.12      0.13      0.12        45
          O       0.00      0.00      0.00         6
          P       0.59      0.66      0.62        65
          R       0.43      0.42      0.43       117

avg / total       0.38      0.38      0.38       366

[[29  3 11 10  0 12 12]
 [ 4  3  2  2  0  0  9]
 [ 9  1  8  3  0  4 11]
 [ 7  4  4  6  1  1 22]
 [ 0  0  0  0  0  5  1]
 [ 7  2  2  2  0 43  9]
 [12 12  6 29  1  8 49]]

CRF
Classification_report:
             precision    recall  f1-score   support

          B       0.57      0.55      0.56        77
          C       0.36      0.40      0.38        20
          G       0.41      0.31      0.35        36
          M       0.20      0.13      0.16        45
          O       0.00      0.00      0.00         6
          P       0.57      0.54      0.56        65
          R       0.54      0.70      0.61       117

avg / total       0.48      0.50      0.49       366

CRF 2.0
Classification_report:
             precision    recall  f1-score   support

          B       0.57      0.53      0.55        77
          C       0.18      0.10      0.13        20
          G       0.38      0.25      0.30        36
          M       0.28      0.24      0.26        45
          O       0.00      0.00      0.00         6
          P       0.69      0.63      0.66        65
          R       0.56      0.77      0.65       117

avg / total       0.50      0.53      0.51       366


SVM RBF
Classification_report:
             precision    recall  f1-score   support

          B       0.59      0.96      0.73       179
          C       0.00      0.00      0.00        20
          G       0.00      0.00      0.00        36
          M       0.00      0.00      0.00        59
          O       0.00      0.00      0.00         1
          P       0.81      0.25      0.38        68
          R       0.52      0.78      0.63       102

avg / total       0.46      0.58      0.47       465

[[171   0   0   0   0   0   8]
 [  0   0   0   0   0   1  19]
 [ 35   0   0   0   0   1   0]
 [ 20   0   0   0   0   2  37]
 [  1   0   0   0   0   0   0]
 [ 42   0   0   0   0  17   9]
 [ 21   0   0   1   0   0  80]]

SVM linear
Classification_report:
             precision    recall  f1-score   support

          B       0.69      0.77      0.73       179
          C       0.50      0.35      0.41        20
          G       0.42      0.39      0.41        36
          M       0.41      0.41      0.41        59
          O       0.00      0.00      0.00         1
          P       0.61      0.60      0.61        68
          R       0.54      0.50      0.52       102

avg / total       0.58      0.59      0.59       465

[[138   0  18   7   0  10   6]
 [  1   7   0   3   0   2   7]
 [ 21   0  14   0   0   1   0]
 [  8   1   0  24   0   5  21]
 [  0   0   0   0   0   1   0]
 [ 13   1   1   3   0  41   9]
 [ 18   5   0  21   0   7  51]]

KNN
Classification_report:
             precision    recall  f1-score   support

          B       0.54      0.78      0.64       179
          C       0.20      0.20      0.20        20
          G       0.17      0.08      0.11        36
          M       0.17      0.12      0.14        59
          O       0.00      0.00      0.00         1
          P       0.42      0.49      0.45        68
          R       0.42      0.21      0.28       102

avg / total       0.40      0.45      0.41       465

[[139   1   7   6   0  21   5]
 [  8   4   0   3   0   1   4]
 [ 23   0   3   0   0   9   1]
 [ 25   2   0   7   0   7  18]
 [  0   0   0   0   0   1   0]
 [ 25   2   4   3   0  33   1]
 [ 38  11   4  21   0   7  21]]

NB Gaussian
Classification_report:
             precision    recall  f1-score   support

          B       0.54      0.18      0.28       179
          C       0.20      0.15      0.17        20
          G       0.17      0.67      0.27        36
          M       0.25      0.56      0.35        59
          O       0.00      0.00      0.00         1
          P       0.40      0.54      0.46        68
          R       0.24      0.06      0.09       102

avg / total       0.37      0.29      0.27       465

[[33  4 85 31  0 23  3]
 [ 4  3  2  5  0  2  4]
 [ 6  0 24  3  0  1  2]
 [ 2  2  6 33  0 10  6]
 [ 1  0  0  0  0  0  0]
 [ 4  1  3 19  0 37  4]
 [11  5 20 40  0 20  6]]

NB Bernoulli
Classification_report:
             precision    recall  f1-score   support

          B       0.61      0.81      0.69       179
          C       0.00      0.00      0.00        20
          G       0.30      0.08      0.13        36
          M       0.38      0.34      0.36        59
          O       0.00      0.00      0.00         1
          P       0.63      0.62      0.62        68
          R       0.43      0.41      0.42       102

avg / total       0.49      0.54      0.51       465

[[145   0   4   5   0   7  18]
 [  6   0   1   5   0   3   5]
 [ 29   0   3   1   0   0   3]
 [ 14   0   0  20   0   5  20]
 [  0   0   0   0   0   1   0]
 [ 11   0   0   6   0  42   9]
 [ 34   0   2  15   0   9  42]]

DT
Classification_report:
             precision    recall  f1-score   support

          B       0.66      0.75      0.70       179
          C       0.21      0.20      0.21        20
          G       0.38      0.33      0.35        36
          M       0.46      0.39      0.42        59
          O       0.00      0.00      0.00         1
          P       0.60      0.49      0.54        68
          R       0.45      0.46      0.46       102

avg / total       0.54      0.54      0.54       465

[[134   1  18   4   0   8  14]
 [  2   4   0   5   0   0   9]
 [ 22   0  12   0   0   2   0]
 [  5   3   0  23   0   6  22]
 [  1   0   0   0   0   0   0]
 [ 16   0   1   4   2  33  12]
 [ 23  11   1  14   0   6  47]]

CRF
Classification_report:
             precision    recall  f1-score   support

          B       0.86      0.97      0.91       179
          C       0.76      0.65      0.70        20
          G       0.88      0.61      0.72        36
          M       0.52      0.44      0.48        59
          O       0.00      0.00      0.00         1
          P       0.85      0.76      0.81        68
          R       0.64      0.71      0.67       102

avg / total       0.77      0.77      0.76       465

CRF 2.0
Classification_report:
             precision    recall  f1-score   support

          B       0.98      1.00      0.99       179
          C       0.69      0.45      0.55        20
          G       1.00      0.97      0.99        36
          M       0.87      0.80      0.83        59
          O       0.00      0.00      0.00         1
          P       0.97      0.90      0.93        68
          R       0.80      0.92      0.85       102

avg / total       0.91      0.91      0.91       465


SVM RBF
Classification_report:
             precision    recall  f1-score   support

          B       0.57      0.86      0.68       256
          C       0.00      0.00      0.00        40
          G       0.00      0.00      0.00        72
          M       0.00      0.00      0.00       104
          O       0.00      0.00      0.00         7
          P       0.69      0.52      0.59       133
          R       0.48      0.76      0.59       219

avg / total       0.41      0.55      0.46       831

[[220   0   0   1   0   3  32]
 [  5   0   0   0   0   3  32]
 [ 60   0   0   0   0   2  10]
 [ 23   0   0   0   0   9  72]
 [  0   0   0   0   0   3   4]
 [ 37   0   0   0   0  69  27]
 [ 42   0   0   0   0  11 166]]

SVM linear
Classification_report:
             precision    recall  f1-score   support

          B       0.56      0.62      0.59       256
          C       0.32      0.35      0.33        40
          G       0.37      0.36      0.36        72
          M       0.30      0.37      0.33       104
          O       0.33      0.14      0.20         7
          P       0.56      0.56      0.56       133
          R       0.50      0.40      0.44       219

avg / total       0.48      0.48      0.48       831

[[158   3  36  17   0  18  24]
 [  7  14   1   1   0   5  12]
 [ 38   2  26   3   0   1   2]
 [ 16   4   1  38   0  10  35]
 [  0   1   0   0   1   3   2]
 [ 23   7   4  13   0  74  12]
 [ 39  13   3  54   2  21  87]]

KNN
Classification_report:
             precision    recall  f1-score   support

          B       0.49      0.62      0.55       256
          C       0.22      0.15      0.18        40
          G       0.37      0.25      0.30        72
          M       0.18      0.21      0.19       104
          O       0.00      0.00      0.00         7
          P       0.42      0.44      0.43       133
          R       0.46      0.35      0.40       219

avg / total       0.41      0.41      0.40       831

[[160   5  12  27   0  36  16]
 [  9   6   1   4   0   2  18]
 [ 36   0  18   4   0   9   5]
 [ 26   2   5  22   0  12  37]
 [  0   0   0   0   0   4   3]
 [ 40   4   7  13   1  58  10]
 [ 54  10   6  52   2  18  77]]

NB Gaussian
Classification_report:
             precision    recall  f1-score   support

          B       0.49      0.17      0.25       256
          C       0.13      0.33      0.19        40
          G       0.16      0.64      0.25        72
          M       0.26      0.37      0.31       104
          O       0.00      0.00      0.00         7
          P       0.57      0.50      0.54       133
          R       0.32      0.11      0.17       219

avg / total       0.38      0.28      0.28       831

[[ 43  20 125  36   3  20   9]
 [  2  13   9   2   1   4   9]
 [ 14   3  46   4   0   3   2]
 [  8   7  30  38   0   6  15]
 [  1   0   0   0   0   1   5]
 [  7  23   6  15   3  67  12]
 [ 12  31  78  50   7  16  25]]

NB Bernoulli
Classification_report:
             precision    recall  f1-score   support

          B       0.59      0.70      0.64       256
          C       0.62      0.12      0.21        40
          G       0.43      0.22      0.29        72
          M       0.34      0.25      0.29       104
          O       1.00      0.43      0.60         7
          P       0.60      0.68      0.63       133
          R       0.48      0.55      0.51       219

avg / total       0.52      0.53      0.51       831

[[178   1  17   4   0  21  35]
 [ 10   5   0   1   0   5  19]
 [ 46   0  16   2   0   1   7]
 [ 14   0   0  26   0  12  52]
 [  0   2   0   0   3   2   0]
 [ 16   0   1   9   0  90  17]
 [ 40   0   3  35   0  20 121]]

DT
Classification_report:
             precision    recall  f1-score   support

          B       0.65      0.61      0.63       256
          C       0.14      0.12      0.13        40
          G       0.39      0.40      0.39        72
          M       0.25      0.26      0.25       104
          O       0.17      0.14      0.15         7
          P       0.61      0.65      0.63       133
          R       0.41      0.42      0.41       219

avg / total       0.48      0.48      0.48       831

[[156   1  20  17   0  21  41]
 [  3   5   2   7   1   4  18]
 [ 18   2  29   4   0   4  15]
 [ 20   6   5  27   1   5  40]
 [  1   0   0   0   1   3   2]
 [ 16   3   3   7   0  87  17]
 [ 27  18  16  46   3  18  91]]

CRF
Classification_report:
             precision    recall  f1-score   support

          B       0.73      0.77      0.75       256
          C       0.47      0.47      0.48        40
          G       0.62      0.47      0.54        72
          M       0.32      0.27      0.29       104
          O       1.00      0.14      0.25         7
          P       0.74      0.62      0.68       133
          R       0.55      0.66      0.60       219

avg / total       0.61      0.61      0.60       831

CRF 2.0
Classification_report:
             precision    recall  f1-score   support

          B       0.88      0.86      0.87       256
          C       0.41      0.35      0.38        40
          G       0.77      0.64      0.70        72
          M       0.58      0.55      0.56       104
          O       0.00      0.00      0.00         7
          P       0.74      0.74      0.74       133
          R       0.65      0.76      0.70       219

avg / total       0.72      0.72      0.72       831
