SVM RBF
Classification_report:
             precision    recall  f1-score   support

          B       0.50      0.60      0.54        77
          C       0.00      0.00      0.00        20
          G       0.00      0.00      0.00        36
          M       1.00      0.02      0.04        45
          O       0.00      0.00      0.00         6
          P       0.71      0.49      0.58        65
          R       0.45      0.88      0.60       117

avg / total       0.50      0.50      0.41       366

[[ 46   0   0   0   0   5  26]
 [  2   0   0   0   0   1  17]
 [ 20   0   0   0   0   1  15]
 [  3   0   0   1   0   2  39]
 [  0   0   0   0   0   1   5]
 [ 10   0   0   0   0  32  23]
 [ 11   0   0   0   0   3 103]]

SVM linear
Classification_report:
             precision    recall  f1-score   support

          B       0.50      0.55      0.52        77
          C       0.35      0.30      0.32        20
          G       0.50      0.36      0.42        36
          M       0.24      0.27      0.25        45
          O       0.00      0.00      0.00         6
          P       0.66      0.63      0.65        65
          R       0.52      0.56      0.54       117

avg / total       0.49      0.49      0.49       366

[[42  2  9  4  0  4 16]
 [ 2  6  0  1  0  3  8]
 [13  1 13  2  0  1  6]
 [ 6  0  0 12  0  4 23]
 [ 0  1  0  1  0  2  2]
 [ 7  3  4  4  0 41  6]
 [14  4  0 26  0  7 66]]

KNN
Classification_report:
             precision    recall  f1-score   support

          B       0.37      0.49      0.42        77
          C       0.29      0.20      0.24        20
          G       0.29      0.25      0.27        36
          M       0.16      0.18      0.17        45
          O       0.00      0.00      0.00         6
          P       0.45      0.46      0.45        65
          R       0.47      0.39      0.43       117

avg / total       0.37      0.37      0.37       366

[[38  2  7  6  0 16  8]
 [ 4  4  0  3  0  0  9]
 [13  3  9  1  0  2  8]
 [ 7  0  2  8  1  6 21]
 [ 0  0  2  1  0  1  2]
 [20  1  6  5  0 30  3]
 [22  4  5 27  1 12 46]]

NB Gaussian
Classification_report:
             precision    recall  f1-score   support

          B       0.45      0.38      0.41        77
          C       0.33      0.20      0.25        20
          G       0.20      0.61      0.30        36
          M       0.31      0.38      0.34        45
          O       0.06      0.17      0.08         6
          P       0.67      0.62      0.64        65
          R       0.32      0.13      0.18       117

avg / total       0.39      0.35      0.34       366

[[29  0 28  4  3  9  4]
 [ 0  4  4  0  2  1  9]
 [ 9  0 22  3  0  0  2]
 [ 3  3 11 17  2  2  7]
 [ 0  0  0  0  1  0  5]
 [11  0  1  6  2 40  5]
 [13  5 43 25  8  8 15]]

NB Bernoulli
Classification_report:
             precision    recall  f1-score   support

          B       0.47      0.49      0.48        77
          C       0.67      0.20      0.31        20
          G       0.42      0.22      0.29        36
          M       0.31      0.24      0.27        45
          O       1.00      0.33      0.50         6
          P       0.64      0.74      0.69        65
          R       0.48      0.61      0.54       117

avg / total       0.50      0.50      0.48       366

[[38  0  7  4  0  7 21]
 [ 3  4  0  1  0  3  9]
 [16  0  8  0  0  3  9]
 [ 4  0  1 11  0  4 25]
 [ 0  2  1  0  2  1  0]
 [ 1  0  2  2  0 48 12]
 [19  0  0 18  0  9 71]]

DT
Classification_report:
             precision    recall  f1-score   support

          B       0.36      0.35      0.36        77
          C       0.15      0.15      0.15        20
          G       0.27      0.25      0.26        36
          M       0.13      0.16      0.14        45
          O       0.17      0.17      0.17         6
          P       0.65      0.57      0.61        65
          R       0.42      0.44      0.43       117

avg / total       0.38      0.37      0.37       366

[[27  5  3 16  0  4 22]
 [ 3  3  4  2  0  2  6]
 [ 8  2  9  5  1  1 10]
 [ 8  1  4  7  0  2 23]
 [ 0  0  0  0  1  3  2]
 [ 9  2  3  4  3 37  7]
 [20  7 10 20  1  8 51]]

CRF
Classification_report:
             precision    recall  f1-score   support

          B       0.53      0.56      0.54        77
          C       0.40      0.40      0.40        20
          G       0.35      0.31      0.33        36
          M       0.17      0.13      0.15        45
          O       0.00      0.00      0.00         6
          P       0.56      0.49      0.52        65
          R       0.58      0.70      0.64       117

avg / total       0.48      0.50      0.48       366

CRF 2.0
Classification_report:
             precision    recall  f1-score   support

          B       0.67      0.61      0.64        77
          C       0.27      0.15      0.19        20
          G       0.39      0.25      0.31        36
          M       0.23      0.16      0.18        45
          O       0.00      0.00      0.00         6
          P       0.69      0.58      0.63        65
          R       0.51      0.77      0.61       117

avg / total       0.51      0.53      0.51       366


SVM RBF
Classification_report:
             precision    recall  f1-score   support

          B       0.57      0.94      0.71       179
          C       0.00      0.00      0.00        20
          G       0.00      0.00      0.00        36
          M       0.00      0.00      0.00        59
          O       0.00      0.00      0.00         1
          P       0.91      0.29      0.44        68
          R       0.50      0.73      0.59       102

avg / total       0.46      0.57      0.47       465

[[169   0   0   0   0   0  10]
 [  2   0   0   0   0   1  17]
 [ 36   0   0   0   0   0   0]
 [ 23   0   0   0   0   1  35]
 [  1   0   0   0   0   0   0]
 [ 37   0   0   0   0  20  11]
 [ 28   0   0   0   0   0  74]]

SVM linear
Classification_report:
             precision    recall  f1-score   support

          B       0.72      0.74      0.73       179
          C       0.38      0.30      0.33        20
          G       0.41      0.33      0.37        36
          M       0.40      0.41      0.40        59
          O       0.00      0.00      0.00         1
          P       0.59      0.60      0.60        68
          R       0.53      0.55      0.54       102

avg / total       0.58      0.58      0.58       465

[[133   1  17   8   0  12   8]
 [  0   6   0   2   0   2  10]
 [ 23   0  12   0   0   1   0]
 [  7   2   0  24   0   5  21]
 [  0   0   0   0   0   1   0]
 [ 12   2   0   2   0  41  11]
 [ 10   5   0  24   0   7  56]]

KNN
Classification_report:
             precision    recall  f1-score   support

          B       0.51      0.72      0.59       179
          C       0.18      0.15      0.16        20
          G       0.21      0.14      0.17        36
          M       0.21      0.17      0.19        59
          O       0.00      0.00      0.00         1
          P       0.50      0.44      0.47        68
          R       0.45      0.28      0.35       102

avg / total       0.42      0.44      0.42       465

[[128   4  12  10   0  19   6]
 [  6   3   0   2   0   3   6]
 [ 29   0   5   1   0   1   0]
 [ 28   0   2  10   0   2  17]
 [  1   0   0   0   0   0   0]
 [ 24   1   3   3   0  30   7]
 [ 36   9   2  21   0   5  29]]

NB Gaussian
Classification_report:
             precision    recall  f1-score   support

          B       0.55      0.18      0.28       179
          C       0.21      0.15      0.18        20
          G       0.17      0.67      0.27        36
          M       0.26      0.54      0.35        59
          O       0.00      0.00      0.00         1
          P       0.43      0.63      0.51        68
          R       0.23      0.07      0.11       102

avg / total       0.38      0.31      0.28       465

[[33  3 85 29  0 24  5]
 [ 3  3  2  5  0  2  5]
 [ 6  0 24  4  0  0  2]
 [ 3  2  6 32  0  9  7]
 [ 1  0  0  0  0  0  0]
 [ 4  1  3 13  0 43  4]
 [10  5 20 39  0 21  7]]

NB Bernoulli
Classification_report:
             precision    recall  f1-score   support

          B       0.59      0.70      0.64       179
          C       0.00      0.00      0.00        20
          G       0.40      0.17      0.24        36
          M       0.33      0.37      0.35        59
          O       0.00      0.00      0.00         1
          P       0.53      0.60      0.56        68
          R       0.44      0.38      0.41       102

avg / total       0.47      0.50      0.48       465

[[126   0   7  10   0  12  24]
 [  5   0   1   4   0   5   5]
 [ 28   0   6   1   0   0   1]
 [ 18   2   0  22   0   6  11]
 [  0   0   0   1   0   0   0]
 [ 10   1   0   7   0  41   9]
 [ 26   1   1  21   0  14  39]]

DT
Classification_report:
             precision    recall  f1-score   support

          B       0.70      0.73      0.71       179
          C       0.15      0.20      0.17        20
          G       0.31      0.28      0.29        36
          M       0.28      0.31      0.29        59
          O       0.00      0.00      0.00         1
          P       0.70      0.62      0.66        68
          R       0.49      0.45      0.47       102

avg / total       0.54      0.54      0.54       465

[[131   2  20   6   0   9  11]
 [  1   4   0   7   0   0   8]
 [ 25   0  10   0   0   1   0]
 [  2  13   0  18   0   4  22]
 [  0   0   0   0   0   1   0]
 [ 15   0   1   4   0  42   6]
 [ 14   8   1  30   0   3  46]]

CRF
Classification_report:
             precision    recall  f1-score   support

          B       0.85      0.97      0.91       179
          C       0.73      0.80      0.76        20
          G       0.84      0.58      0.69        36
          M       0.57      0.44      0.50        59
          O       0.00      0.00      0.00         1
          P       0.83      0.72      0.77        68
          R       0.65      0.70      0.67       102

avg / total       0.76      0.77      0.76       465

CRF 2.0
Classification_report:
             precision    recall  f1-score   support

          B       0.98      1.00      0.99       179
          C       0.58      0.35      0.44        20
          G       1.00      0.92      0.96        36
          M       0.87      0.80      0.83        59
          O       0.00      0.00      0.00         1
          P       0.94      0.91      0.93        68
          R       0.80      0.92      0.86       102

avg / total       0.90      0.91      0.90       465


SVM RBF
Classification_report:
             precision    recall  f1-score   support

          B       0.56      0.85      0.68       256
          C       0.00      0.00      0.00        40
          G       0.00      0.00      0.00        72
          M       0.00      0.00      0.00       104
          O       0.00      0.00      0.00         7
          P       0.75      0.57      0.65       133
          R       0.49      0.77      0.60       219

avg / total       0.42      0.56      0.47       831

[[217   0   0   0   0   4  35]
 [  5   0   0   0   0   3  32]
 [ 63   0   0   0   0   1   8]
 [ 26   0   0   0   0   6  72]
 [  0   0   0   0   0   3   4]
 [ 34   0   0   0   0  76  23]
 [ 41   0   0   0   0   9 169]]

SVM linear
Classification_report:
             precision    recall  f1-score   support

          B       0.55      0.59      0.57       256
          C       0.28      0.28      0.28        40
          G       0.33      0.35      0.34        72
          M       0.30      0.31      0.30       104
          O       0.00      0.00      0.00         7
          P       0.62      0.59      0.61       133
          R       0.49      0.46      0.47       219

avg / total       0.48      0.48      0.48       831

[[151   4  41  18   0  12  30]
 [  7  11   1   3   0   4  14]
 [ 38   1  25   3   0   0   5]
 [ 18   3   2  32   0  10  39]
 [  0   1   0   0   0   3   3]
 [ 23   6   5   5   0  79  15]
 [ 36  14   2  46   1  20 100]]

KNN
Classification_report:
             precision    recall  f1-score   support

          B       0.48      0.66      0.55       256
          C       0.20      0.15      0.17        40
          G       0.23      0.19      0.21        72
          M       0.17      0.15      0.16       104
          O       0.00      0.00      0.00         7
          P       0.46      0.47      0.46       133
          R       0.39      0.29      0.33       219

avg / total       0.38      0.40      0.38       831

[[168   6  19  13   0  31  19]
 [  8   6   2   5   1   5  13]
 [ 42   2  14   3   0   5   6]
 [ 32   1   3  16   0   9  43]
 [  1   0   0   0   0   3   3]
 [ 34   6   6  12   0  62  13]
 [ 65   9  17  44   2  19  63]]

NB Gaussian
Classification_report:
             precision    recall  f1-score   support

          B       0.48      0.16      0.24       256
          C       0.16      0.30      0.21        40
          G       0.16      0.64      0.25        72
          M       0.25      0.39      0.31       104
          O       0.00      0.00      0.00         7
          P       0.55      0.52      0.53       133
          R       0.32      0.11      0.17       219

avg / total       0.37      0.28      0.28       831

[[ 42  17 124  34   3  26  10]
 [  2  12   9   3   0   4  10]
 [ 14   2  46   5   0   3   2]
 [  8   5  29  41   0   6  15]
 [  1   0   0   0   0   1   5]
 [  7  17   6  20   2  69  12]
 [ 13  23  76  58   7  17  25]]

NB Bernoulli
Classification_report:
             precision    recall  f1-score   support

          B       0.55      0.58      0.56       256
          C       0.38      0.15      0.21        40
          G       0.38      0.33      0.36        72
          M       0.25      0.22      0.24       104
          O       1.00      0.29      0.44         7
          P       0.55      0.70      0.62       133
          R       0.47      0.47      0.47       219

avg / total       0.47      0.48      0.47       831

[[148   3  33  15   0  23  34]
 [  8   6   1   2   0   9  14]
 [ 36   0  24   1   0   4   7]
 [ 21   1   1  23   0  13  45]
 [  0   3   0   0   2   1   1]
 [ 13   0   1  10   0  93  16]
 [ 45   3   3  40   0  25 103]]

DT
Classification_report:
             precision    recall  f1-score   support

          B       0.57      0.56      0.57       256
          C       0.15      0.20      0.17        40
          G       0.22      0.24      0.23        72
          M       0.15      0.17      0.16       104
          O       0.00      0.00      0.00         7
          P       0.59      0.59      0.59       133
          R       0.41      0.37      0.39       219

avg / total       0.42      0.42      0.42       831

[[143   7  30  21   0  20  35]
 [  3   8   1  12   1   3  12]
 [ 31   4  17   7   0   3  10]
 [ 15   7  10  18   1  10  43]
 [  1   1   1   1   0   1   2]
 [ 21   3   4  13   1  79  12]
 [ 36  25  14  45   1  18  80]]

CRF
Classification_report:
             precision    recall  f1-score   support

          B       0.72      0.80      0.76       256
          C       0.47      0.45      0.46        40
          G       0.62      0.47      0.54        72
          M       0.36      0.27      0.31       104
          O       0.00      0.00      0.00         7
          P       0.72      0.59      0.64       133
          R       0.57      0.69      0.62       219

avg / total       0.61      0.62      0.61       831

CRF 2.0
Classification_report:
             precision    recall  f1-score   support

          B       0.85      0.87      0.86       256
          C       0.36      0.25      0.29        40
          G       0.79      0.74      0.76        72
          M       0.61      0.51      0.55       104
          O       0.00      0.00      0.00         7
          P       0.76      0.74      0.75       133
          R       0.66      0.78      0.72       219

avg / total       0.72      0.73      0.72       831
