Reading  corpus/output366.json
SVM RBF
Classification_report:
             precision    recall  f1-score   support

          B       0.50      0.60      0.54        77
          C       0.50      0.35      0.41        20
          G       0.50      0.28      0.36        36
          M       0.25      0.22      0.24        45
          O       1.00      0.17      0.29         6
          P       0.64      0.63      0.64        65
          R       0.46      0.53      0.49       117

avg / total       0.49      0.48      0.48       366

[[46  0  7  1  0  4 19]
 [ 1  7  0  1  0  2  9]
 [14  2 10  0  0  1  9]
 [ 9  0  0 10  0  2 24]
 [ 0  0  0  1  1  3  1]
 [ 6  1  3  3  0 41 11]
 [16  4  0 24  0 11 62]]

SVM linear
Classification_report:
             precision    recall  f1-score   support

          B       0.48      0.57      0.52        77
          C       0.46      0.30      0.36        20
          G       0.46      0.36      0.41        36
          M       0.24      0.27      0.25        45
          O       1.00      0.17      0.29         6
          P       0.68      0.63      0.66        65
          R       0.51      0.54      0.53       117

avg / total       0.50      0.49      0.49       366

[[44  0 12  3  0  5 13]
 [ 1  6  0  1  0  3  9]
 [14  0 13  2  0  1  6]
 [ 8  0  0 12  0  2 23]
 [ 0  1  0  1  1  1  2]
 [ 9  2  3  3  0 41  7]
 [15  4  0 28  0  7 63]]

Reading  corpus/output466.json
SVM RBF
Classification_report:
             precision    recall  f1-score   support

          B       0.57      0.68      0.62       179
          C       0.14      0.10      0.12        20
          G       0.32      0.17      0.22        36
          M       0.30      0.27      0.29        59
          O       0.00      0.00      0.00         1
          P       0.53      0.50      0.52        68
          R       0.38      0.37      0.37       102

avg / total       0.45      0.47      0.45       465

[[122   3  12  11   0  10  21]
 [  5   2   1   1   0   3   8]
 [ 27   1   6   0   0   0   2]
 [ 17   3   0  16   0   6  17]
 [  0   0   0   0   0   0   1]
 [ 14   1   0   5   0  34  14]
 [ 29   4   0  20   0  11  38]]

SVM linear
Classification_report:
             precision    recall  f1-score   support

          B       0.58      0.64      0.61       179
          C       0.12      0.10      0.11        20
          G       0.27      0.22      0.24        36
          M       0.27      0.27      0.27        59
          O       0.00      0.00      0.00         1
          P       0.53      0.53      0.53        68
          R       0.40      0.36      0.38       102

avg / total       0.45      0.46      0.45       465

[[115   5  16  17   0  10  16]
 [  5   2   2   2   0   3   6]
 [ 25   1   8   0   0   0   2]
 [ 14   3   2  16   0   5  19]
 [  0   0   0   0   0   0   1]
 [ 13   1   1   5   0  36  12]
 [ 26   4   1  20   0  14  37]]

Reading  corpus/output832.json
SVM RBF
Classification_report:
             precision    recall  f1-score   support

          B       0.55      0.65      0.60       256
          C       0.27      0.20      0.23        40
          G       0.40      0.31      0.35        72
          M       0.28      0.24      0.26       104
          O       0.50      0.14      0.22         7
          P       0.65      0.60      0.62       133
          R       0.47      0.49      0.48       219

avg / total       0.48      0.49      0.49       831

[[166   7  28  14   0   7  34]
 [  8   8   1   2   0   7  14]
 [ 40   1  22   0   0   2   7]
 [ 26   2   1  25   0   4  46]
 [  0   0   0   0   1   4   2]
 [ 22   2   2   6   0  80  21]
 [ 39  10   1  41   1  19 108]]

SVM linear
Classification_report:
             precision    recall  f1-score   support

          B       0.51      0.57      0.54       256
          C       0.18      0.17      0.18        40
          G       0.39      0.35      0.37        72
          M       0.29      0.26      0.27       104
          O       0.25      0.14      0.18         7
          P       0.63      0.59      0.61       133
          R       0.43      0.44      0.44       219

avg / total       0.45      0.46      0.45       831

[[145   5  33  18   0  10  45]
 [ 12   7   0   2   1   5  13]
 [ 38   1  25   1   0   0   7]
 [ 22   4   2  27   0   7  42]
 [  0   1   0   0   1   3   2]
 [ 22   4   3   9   0  78  17]
 [ 46  16   1  37   2  20  97]]
