Reading  corpus/output366.json
SVM RBF
Classification_report:
             precision    recall  f1-score   support

          B       0.52      0.60      0.55        77
          C       0.67      0.20      0.31        20
          G       0.50      0.28      0.36        36
          M       0.26      0.24      0.25        45
          O       1.00      0.17      0.29         6
          P       0.67      0.69      0.68        65
          R       0.47      0.56      0.51       117

avg / total       0.51      0.50      0.49       366

[[46  0  6  2  0  5 18]
 [ 2  4  0  2  0  3  9]
 [15  2 10  1  0  0  8]
 [ 6  0  0 11  0  2 26]
 [ 0  0  0  1  1  3  1]
 [ 3  0  3  1  0 45 13]
 [17  0  1 24  0  9 66]]

SVM linear
Classification_report:
             precision    recall  f1-score   support

          B       0.52      0.61      0.56        77
          C       0.71      0.25      0.37        20
          G       0.48      0.33      0.39        36
          M       0.22      0.24      0.23        45
          O       1.00      0.17      0.29         6
          P       0.73      0.62      0.67        65
          R       0.48      0.56      0.52       117

avg / total       0.52      0.50      0.49       366

[[47  0  8  3  0  2 17]
 [ 1  5  0  2  0  3  9]
 [15  0 12  1  0  0  8]
 [ 6  0  1 11  0  2 25]
 [ 0  1  0  1  1  1  2]
 [ 7  0  3  5  0 40 10]
 [14  1  1 28  0  7 66]]

Reading  corpus/output466.json
SVM RBF
Classification_report:
             precision    recall  f1-score   support

          B       0.57      0.71      0.63       179
          C       0.14      0.10      0.12        20
          G       0.25      0.11      0.15        36
          M       0.30      0.29      0.30        59
          O       0.00      0.00      0.00         1
          P       0.55      0.49      0.52        68
          R       0.40      0.38      0.39       102

avg / total       0.45      0.48      0.46       465

[[127   4  10  11   0  10  17]
 [  4   2   2   1   0   3   8]
 [ 28   1   4   0   0   0   3]
 [ 18   3   0  17   0   3  18]
 [  0   0   0   0   0   1   0]
 [ 16   2   0   5   0  33  12]
 [ 29   2   0  22   0  10  39]]

SVM linear
Classification_report:
             precision    recall  f1-score   support

          B       0.57      0.65      0.61       179
          C       0.15      0.10      0.12        20
          G       0.29      0.22      0.25        36
          M       0.31      0.36      0.33        59
          O       0.00      0.00      0.00         1
          P       0.54      0.53      0.53        68
          R       0.42      0.35      0.38       102

avg / total       0.46      0.47      0.46       465

[[117   2  15  15   0  12  18]
 [  5   2   2   2   0   3   6]
 [ 25   1   8   0   0   0   2]
 [ 16   3   0  21   0   5  14]
 [  0   0   0   0   0   1   0]
 [ 14   2   2   4   0  36  10]
 [ 27   3   1  25   0  10  36]]

Reading  corpus/output832.json
SVM RBF
Classification_report:
             precision    recall  f1-score   support

          B       0.58      0.68      0.62       256
          C       0.36      0.23      0.28        40
          G       0.40      0.26      0.32        72
          M       0.33      0.28      0.30       104
          O       0.00      0.00      0.00         7
          P       0.71      0.63      0.67       133
          R       0.47      0.53      0.50       219

avg / total       0.51      0.52      0.51       831

[[174   5  26  13   0   5  33]
 [  6   9   0   1   0   6  18]
 [ 41   1  19   0   0   2   9]
 [ 19   1   1  29   0   4  50]
 [  0   1   0   0   0   3   3]
 [ 22   2   1   6   0  84  18]
 [ 40   6   1  40   1  15 116]]

SVM linear
Classification_report:
             precision    recall  f1-score   support

          B       0.52      0.61      0.56       256
          C       0.28      0.23      0.25        40
          G       0.38      0.29      0.33        72
          M       0.31      0.30      0.30       104
          O       0.25      0.14      0.18         7
          P       0.68      0.62      0.65       133
          R       0.46      0.45      0.46       219

avg / total       0.48      0.48      0.48       831

[[156   5  30  18   0   8  39]
 [ 10   9   0   2   1   4  14]
 [ 42   1  21   0   0   1   7]
 [ 27   3   1  31   0   4  38]
 [  0   1   0   0   1   3   2]
 [ 23   3   2   7   0  82  16]
 [ 44  10   2  43   2  19  99]]
