Reading  corpus/output366.json
SVM RBF
Classification_report:
             precision    recall  f1-score   support

          B       0.41      0.48      0.44        77
          C       0.20      0.20      0.20        20
          G       0.38      0.36      0.37        36
          M       0.23      0.24      0.24        45
          O       0.80      0.67      0.73         6
          P       0.35      0.34      0.34        65
          R       0.50      0.45      0.48       117

avg / total       0.40      0.39      0.39       366

[[37  0 12  5  0 17  6]
 [ 4  4  0  0  0  6  6]
 [ 9  2 13  1  0  3  8]
 [ 7  1  2 11  0  4 20]
 [ 0  0  0  1  4  0  1]
 [17  4  5  6  0 22 11]
 [17  9  2 24  1 11 53]]

SVM linear
Classification_report:
             precision    recall  f1-score   support

          B       0.43      0.52      0.47        77
          C       0.25      0.40      0.31        20
          G       0.28      0.31      0.29        36
          M       0.27      0.29      0.28        45
          O       1.00      0.50      0.67         6
          P       0.41      0.32      0.36        65
          R       0.50      0.42      0.46       117

avg / total       0.41      0.40      0.40       366

[[40  1 15  5  0  8  8]
 [ 3  8  0  1  0  2  6]
 [11  2 11  0  0  6  6]
 [ 6  0  3 13  0  6 17]
 [ 0  1  0  0  3  0  2]
 [16  5  7  6  0 21 10]
 [18 15  3 24  0  8 49]]

Reading  corpus/output466.json
SVM RBF
Classification_report:
             precision    recall  f1-score   support

          B       0.52      0.60      0.56       179
          C       0.14      0.20      0.17        20
          G       0.22      0.17      0.19        36
          M       0.25      0.22      0.23        59
          O       0.00      0.00      0.00         1
          P       0.36      0.35      0.36        68
          R       0.29      0.24      0.26       102

avg / total       0.37      0.38      0.37       465

[[107   6  18  13   1  12  22]
 [  5   4   1   1   0   3   6]
 [ 26   2   6   2   0   0   0]
 [ 16   4   1  13   0   8  17]
 [  0   0   0   0   0   0   1]
 [ 21   6   1   3   0  24  13]
 [ 31   6   0  21   0  20  24]]

SVM linear
Classification_report:
             precision    recall  f1-score   support

          B       0.54      0.65      0.59       179
          C       0.24      0.25      0.24        20
          G       0.19      0.19      0.19        36
          M       0.29      0.24      0.26        59
          O       0.00      0.00      0.00         1
          P       0.47      0.41      0.44        68
          R       0.36      0.29      0.32       102

avg / total       0.42      0.43      0.42       465

[[116   6  21   8   1  10  17]
 [  6   5   1   1   0   1   6]
 [ 26   2   7   0   0   0   1]
 [ 21   2   1  14   0   3  18]
 [  0   0   0   0   0   0   1]
 [ 18   2   3   7   0  28  10]
 [ 29   4   4  18   0  17  30]]

Reading  corpus/output832.json
SVM RBF
Classification_report:
             precision    recall  f1-score   support

          B       0.49      0.57      0.53       256
          C       0.22      0.23      0.22        40
          G       0.38      0.28      0.32        72
          M       0.24      0.24      0.24       104
          O       0.33      0.29      0.31         7
          P       0.44      0.43      0.43       133
          R       0.37      0.33      0.35       219

avg / total       0.39      0.40      0.40       831

[[147   7  24  18   0  21  39]
 [  5   9   1   2   0  10  13]
 [ 42   2  20   0   0   1   7]
 [ 20   5   1  25   1  10  42]
 [  0   0   0   0   2   2   3]
 [ 30   6   5  14   0  57  21]
 [ 54  12   2  45   3  30  73]]

SVM linear
Classification_report:
             precision    recall  f1-score   support

          B       0.53      0.64      0.58       256
          C       0.15      0.17      0.16        40
          G       0.33      0.32      0.33        72
          M       0.30      0.29      0.30       104
          O       0.43      0.43      0.43         7
          P       0.55      0.48      0.51       133
          R       0.41      0.35      0.37       219

avg / total       0.44      0.44      0.44       831

[[164   4  32  15   0  12  29]
 [  7   7   0   1   0   6  19]
 [ 40   4  23   1   0   1   3]
 [ 20   4   3  30   1   8  38]
 [  1   0   0   1   3   1   1]
 [ 25   7   6  10   0  64  21]
 [ 50  20   5  41   3  24  76]]
