Reading  corpus/output366.json
SVM RBF
Classification_report:
             precision    recall  f1-score   support

          B       0.52      0.56      0.54        77
          C       0.62      0.25      0.36        20
          G       0.56      0.25      0.35        36
          M       0.27      0.22      0.24        45
          O       0.00      0.00      0.00         6
          P       0.71      0.65      0.68        65
          R       0.49      0.68      0.57       117

avg / total       0.52      0.52      0.50       366

[[43  0  5  2  0  4 23]
 [ 2  5  0  1  0  2 10]
 [16  1  9  1  0  0  9]
 [ 5  1  0 10  0  2 27]
 [ 0  1  0  1  0  3  1]
 [ 4  0  1  5  0 42 13]
 [13  0  1 17  0  6 80]]

SVM linear
Classification_report:
             precision    recall  f1-score   support

          B       0.46      0.55      0.50        77
          C       0.56      0.25      0.34        20
          G       0.50      0.28      0.36        36
          M       0.27      0.24      0.26        45
          O       0.00      0.00      0.00         6
          P       0.70      0.62      0.66        65
          R       0.50      0.62      0.55       117

avg / total       0.49      0.49      0.48       366

[[42  0  7  3  0  6 19]
 [ 2  5  0  2  0  2  9]
 [16  0 10  1  0  0  9]
 [ 6  0  1 11  0  2 25]
 [ 0  1  0  0  0  3  2]
 [ 9  0  1  5  0 40 10]
 [17  3  1 19  0  4 73]]

Reading  corpus/output466.json
SVM RBF
Classification_report:
             precision    recall  f1-score   support

          B       0.58      0.71      0.64       179
          C       0.29      0.20      0.24        20
          G       0.28      0.14      0.19        36
          M       0.34      0.31      0.32        59
          O       0.00      0.00      0.00         1
          P       0.55      0.53      0.54        68
          R       0.40      0.37      0.38       102

avg / total       0.47      0.49      0.47       465

[[127   2  12   9   0   6  23]
 [  4   4   0   1   0   4   7]
 [ 28   1   5   0   0   0   2]
 [ 16   2   0  18   0   6  17]
 [  0   0   0   0   0   1   0]
 [ 16   2   0   5   0  36   9]
 [ 28   3   1  20   0  12  38]]

SVM linear
Classification_report:
             precision    recall  f1-score   support

          B       0.58      0.68      0.63       179
          C       0.23      0.15      0.18        20
          G       0.19      0.14      0.16        36
          M       0.33      0.32      0.32        59
          O       0.00      0.00      0.00         1
          P       0.55      0.56      0.55        68
          R       0.43      0.37      0.40       102

avg / total       0.46      0.48      0.47       465

[[122   2  18  15   0   7  15]
 [  3   3   0   1   0   4   9]
 [ 28   1   5   0   0   0   2]
 [ 16   3   0  19   0   6  15]
 [  0   0   0   0   0   1   0]
 [ 15   1   1   4   0  38   9]
 [ 27   3   2  19   0  13  38]]

Reading  corpus/output832.json
SVM RBF
Classification_report:
             precision    recall  f1-score   support

          B       0.53      0.66      0.59       256
          C       0.43      0.23      0.30        40
          G       0.41      0.22      0.29        72
          M       0.34      0.28      0.31       104
          O       0.00      0.00      0.00         7
          P       0.69      0.65      0.67       133
          R       0.46      0.51      0.49       219

avg / total       0.50      0.51      0.49       831

[[170   2  21  17   0   9  37]
 [  7   9   0   1   0   4  19]
 [ 45   0  16   0   0   0  11]
 [ 25   1   1  29   0   5  43]
 [  0   1   0   0   0   3   3]
 [ 23   0   0   7   0  86  17]
 [ 49   8   1  31   1  17 112]]

SVM linear
Classification_report:
             precision    recall  f1-score   support

          B       0.53      0.64      0.58       256
          C       0.31      0.30      0.30        40
          G       0.47      0.32      0.38        72
          M       0.32      0.28      0.30       104
          O       0.00      0.00      0.00         7
          P       0.67      0.62      0.65       133
          R       0.49      0.48      0.48       219

avg / total       0.49      0.50      0.49       831

[[164   6  23  21   0  10  32]
 [  8  12   1   0   0   5  14]
 [ 38   1  23   1   0   1   8]
 [ 25   4   1  29   0   5  40]
 [  0   1   0   0   0   3   3]
 [ 24   3   1   8   0  83  14]
 [ 51  12   0  33   1  17 105]]
