SVM RBF
Classification_report:
             precision    recall  f1-score   support
          B       0.47      0.86      0.61       256
          C       0.00      0.00      0.00        40
          G       0.00      0.00      0.00        72
          M       0.00      0.00      0.00       104
          O       0.00      0.00      0.00         7
          P       0.83      0.37      0.51       133
          R       0.44      0.62      0.52       220

avg / total       0.40      0.49      0.41       832

[[219   0   0   0   0   1  36]
 [  9   0   0   0   0   3  28]
 [ 66   0   0   0   0   0   6]
 [ 37   0   0   0   0   1  66]
 [  0   0   0   0   0   1   6]
 [ 55   0   0   0   0  49  29]
 [ 79   0   0   0   0   4 137]]

SVM linear
Classification_report:
             precision    recall  f1-score   support
          B       0.53      0.61      0.57       256
          C       0.28      0.23      0.25        40
          G       0.39      0.31      0.34        72
          M       0.34      0.32      0.33       104
          O       0.25      0.14      0.18         7
          P       0.68      0.62      0.65       133
          R       0.46      0.46      0.46       220

avg / total       0.48      0.49      0.48       832

[[157   5  30  17   0   8  39]
 [ 10   9   0   2   1   4  14]
 [ 40   1  22   0   0   1   8]
 [ 23   3   1  33   0   4  40]
 [  0   1   0   0   1   3   2]
 [ 22   3   2   6   0  83  17]
 [ 47  10   1  40   2  19 101]]

KNN
Classification_report:
             precision    recall  f1-score   support
          B       0.43      0.63      0.52       256
          C       0.15      0.10      0.12        40
          G       0.22      0.14      0.17        72
          M       0.21      0.18      0.20       104
          O       0.20      0.14      0.17         7
          P       0.41      0.43      0.42       133
          R       0.38      0.27      0.32       220

avg / total       0.36      0.38      0.36       832

[[162   2  14  16   0  35  27]
 [ 15   4   1   5   0   4  11]
 [ 47   1  10   4   0   6   4]
 [ 32   1   5  19   0   9  38]
 [  1   0   0   0   1   2   3]
 [ 43   3   5  12   1  57  12]
 [ 73  16  11  33   3  25  59]]

NB
Classification_report:
             precision    recall  f1-score   support
          B       0.51      0.35      0.41       256
          C       0.09      0.07      0.08        40
          G       0.32      0.33      0.33        72
          M       0.35      0.53      0.42       104
          O       0.00      0.00      0.00         7
          P       0.36      0.47      0.41       133
          R       0.47      0.44      0.45       220

avg / total       0.41      0.40      0.40       832

[[89 10 40 30  5 52 30]
 [10  3  3  3  0  6 15]
 [28  1 24  3  0  6 10]
 [ 8  4  1 55  0 11 25]
 [ 2  0  0  0  0  0  5]
 [20  5  1 16  3 62 26]
 [17 10  6 52  2 36 97]]

DT
Classification_report:
             precision    recall  f1-score   support
          B       0.47      0.48      0.48       256
          C       0.08      0.07      0.08        40
          G       0.15      0.15      0.15        72
          M       0.16      0.17      0.17       104
          O       0.00      0.00      0.00         7
          P       0.53      0.52      0.53       133
          R       0.36      0.35      0.35       220

avg / total       0.36      0.36      0.36       832

[[124   7  32  34   0  20  39]
 [  8   3   6   6   0   6  11]
 [ 30   3  11   8   0   5  15]
 [ 28   5   5  18   1   6  41]
 [  2   1   0   1   0   2   1]
 [ 21   5   2   5   3  69  28]
 [ 50  13  17  41   2  21  76]]

CRF
Classification_report:
             precision    recall  f1-score   support
          B      0.559     0.777     0.650       256
          C      0.448     0.325     0.377        40
          G      0.250     0.014     0.026        72
          M      0.125     0.038     0.059       104
          O      0.000     0.000     0.000         7
          P      0.566     0.451     0.502       133
          R      0.502     0.695     0.583       220

avg / total      0.454     0.517     0.462       832
