SVM RBF
Classification_report:
             precision    recall  f1-score   support
          B       0.56      0.18      0.27        77
          C       0.00      0.00      0.00        20
          G       0.00      0.00      0.00        36
          M       0.00      0.00      0.00        45
          O       0.00      0.00      0.00         6
          P       0.50      0.03      0.06        65
          R       0.34      0.97      0.50       117

avg / total       0.31      0.35      0.23       366

[[ 14   0   0   0   0   0  63]
 [  0   0   0   0   0   1  19]
 [  6   0   0   0   0   0  30]
 [  0   0   0   0   0   0  45]
 [  0   0   0   0   0   0   6]
 [  2   0   0   0   0   2  61]
 [  3   0   0   0   0   1 113]]

SVM linear
Classification_report:
             precision    recall  f1-score   support
          B       0.50      0.55      0.52        77
          C       0.32      0.30      0.31        20
          G       0.30      0.33      0.32        36
          M       0.23      0.20      0.21        45
          O       0.75      0.50      0.60         6
          P       0.45      0.42      0.43        65
          R       0.54      0.55      0.54       117

avg / total       0.44      0.45      0.44       366

[[42  0 14  5  0  8  8]
 [ 1  6  1  2  1  3  6]
 [15  0 12  1  0  4  4]
 [ 4  1  2  9  0  5 24]
 [ 0  0  0  0  3  1  2]
 [11  3  7  6  0 27 11]
 [11  9  4 17  0 12 64]]

KNN
Classification_report:
             precision    recall  f1-score   support
          B       0.32      0.52      0.40        77
          C       0.39      0.35      0.37        20
          G       0.27      0.22      0.24        36
          M       0.10      0.11      0.11        45
          O       0.00      0.00      0.00         6
          P       0.45      0.34      0.39        65
          R       0.44      0.35      0.39       117

avg / total       0.35      0.34      0.33       366

[[40  3 10  6  0 10  8]
 [ 3  7  0  1  0  1  8]
 [16  2  8  4  0  2  4]
 [16  2  1  5  0  3 18]
 [ 0  0  0  2  0  0  4]
 [20  0  2 10  1 22 10]
 [30  4  9 20  2 11 41]]

NB
Classification_report:
             precision    recall  f1-score   support
          B       0.48      0.49      0.49        77
          C       0.71      0.25      0.37        20
          G       0.56      0.39      0.46        36
          M       0.42      0.40      0.41        45
          O       0.00      0.00      0.00         6
          P       0.42      0.49      0.45        65
          R       0.55      0.62      0.58       117

avg / total       0.50      0.49      0.49       366

[[38  0  7  0  2 14 16]
 [ 2  5  1  0  0  1 11]
 [14  1 14  0  0  5  2]
 [ 4  0  0 18  0  8 15]
 [ 0  0  0  0  0  0  6]
 [15  0  2  7  1 32  8]
 [ 6  1  1 18  3 16 72]]

DT
Classification_report:
             precision    recall  f1-score   support
          B       0.50      0.52      0.51        77
          C       0.19      0.15      0.17        20
          G       0.27      0.25      0.26        36
          M       0.20      0.22      0.21        45
          O       0.00      0.00      0.00         6
          P       0.65      0.60      0.62        65
          R       0.52      0.56      0.53       117

avg / total       0.45      0.45      0.45       366

[[40  2 10 10  0  3 12]
 [ 3  3  2  4  0  0  8]
 [11  1  9  3  0  3  9]
 [ 8  2  2 10  0  3 20]
 [ 0  0  1  0  0  5  0]
 [ 4  1  5  3  1 39 12]
 [14  7  4 20  0  7 65]]
