SVM RBF
Classification_report:
             precision    recall  f1-score   support
          B       0.47      0.95      0.63       179
          C       0.00      0.00      0.00        20
          G       0.00      0.00      0.00        36
          M       1.00      0.03      0.07        59
          O       0.00      0.00      0.00         1
          P       0.86      0.18      0.29        68
          R       0.36      0.31      0.33       103

avg / total       0.51      0.46      0.37       466

[[170   0   0   0   0   0   9]
 [ 11   0   0   0   0   0   9]
 [ 35   0   0   0   0   0   1]
 [ 31   0   0   2   0   1  25]
 [  0   0   0   0   0   0   1]
 [ 43   0   0   0   0  12  13]
 [ 70   0   0   0   0   1  32]]

SVM linear
Classification_report:
             precision    recall  f1-score   support
          B       0.49      0.53      0.51       179
          C       0.13      0.10      0.11        20
          G       0.20      0.17      0.18        36
          M       0.25      0.25      0.25        59
          O       0.00      0.00      0.00         1
          P       0.41      0.49      0.45        68
          R       0.33      0.29      0.31       103

avg / total       0.38      0.39      0.38       466

[[94  3 19 18  0 20 25]
 [ 6  2  0  3  0  2  7]
 [27  1  6  0  0  0  2]
 [16  3  0 15  0  9 16]
 [ 0  0  0  0  0  0  1]
 [19  1  1  5  0 33  9]
 [28  5  4 20  0 16 30]]

KNN
Classification_report:
             precision    recall  f1-score   support
          B       0.46      0.78      0.58       179
          C       0.21      0.25      0.23        20
          G       0.19      0.11      0.14        36
          M       0.21      0.15      0.18        59
          O       0.00      0.00      0.00         1
          P       0.49      0.26      0.34        68
          R       0.22      0.09      0.12       103

avg / total       0.35      0.39      0.34       466

[[139   4   5  11   0   7  13]
 [ 11   5   1   2   0   0   1]
 [ 24   3   4   2   0   1   2]
 [ 39   1   2   9   0   2   6]
 [  0   0   0   0   0   0   1]
 [ 29   3   3   6   0  18   9]
 [ 58   8   6  13   0   9   9]]

NB
Classification_report:
             precision    recall  f1-score   support
          B       0.57      0.50      0.53       179
          C       0.00      0.00      0.00        20
          G       0.17      0.11      0.14        36
          M       0.32      0.39      0.35        59
          O       0.00      0.00      0.00         1
          P       0.39      0.53      0.45        68
          R       0.45      0.48      0.46       103

avg / total       0.43      0.43      0.43       466

[[89  5 18 21  0 29 17]
 [ 8  0  0  5  0  1  6]
 [18  2  4  2  0  4  6]
 [ 9  1  0 23  0  9 17]
 [ 1  0  0  0  0  0  0]
 [13  2  0  4  0 36 13]
 [17  4  1 18  0 14 49]]

DT
Classification_report:
             precision    recall  f1-score   support
          B       0.47      0.43      0.45       179
          C       0.00      0.00      0.00        20
          G       0.06      0.06      0.06        36
          M       0.22      0.25      0.24        59
          O       0.00      0.00      0.00         1
          P       0.42      0.43      0.42        68
          R       0.26      0.27      0.27       103

avg / total       0.33      0.32      0.33       466

[[77  9 16 23  0 17 37]
 [ 8  0  1  3  0  3  5]
 [15  1  2  5  0  3 10]
 [15  0  7 15  0  6 16]
 [ 0  0  0  1  0  0  0]
 [15  4  1  7  0 29 12]
 [34  7  9 14  0 11 28]]

CRF
Classification_report:
             precision    recall  f1-score   support
          B      0.621     0.777     0.690       179
          C      0.667     0.700     0.683        20
          G      0.294     0.139     0.189        36
          M      0.333     0.220     0.265        59
          O      0.000     0.000     0.000         1
          P      0.521     0.368     0.431        68
          R      0.427     0.485     0.455       103

avg / total      0.502     0.528     0.506       466
