SVM RBF
Classification_report:
             precision    recall  f1-score   support

          B       0.24      0.21      0.22        77
          C       0.00      0.00      0.00        20
          G       0.00      0.00      0.00        36
          M       0.00      0.00      0.00        45
          O       0.00      0.00      0.00         6
          P       0.00      0.00      0.00        65
          R       0.34      0.85      0.48       117

avg / total       0.16      0.32      0.20       366

[[ 16   0   0   0   0   0  61]
 [  3   0   0   0   0   0  17]
 [  6   0   0   0   0   0  30]
 [ 11   0   0   0   0   0  34]
 [  1   0   0   0   0   0   5]
 [ 14   0   0   0   0   0  51]
 [ 17   0   0   0   0   0 100]]

SVM linear
Classification_report:
             precision    recall  f1-score   support

          B       0.34      0.39      0.36        77
          C       0.13      0.15      0.14        20
          G       0.38      0.33      0.35        36
          M       0.26      0.22      0.24        45
          O       0.33      0.17      0.22         6
          P       0.53      0.52      0.53        65
          R       0.50      0.50      0.50       117

avg / total       0.41      0.41      0.41       366

[[30  6 14  4  1  4 18]
 [ 3  3  0  0  0  3 11]
 [15  3 12  0  0  2  4]
 [ 9  1  1 10  0  7 17]
 [ 0  0  0  0  1  3  2]
 [11  4  2  7  1 34  6]
 [20  6  3 18  0 11 59]]

KNN
Classification_report:
             precision    recall  f1-score   support

          B       0.35      0.56      0.43        77
          C       0.12      0.25      0.17        20
          G       0.17      0.17      0.17        36
          M       0.00      0.00      0.00        45
          O       0.00      0.00      0.00         6
          P       0.37      0.38      0.38        65
          R       0.46      0.33      0.39       117

avg / total       0.31      0.32      0.31       366

[[43  2  9  2  0  7 14]
 [ 2  5  2  1  0  4  6]
 [15  3  6  1  0  6  5]
 [18  4  3  0  0  7 13]
 [ 1  1  1  0  0  2  1]
 [13 12  3  5  0 25  7]
 [31 13 12  5  1 16 39]]

NB
Classification_report:
             precision    recall  f1-score   support

          B       0.53      0.35      0.42        77
          C       0.14      0.15      0.15        20
          G       0.41      0.33      0.37        36
          M       0.31      0.33      0.32        45
          O       0.00      0.00      0.00         6
          P       0.45      0.63      0.52        65
          R       0.45      0.48      0.46       117

avg / total       0.42      0.42      0.41       366

[[27  3 10  8  0 10 19]
 [ 1  3  0  0  0  6 10]
 [ 9  3 12  0  0  4  8]
 [ 0  1  1 15  0  7 21]
 [ 0  1  0  0  0  2  3]
 [ 3  4  3  7  0 41  7]
 [11  6  3 19  0 22 56]]

DT
Classification_report:
             precision    recall  f1-score   support

          B       0.31      0.31      0.31        77
          C       0.16      0.20      0.18        20
          G       0.11      0.08      0.09        36
          M       0.06      0.07      0.06        45
          O       0.00      0.00      0.00         6
          P       0.25      0.23      0.24        65
          R       0.31      0.31      0.31       117

avg / total       0.24      0.23      0.23       366

[[24  4  5  9  1 12 22]
 [ 0  4  1  5  1  4  5]
 [ 9  4  3  6  1  3 10]
 [10  1  5  3  1  7 18]
 [ 1  0  0  1  0  0  4]
 [15  3  4  7  1 15 20]
 [18  9 10 23  2 19 36]]

CRF
Classification_report:
             precision    recall  f1-score   support

          B       0.59      0.51      0.55        77
          C       0.44      0.35      0.39        20
          G       0.32      0.22      0.26        36
          M       0.21      0.13      0.16        45
          O       0.00      0.00      0.00         6
          P       0.56      0.46      0.50        65
          R       0.48      0.68      0.56       117

avg / total       0.46      0.46      0.45       366

CRF 2.0
Classification_report:
             precision    recall  f1-score   support

          B       0.79      0.71      0.75        77
          C       0.28      0.25      0.26        20
          G       0.59      0.53      0.56        36
          M       0.45      0.31      0.37        45
          O       0.00      0.00      0.00         6
          P       0.68      0.60      0.64        65
          R       0.57      0.75      0.65       117

avg / total       0.60      0.60      0.59       366


SVM RBF
Classification_report:
             precision    recall  f1-score   support

          B       0.56      0.96      0.71       179
          C       0.00      0.00      0.00        20
          G       0.00      0.00      0.00        36
          M       0.00      0.00      0.00        59
          O       0.00      0.00      0.00         1
          P       0.00      0.00      0.00        68
          R       0.53      0.82      0.64       102

avg / total       0.33      0.55      0.41       465

[[172   0   0   0   0   0   7]
 [  0   0   0   0   0   0  20]
 [ 36   0   0   0   0   0   0]
 [ 18   0   0   0   0   0  41]
 [  1   0   0   0   0   0   0]
 [ 61   0   0   0   0   0   7]
 [ 18   0   0   0   0   0  84]]

SVM linear
Classification_report:
             precision    recall  f1-score   support

          B       0.71      0.80      0.76       179
          C       0.39      0.35      0.37        20
          G       0.45      0.28      0.34        36
          M       0.48      0.44      0.46        59
          O       0.00      0.00      0.00         1
          P       0.65      0.54      0.59        68
          R       0.48      0.53      0.50       102

avg / total       0.59      0.60      0.59       465

[[144   1  12   2   0  12   8]
 [  0   7   0   0   0   1  12]
 [ 25   0  10   0   0   1   0]
 [  4   0   0  26   0   1  28]
 [  0   0   0   0   0   1   0]
 [ 18   1   0   2   0  37  10]
 [ 11   9   0  24   0   4  54]]

KNN
Classification_report:
             precision    recall  f1-score   support

          B       0.76      0.86      0.81       179
          C       0.21      0.15      0.18        20
          G       0.55      0.50      0.52        36
          M       0.36      0.32      0.34        59
          O       0.00      0.00      0.00         1
          P       0.75      0.60      0.67        68
          R       0.51      0.54      0.52       102

avg / total       0.61      0.62      0.61       465

[[154   1  12   3   0   4   5]
 [  1   3   0   1   0   2  13]
 [ 17   0  18   0   0   1   0]
 [  7   2   0  19   0   1  30]
 [  0   0   0   0   0   1   0]
 [ 14   0   1   7   0  41   5]
 [  9   8   2  23   0   5  55]]

NB
Classification_report:
             precision    recall  f1-score   support

          B       0.57      0.63      0.60       179
          C       0.17      0.15      0.16        20
          G       0.22      0.33      0.27        36
          M       0.41      0.41      0.41        59
          O       0.00      0.00      0.00         1
          P       0.44      0.56      0.49        68
          R       0.45      0.23      0.30       102

avg / total       0.46      0.46      0.45       465

[[113   2  32   8   0  16   8]
 [  4   3   0   3   0   5   5]
 [ 20   1  12   2   0   0   1]
 [ 14   2   0  24   0   7  12]
 [  1   0   0   0   0   0   0]
 [ 14   4   6   4   0  38   2]
 [ 31   6   4  17   0  21  23]]

DT
Classification_report:
             precision    recall  f1-score   support

          B       0.75      0.69      0.72       179
          C       0.07      0.10      0.09        20
          G       0.46      0.58      0.51        36
          M       0.30      0.25      0.28        59
          O       0.00      0.00      0.00         1
          P       0.58      0.57      0.58        68
          R       0.50      0.55      0.53       102

avg / total       0.56      0.55      0.55       465

[[123   2  21   4   0  14  15]
 [  3   2   0   7   0   2   6]
 [ 14   0  21   0   0   0   1]
 [  5  10   0  15   0   6  23]
 [  0   0   0   0   0   1   0]
 [ 10   1   4   3   1  39  10]
 [  8  12   0  21   0   5  56]]

CRF
Classification_report:
             precision    recall  f1-score   support

          B       0.83      0.92      0.87       179
          C       0.36      0.20      0.26        20
          G       0.79      0.53      0.63        36
          M       0.44      0.39      0.41        59
          O       0.00      0.00      0.00         1
          P       0.81      0.68      0.74        68
          R       0.50      0.61      0.55       102

avg / total       0.68      0.68      0.68       465

CRF 2.0
Classification_report:
             precision    recall  f1-score   support

          B       1.00      1.00      1.00       179
          C       0.57      0.40      0.47        20
          G       1.00      1.00      1.00        36
          M       0.95      0.92      0.93        59
          O       0.00      0.00      0.00         1
          P       0.95      0.93      0.94        68
          R       0.82      0.91      0.87       102

avg / total       0.93      0.93      0.93       465


SVM RBF
Classification_report:
             precision    recall  f1-score   support

          B       0.48      0.88      0.62       256
          C       0.00      0.00      0.00        40
          G       0.00      0.00      0.00        72
          M       0.00      0.00      0.00       104
          O       0.00      0.00      0.00         7
          P       0.00      0.00      0.00       133
          R       0.48      0.79      0.59       219

avg / total       0.27      0.48      0.35       831

[[224   0   0   0   0   0  32]
 [  5   0   0   0   0   0  35]
 [ 61   0   0   0   0   0  11]
 [ 27   0   0   0   0   0  77]
 [  5   0   0   0   0   0   2]
 [ 98   0   0   0   0   0  35]
 [ 45   0   0   0   0   0 174]]

SVM linear
Classification_report:
             precision    recall  f1-score   support

          B       0.59      0.65      0.62       256
          C       0.38      0.38      0.38        40
          G       0.34      0.29      0.32        72
          M       0.35      0.28      0.31       104
          O       0.33      0.14      0.20         7
          P       0.57      0.56      0.56       133
          R       0.53      0.57      0.55       219

avg / total       0.51      0.52      0.51       831

[[166   3  28  11   1  18  29]
 [  4  15   1   0   0   5  15]
 [ 40   2  21   3   0   3   3]
 [ 21   2   2  29   0   7  43]
 [  0   1   0   0   1   4   1]
 [ 21   6   3   9   1  74  19]
 [ 30  10   6  30   0  18 125]]

KNN
Classification_report:
             precision    recall  f1-score   support

          B       0.57      0.73      0.64       256
          C       0.14      0.25      0.18        40
          G       0.39      0.36      0.38        72
          M       0.25      0.15      0.19       104
          O       0.00      0.00      0.00         7
          P       0.59      0.50      0.54       133
          R       0.48      0.42      0.44       219

avg / total       0.47      0.48      0.47       831

[[186   4  21  11   0   9  25]
 [  5  10   0   2   0   7  16]
 [ 31   2  26   3   0   4   6]
 [ 27   7   7  16   0   7  40]
 [  2   1   1   0   0   3   0]
 [ 31  15   3   5   0  66  13]
 [ 45  31   8  27   1  16  91]]

NB
Classification_report:
             precision    recall  f1-score   support

          B       0.57      0.38      0.45       256
          C       0.15      0.38      0.21        40
          G       0.25      0.43      0.32        72
          M       0.25      0.27      0.26       104
          O       0.00      0.00      0.00         7
          P       0.43      0.68      0.53       133
          R       0.43      0.22      0.29       219

avg / total       0.42      0.37      0.37       831

[[96 21 59 28  0 35 17]
 [ 4 15  3  0  0 10  8]
 [22  9 31  3  0  4  3]
 [16  4  6 28  0 20 30]
 [ 0  1  0  0  0  5  1]
 [ 6 14  5 12  0 90  6]
 [25 39 19 42  0 45 49]]

DT
Classification_report:
             precision    recall  f1-score   support

          B       0.58      0.56      0.57       256
          C       0.08      0.10      0.09        40
          G       0.28      0.33      0.30        72
          M       0.20      0.19      0.20       104
          O       0.00      0.00      0.00         7
          P       0.48      0.49      0.48       133
          R       0.45      0.42      0.43       219

avg / total       0.43      0.42      0.42       831

[[143  10  32  25   1  22  23]
 [  5   4   3   4   0   5  19]
 [ 19   2  24   5   1  14   7]
 [ 21  10   8  20   2   3  40]
 [  2   0   0   2   0   2   1]
 [ 25   4   7   6   3  65  23]
 [ 31  19  12  38   3  25  91]]

CRF
Classification_report:
             precision    recall  f1-score   support

          B       0.76      0.82      0.79       256
          C       0.59      0.33      0.42        40
          G       0.61      0.46      0.52        72
          M       0.39      0.27      0.32       104
          O       0.00      0.00      0.00         7
          P       0.69      0.59      0.64       133
          R       0.53      0.68      0.60       219

avg / total       0.61      0.62      0.61       831

CRF 2.0
Classification_report:
             precision    recall  f1-score   support

          B       0.93      0.89      0.91       256
          C       0.43      0.33      0.37        40
          G       0.80      0.76      0.78        72
          M       0.72      0.68      0.70       104
          O       0.00      0.00      0.00         7
          P       0.81      0.78      0.80       133
          R       0.69      0.82      0.75       219

avg / total       0.78      0.78      0.78       831
