SVM RBF
Classification_report:
             precision    recall  f1-score   support

          B       0.45      0.49      0.47        77
          C       0.00      0.00      0.00        20
          G       0.00      0.00      0.00        36
          M       0.00      0.00      0.00        45
          O       0.00      0.00      0.00         6
          P       0.61      0.29      0.40        65
          R       0.39      0.84      0.53       117

avg / total       0.33      0.42      0.34       366

[[38  0  0  0  0  1 38]
 [ 2  0  0  0  0  0 18]
 [19  0  0  0  0  2 15]
 [ 2  0  0  0  0  4 39]
 [ 0  0  0  0  0  2  4]
 [ 8  0  0  0  0 19 38]
 [16  0  0  0  0  3 98]]

SVM linear
Classification_report:
             precision    recall  f1-score   support

          B       0.40      0.45      0.42        77
          C       0.21      0.25      0.23        20
          G       0.47      0.39      0.42        36
          M       0.30      0.36      0.32        45
          O       0.67      0.33      0.44         6
          P       0.52      0.45      0.48        65
          R       0.48      0.45      0.46       117

avg / total       0.43      0.42      0.42       366

[[35  4  9  5  0  4 20]
 [ 4  5  0  1  0  2  8]
 [16  2 14  0  0  0  4]
 [ 7  0  1 16  0  6 15]
 [ 0  0  0  0  2  3  1]
 [ 9  5  4  7  1 29 10]
 [17  8  2 25  0 12 53]]

KNN
Classification_report:
             precision    recall  f1-score   support

          B       0.26      0.31      0.28        77
          C       0.09      0.35      0.14        20
          G       0.36      0.28      0.31        36
          M       0.26      0.16      0.19        45
          O       0.00      0.00      0.00         6
          P       0.41      0.43      0.42        65
          R       0.51      0.30      0.38       117

avg / total       0.36      0.30      0.32       366

[[24 17  7  4  0 11 14]
 [ 9  7  0  0  0  2  2]
 [14  8 10  0  0  1  3]
 [15  3  2  7  0  7 11]
 [ 0  2  0  0  0  3  1]
 [ 9 17  3  5  0 28  3]
 [21 28  6 11  0 16 35]]

NB
Classification_report:
             precision    recall  f1-score   support

          B       0.49      0.26      0.34        77
          C       0.13      0.10      0.11        20
          G       0.30      0.39      0.34        36
          M       0.21      0.27      0.24        45
          O       0.00      0.00      0.00         6
          P       0.42      0.71      0.53        65
          R       0.47      0.40      0.44       117

avg / total       0.39      0.39      0.37       366

[[20  1 17  8  0 11 20]
 [ 0  2  4  1  0  7  6]
 [11  3 14  2  0  4  2]
 [ 1  1  1 12  0 14 16]
 [ 0  1  0  1  0  2  2]
 [ 0  2  5  6  0 46  6]
 [ 9  5  5 26  0 25 47]]

DT
Classification_report:
             precision    recall  f1-score   support

          B       0.35      0.29      0.31        77
          C       0.07      0.10      0.08        20
          G       0.12      0.11      0.12        36
          M       0.06      0.07      0.06        45
          O       0.00      0.00      0.00         6
          P       0.30      0.34      0.32        65
          R       0.42      0.38      0.40       117

avg / total       0.28      0.27      0.27       366

[[22  8  7 12  2 12 14]
 [ 3  2  1  2  0  6  6]
 [ 7  4  4  3  0  8 10]
 [ 8  3  2  3  2  9 18]
 [ 0  1  0  0  0  2  3]
 [ 9  5  3 11  3 22 12]
 [14  7 15 17  4 15 45]]

CRF
Classification_report:
             precision    recall  f1-score   support

          B       0.54      0.52      0.53        77
          C       0.27      0.20      0.23        20
          G       0.26      0.19      0.22        36
          M       0.17      0.11      0.13        45
          O       0.00      0.00      0.00         6
          P       0.55      0.45      0.49        65
          R       0.51      0.68      0.58       117

avg / total       0.43      0.45      0.44       366

CRF 2.0
Classification_report:
             precision    recall  f1-score   support

          B       0.68      0.69      0.68        77
          C       0.31      0.25      0.28        20
          G       0.50      0.42      0.45        36
          M       0.45      0.33      0.38        45
          O       0.00      0.00      0.00         6
          P       0.71      0.69      0.70        65
          R       0.60      0.75      0.67       117

avg / total       0.58      0.60      0.59       366


SVM RBF
Classification_report:
             precision    recall  f1-score   support

          B       0.62      0.96      0.76       179
          C       0.00      0.00      0.00        20
          G       0.00      0.00      0.00        36
          M       0.00      0.00      0.00        59
          O       0.00      0.00      0.00         1
          P       0.83      0.28      0.42        68
          R       0.51      0.82      0.63       102

avg / total       0.47      0.59      0.49       465

[[172   0   0   0   0   0   7]
 [  0   0   0   0   0   0  20]
 [ 36   0   0   0   0   0   0]
 [ 10   0   0   0   0   2  47]
 [  1   0   0   0   0   0   0]
 [ 41   0   0   0   0  19   8]
 [ 16   0   0   0   0   2  84]]

SVM linear
Classification_report:
             precision    recall  f1-score   support

          B       0.72      0.72      0.72       179
          C       0.38      0.30      0.33        20
          G       0.38      0.36      0.37        36
          M       0.44      0.41      0.42        59
          O       0.00      0.00      0.00         1
          P       0.57      0.63      0.60        68
          R       0.48      0.51      0.50       102

avg / total       0.57      0.57      0.57       465

[[128   0  20   3   0  17  11]
 [  0   6   0   1   0   2  11]
 [ 23   0  13   0   0   0   0]
 [  4   0   0  24   0   5  26]
 [  0   0   0   0   0   1   0]
 [ 13   1   1   2   0  43   8]
 [  9   9   0  25   0   7  52]]

KNN
Classification_report:
             precision    recall  f1-score   support

          B       0.65      0.79      0.72       179
          C       0.22      0.20      0.21        20
          G       0.28      0.14      0.19        36
          M       0.31      0.19      0.23        59
          O       0.00      0.00      0.00         1
          P       0.59      0.60      0.59        68
          R       0.45      0.47      0.46       102

avg / total       0.51      0.54      0.52       465

[[142   2   9   2   0  12  12]
 [  5   4   0   2   0   0   9]
 [ 24   0   5   1   0   4   2]
 [ 12   2   2  11   0   5  27]
 [  0   0   0   0   0   1   0]
 [ 14   0   1   4   0  41   8]
 [ 20  10   1  16   0   7  48]]

NB
Classification_report:
             precision    recall  f1-score   support

          B       0.57      0.51      0.54       179
          C       0.14      0.15      0.15        20
          G       0.23      0.42      0.29        36
          M       0.30      0.39      0.34        59
          O       0.00      0.00      0.00         1
          P       0.43      0.59      0.49        68
          R       0.41      0.20      0.26       102

avg / total       0.43      0.41      0.41       465

[[91  3 39 16  0 23  7]
 [ 5  3  0  3  0  4  5]
 [18  0 15  2  0  0  1]
 [12  3  3 23  0  7 11]
 [ 0  0  0  1  0  0  0]
 [10  5  4  4  0 40  5]
 [23  7  5 27  0 20 20]]

DT
Classification_report:
             precision    recall  f1-score   support

          B       0.73      0.74      0.74       179
          C       0.17      0.15      0.16        20
          G       0.59      0.56      0.57        36
          M       0.32      0.36      0.34        59
          O       0.00      0.00      0.00         1
          P       0.54      0.51      0.53        68
          R       0.47      0.46      0.47       102

avg / total       0.56      0.56      0.56       465

[[133   3  12   8   0  14   9]
 [  1   3   0   7   0   3   6]
 [ 16   0  20   0   0   0   0]
 [  5   3   0  21   0   3  27]
 [  0   0   0   0   0   1   0]
 [ 13   1   2   4   3  35  10]
 [ 13   8   0  25   0   9  47]]

CRF
Classification_report:
             precision    recall  f1-score   support

          B       0.83      0.94      0.88       179
          C       0.29      0.20      0.24        20
          G       0.76      0.53      0.62        36
          M       0.48      0.42      0.45        59
          O       0.00      0.00      0.00         1
          P       0.86      0.74      0.79        68
          R       0.55      0.61      0.58       102

avg / total       0.70      0.71      0.70       465

CRF 2.0
Classification_report:
             precision    recall  f1-score   support

          B       0.99      1.00      1.00       179
          C       0.64      0.35      0.45        20
          G       1.00      1.00      1.00        36
          M       0.91      0.86      0.89        59
          O       0.00      0.00      0.00         1
          P       0.95      0.91      0.93        68
          R       0.83      0.95      0.89       102

avg / total       0.92      0.93      0.92       465


SVM RBF
Classification_report:
             precision    recall  f1-score   support

          B       0.58      0.86      0.70       256
          C       0.00      0.00      0.00        40
          G       0.00      0.00      0.00        72
          M       0.00      0.00      0.00       104
          O       0.00      0.00      0.00         7
          P       0.65      0.48      0.55       133
          R       0.48      0.78      0.60       219

avg / total       0.41      0.55      0.46       831

[[221   0   0   0   0   5  30]
 [  5   0   0   0   0   1  34]
 [ 59   0   0   0   0   3  10]
 [ 18   0   0   0   0  11  75]
 [  1   0   0   0   0   3   3]
 [ 38   0   0   0   0  64  31]
 [ 37   0   0   0   0  11 171]]

SVM linear
Classification_report:
             precision    recall  f1-score   support

          B       0.59      0.66      0.62       256
          C       0.30      0.35      0.33        40
          G       0.36      0.33      0.35        72
          M       0.40      0.41      0.41       104
          O       0.25      0.14      0.18         7
          P       0.58      0.54      0.56       133
          R       0.51      0.46      0.48       219

avg / total       0.51      0.51      0.51       831

[[169   5  32  13   0  12  25]
 [  4  14   2   1   0   6  13]
 [ 36   2  24   3   0   2   5]
 [ 16   3   1  43   0   6  35]
 [  0   0   0   0   1   4   2]
 [ 23   8   3   9   1  72  17]
 [ 37  14   5  38   2  22 101]]

KNN
Classification_report:
             precision    recall  f1-score   support

          B       0.55      0.67      0.60       256
          C       0.11      0.23      0.15        40
          G       0.37      0.25      0.30        72
          M       0.26      0.17      0.21       104
          O       0.00      0.00      0.00         7
          P       0.54      0.53      0.54       133
          R       0.44      0.37      0.41       219

avg / total       0.44      0.45      0.44       831

[[172  10  22  11   0  16  25]
 [  8   9   0   4   0   4  15]
 [ 39   4  18   1   0   6   4]
 [ 21   5   2  18   1  10  47]
 [  1   2   0   0   0   3   1]
 [ 19  19   3   9   1  71  11]
 [ 54  30   4  27   0  22  82]]

NB
Classification_report:
             precision    recall  f1-score   support

          B       0.59      0.34      0.43       256
          C       0.14      0.30      0.19        40
          G       0.23      0.47      0.31        72
          M       0.23      0.28      0.25       104
          O       0.00      0.00      0.00         7
          P       0.42      0.67      0.52       133
          R       0.43      0.23      0.30       219

avg / total       0.42      0.36      0.36       831

[[86 16 71 32  0 35 16]
 [ 1 12  7  2  0 11  7]
 [21  7 34  1  0  3  6]
 [10  4 10 29  0 23 28]
 [ 0  1  0  0  0  4  2]
 [ 4 12  9 12  0 89  7]
 [23 35 17 48  0 46 50]]

DT
Classification_report:
             precision    recall  f1-score   support

          B       0.58      0.58      0.58       256
          C       0.05      0.05      0.05        40
          G       0.37      0.36      0.37        72
          M       0.21      0.19      0.20       104
          O       0.00      0.00      0.00         7
          P       0.42      0.44      0.43       133
          R       0.45      0.43      0.44       219

avg / total       0.42      0.42      0.42       831

[[148   5  28  16   2  27  30]
 [ 10   2   0   7   0   9  12]
 [ 27   2  26   5   2   3   7]
 [ 17   6   6  20   3  10  42]
 [  1   0   0   1   0   2   3]
 [ 22  11   4  10   5  59  22]
 [ 31  14   6  38   4  31  95]]

CRF
Classification_report:
             precision    recall  f1-score   support

          B       0.75      0.80      0.77       256
          C       0.70      0.35      0.47        40
          G       0.62      0.44      0.52        72
          M       0.39      0.28      0.32       104
          O       0.00      0.00      0.00         7
          P       0.70      0.59      0.64       133
          R       0.53      0.74      0.62       219

avg / total       0.62      0.62      0.61       831

CRF 2.0
Classification_report:
             precision    recall  f1-score   support

          B       0.90      0.89      0.90       256
          C       0.39      0.35      0.37        40
          G       0.78      0.78      0.78        72
          M       0.65      0.60      0.62       104
          O       0.00      0.00      0.00         7
          P       0.78      0.77      0.78       133
          R       0.70      0.78      0.73       219

avg / total       0.75      0.76      0.76       831
