SVM RBF
Classification_report:
             precision    recall  f1-score   support
          B       0.45      0.44      0.45        77
          C       0.00      0.00      0.00        20
          G       0.00      0.00      0.00        36
          M       1.00      0.02      0.04        45
          O       0.00      0.00      0.00         6
          P       0.46      0.29      0.36        65
          R       0.40      0.85      0.55       117

avg / total       0.43      0.42      0.34       366

[[34  0  2  0  0  5 36]
 [ 2  0  0  0  0  3 15]
 [13  0  0  0  0  4 19]
 [ 4  0  0  1  0  0 40]
 [ 0  0  0  0  0  1  5]
 [14  0  0  0  0 19 32]
 [ 8  0  1  0  0  9 99]]

SVM linear
Classification_report:
             precision    recall  f1-score   support
          B       0.49      0.57      0.53        77
          C       0.15      0.20      0.17        20
          G       0.30      0.36      0.33        36
          M       0.18      0.22      0.20        45
          O       0.50      0.50      0.50         6
          P       0.37      0.32      0.34        65
          R       0.46      0.34      0.39       117

avg / total       0.38      0.37      0.37       366

[[44  1 11  5  0  9  7]
 [ 3  4  3  1  1  2  6]
 [12  3 13  1  0  3  4]
 [ 3  3  3 10  0  8 18]
 [ 0  0  0  0  3  1  2]
 [13  4  6 11  0 21 10]
 [14 12  7 29  2 13 40]]

KNN
Classification_report:
             precision    recall  f1-score   support
          B       0.38      0.55      0.44        77
          C       0.16      0.15      0.15        20
          G       0.22      0.25      0.23        36
          M       0.13      0.16      0.14        45
          O       0.00      0.00      0.00         6
          P       0.43      0.35      0.39        65
          R       0.44      0.32      0.37       117

avg / total       0.34      0.33      0.33       366

[[42  5  8  7  1  4 10]
 [ 8  3  4  1  0  3  1]
 [12  3  9  2  0  5  5]
 [ 8  3  3  7  1  4 19]
 [ 1  0  2  1  0  1  1]
 [14  2  5  8  1 23 12]
 [27  3 10 26  0 14 37]]

NB
Classification_report:
             precision    recall  f1-score   support
          B       0.49      0.49      0.49        77
          C       0.71      0.25      0.37        20
          G       0.56      0.39      0.46        36
          M       0.42      0.40      0.41        45
          O       0.00      0.00      0.00         6
          P       0.43      0.49      0.46        65
          R       0.55      0.62      0.58       117

avg / total       0.50      0.49      0.48       366

[[38  0  7  0  2 14 16]
 [ 1  5  1  0  0  1 12]
 [14  1 14  0  0  5  2]
 [ 4  0  0 18  0  7 16]
 [ 0  0  0  0  0  0  6]
 [15  0  2  7  1 32  8]
 [ 6  1  1 18  3 16 72]]

DT
Classification_report:
             precision    recall  f1-score   support
          B       0.52      0.52      0.52        77
          C       0.15      0.10      0.12        20
          G       0.19      0.14      0.16        36
          M       0.23      0.24      0.24        45
          O       0.00      0.00      0.00         6
          P       0.76      0.63      0.69        65
          R       0.45      0.56      0.50       117

avg / total       0.44      0.45      0.44       366

[[40  4  7  4  0  2 20]
 [ 3  2  2  2  0  2  9]
 [12  2  5  4  0  1 12]
 [ 5  0  3 11  0  0 26]
 [ 1  0  1  0  0  3  1]
 [ 7  2  2  0  1 41 12]
 [ 9  3  6 27  1  5 66]]
