SVM RBF
Classification_report:
             precision    recall  f1-score   support
          B       0.49      0.29      0.36        77
          C       0.00      0.00      0.00        20
          G       0.00      0.00      0.00        36
          M       0.00      0.00      0.00        45
          O       0.00      0.00      0.00         6
          P       0.55      0.45      0.49        65
          R       0.39      0.88      0.54       117

avg / total       0.32      0.42      0.33       366

[[ 22   0   1   0   0   5  49]
 [  1   0   0   0   0   3  16]
 [ 11   0   0   0   0   4  21]
 [  0   0   0   0   0   2  43]
 [  0   0   0   0   0   1   5]
 [  6   0   0   0   0  29  30]
 [  5   0   0   0   0   9 103]]

SVM linear
Classification_report:
             precision    recall  f1-score   support
          B       0.49      0.57      0.53        77
          C       0.13      0.10      0.11        20
          G       0.43      0.36      0.39        36
          M       0.27      0.27      0.27        45
          O       1.00      0.17      0.29         6
          P       0.71      0.68      0.69        65
          R       0.56      0.60      0.58       117

avg / total       0.51      0.51      0.50       366

[[44  3  9  8  0  4  9]
 [ 3  2  0  1  0  3 11]
 [16  2 13  0  0  1  4]
 [ 8  1  0 12  0  2 22]
 [ 0  0  0  0  1  3  2]
 [ 8  1  3  3  0 44  6]
 [10  6  5 21  0  5 70]]

KNN
Classification_report:
             precision    recall  f1-score   support
          B       0.34      0.47      0.39        77
          C       0.36      0.20      0.26        20
          G       0.18      0.22      0.20        36
          M       0.28      0.24      0.26        45
          O       0.25      0.17      0.20         6
          P       0.41      0.43      0.42        65
          R       0.45      0.35      0.39       117

avg / total       0.36      0.35      0.35       366

[[36  1  9  6  1 10 14]
 [ 6  4  3  0  0  2  5]
 [12  4  8  0  1  4  7]
 [12  0  3 11  1  4 14]
 [ 0  0  0  0  1  4  1]
 [12  1  8  7  0 28  9]
 [29  1 13 16  0 17 41]]

NB
Classification_report:
             precision    recall  f1-score   support
          B       0.49      0.49      0.49        77
          C       0.71      0.25      0.37        20
          G       0.56      0.39      0.46        36
          M       0.42      0.40      0.41        45
          O       0.00      0.00      0.00         6
          P       0.46      0.49      0.48        65
          R       0.56      0.66      0.60       117

avg / total       0.51      0.50      0.50       366

[[38  0  7  0  2 14 16]
 [ 1  5  1  0  0  1 12]
 [14  1 14  0  0  5  2]
 [ 4  0  0 18  0  6 17]
 [ 0  0  0  0  0  0  6]
 [15  0  2  7  1 32  8]
 [ 6  1  1 18  3 11 77]]

DT
Classification_report:
             precision    recall  f1-score   support
          B       0.33      0.36      0.35        77
          C       0.11      0.10      0.11        20
          G       0.24      0.28      0.26        36
          M       0.21      0.22      0.22        45
          O       0.00      0.00      0.00         6
          P       0.61      0.58      0.60        65
          R       0.43      0.40      0.41       117

avg / total       0.37      0.37      0.37       366

[[28  3 10  9  0  7 20]
 [ 6  2  3  1  0  1  7]
 [15  1 10  3  0  0  7]
 [ 8  6  2 10  0  2 17]
 [ 0  0  0  0  0  5  1]
 [ 7  1  2  4  2 38 11]
 [20  5 14 21  1  9 47]]
