SVM RBF
Classification_report:
             precision    recall  f1-score   support
          B       0.56      0.31      0.40        77
          C       0.00      0.00      0.00        20
          G       0.00      0.00      0.00        36
          M       0.00      0.00      0.00        45
          O       0.00      0.00      0.00         6
          P       0.52      0.40      0.45        65
          R       0.39      0.91      0.54       117

avg / total       0.33      0.43      0.34       366

[[ 24   0   1   0   0   5  47]
 [  1   0   0   0   0   3  16]
 [ 10   0   0   0   0   5  21]
 [  0   0   0   0   0   2  43]
 [  0   0   0   0   0   1   5]
 [  5   0   0   0   0  26  34]
 [  3   0   0   0   0   8 106]]

SVM linear
Classification_report:
             precision    recall  f1-score   support
          B       0.47      0.56      0.51        77
          C       0.13      0.10      0.11        20
          G       0.41      0.36      0.38        36
          M       0.28      0.29      0.29        45
          O       1.00      0.33      0.50         6
          P       0.68      0.66      0.67        65
          R       0.54      0.54      0.54       117

avg / total       0.49      0.49      0.49       366

[[43  4 10  6  0  3 11]
 [ 2  2  2  1  0  2 11]
 [14  2 13  0  0  3  4]
 [ 8  1  1 13  0  3 19]
 [ 0  0  0  0  2  2  2]
 [ 9  1  2  3  0 43  7]
 [15  5  4 23  0  7 63]]

KNN
Classification_report:
             precision    recall  f1-score   support
          B       0.35      0.48      0.40        77
          C       0.25      0.20      0.22        20
          G       0.19      0.22      0.20        36
          M       0.32      0.24      0.28        45
          O       0.25      0.17      0.20         6
          P       0.41      0.43      0.42        65
          R       0.48      0.39      0.43       117

avg / total       0.38      0.37      0.37       366

[[37  2 10  5  0 10 13]
 [ 3  4  5  0  0  3  5]
 [13  5  8  0  1  5  4]
 [10  0  1 11  1  4 18]
 [ 1  0  0  0  1  3  1]
 [16  1  7  5  0 28  8]
 [26  4 12 13  1 15 46]]

NB
Classification_report:
             precision    recall  f1-score   support
          B       0.49      0.49      0.49        77
          C       0.71      0.25      0.37        20
          G       0.56      0.39      0.46        36
          M       0.42      0.40      0.41        45
          O       0.00      0.00      0.00         6
          P       0.44      0.49      0.46        65
          R       0.54      0.62      0.58       117

avg / total       0.50      0.49      0.49       366

[[38  0  7  0  2 14 16]
 [ 1  5  1  0  0  1 12]
 [14  1 14  0  0  5  2]
 [ 4  0  0 18  0  6 17]
 [ 0  0  0  0  0  0  6]
 [15  0  2  7  1 32  8]
 [ 6  1  1 18  3 15 73]]

DT
Classification_report:
             precision    recall  f1-score   support
          B       0.41      0.44      0.43        77
          C       0.12      0.10      0.11        20
          G       0.24      0.22      0.23        36
          M       0.25      0.18      0.21        45
          O       0.43      0.50      0.46         6
          P       0.62      0.62      0.62        65
          R       0.45      0.50      0.48       117

avg / total       0.41      0.42      0.41       366

[[34  1 11  9  1  5 16]
 [ 3  2  1  1  0  0 13]
 [11  0  8  3  0  4 10]
 [ 6  2  4  8  0  4 21]
 [ 0  0  1  0  3  2  0]
 [ 6  2  1  2  3 40 11]
 [22 10  7  9  0 10 59]]
