SVM RBF
Classification_report:
             precision    recall  f1-score   support
          B       0.49      0.36      0.42        77
          C       0.00      0.00      0.00        20
          G       0.00      0.00      0.00        36
          M       0.00      0.00      0.00        45
          O       0.00      0.00      0.00         6
          P       0.49      0.38      0.43        65
          R       0.39      0.86      0.54       117

avg / total       0.32      0.42      0.34       366

[[ 28   0   2   0   0   5  42]
 [  1   0   0   0   0   3  16]
 [ 12   0   0   0   0   5  19]
 [  1   0   0   0   0   2  42]
 [  0   0   0   0   0   1   5]
 [  9   0   0   0   0  25  31]
 [  6   0   0   0   0  10 101]]

SVM linear
Classification_report:
             precision    recall  f1-score   support
          B       0.48      0.56      0.51        77
          C       0.07      0.05      0.06        20
          G       0.46      0.44      0.45        36
          M       0.24      0.27      0.25        45
          O       1.00      0.50      0.67         6
          P       0.66      0.60      0.63        65
          R       0.55      0.54      0.55       117

avg / total       0.49      0.48      0.48       366

[[43  3  9  7  0  3 12]
 [ 5  1  1  2  0  2  9]
 [12  1 16  1  0  2  4]
 [ 8  1  1 12  0  4 19]
 [ 0  0  0  0  3  2  1]
 [ 9  2  3  6  0 39  6]
 [13  6  5 23  0  7 63]]

KNN
Classification_report:
             precision    recall  f1-score   support
          B       0.31      0.51      0.39        77
          C       0.23      0.15      0.18        20
          G       0.20      0.22      0.21        36
          M       0.22      0.16      0.18        45
          O       0.14      0.17      0.15         6
          P       0.37      0.35      0.36        65
          R       0.46      0.34      0.39       117

avg / total       0.34      0.33      0.33       366

[[39  2 10  4  1 11 10]
 [ 5  3  4  0  0  4  4]
 [14  3  8  0  1  6  4]
 [12  0  2  7  3  3 18]
 [ 1  0  1  1  1  1  1]
 [20  1  6  4  1 23 10]
 [34  4  9 16  0 14 40]]

NB
Classification_report:
             precision    recall  f1-score   support
          B       0.49      0.49      0.49        77
          C       0.71      0.25      0.37        20
          G       0.56      0.39      0.46        36
          M       0.42      0.40      0.41        45
          O       0.00      0.00      0.00         6
          P       0.43      0.49      0.46        65
          R       0.55      0.62      0.58       117

avg / total       0.50      0.49      0.49       366

[[38  0  7  0  2 14 16]
 [ 1  5  1  0  0  1 12]
 [14  1 14  0  0  5  2]
 [ 4  0  0 18  0  7 16]
 [ 0  0  0  0  0  0  6]
 [15  0  2  7  1 32  8]
 [ 6  1  1 18  3 15 73]]

DT
Classification_report:
             precision    recall  f1-score   support
          B       0.45      0.51      0.48        77
          C       0.20      0.20      0.20        20
          G       0.21      0.19      0.20        36
          M       0.12      0.11      0.11        45
          O       0.20      0.17      0.18         6
          P       0.65      0.63      0.64        65
          R       0.45      0.44      0.45       117

avg / total       0.40      0.41      0.40       366

[[39  2  7  7  1  5 16]
 [ 2  4  2  3  0  1  8]
 [11  3  7  7  0  2  6]
 [ 9  2  5  5  0  2 22]
 [ 0  0  0  0  1  4  1]
 [ 9  0  3  1  0 41 11]
 [16  9  9 20  3  8 52]]
