SVM RBF
Classification_report:
             precision    recall  f1-score   support
          B       0.46      0.91      0.61       179
          C       0.00      0.00      0.00        20
          G       0.00      0.00      0.00        36
          M       0.71      0.08      0.15        59
          O       0.00      0.00      0.00         1
          P       0.62      0.12      0.20        68
          R       0.34      0.32      0.33       103

avg / total       0.43      0.45      0.36       466

[[162   0   0   1   0   1  15]
 [  9   0   0   0   0   0  11]
 [ 36   0   0   0   0   0   0]
 [ 31   0   0   5   0   1  22]
 [  0   0   0   0   0   0   1]
 [ 45   0   0   0   0   8  15]
 [ 66   0   0   1   0   3  33]]

SVM linear
Classification_report:
             precision    recall  f1-score   support
          B       0.51      0.51      0.51       179
          C       0.06      0.05      0.05        20
          G       0.22      0.31      0.25        36
          M       0.24      0.31      0.27        59
          O       0.00      0.00      0.00         1
          P       0.44      0.46      0.45        68
          R       0.42      0.29      0.34       103

avg / total       0.40      0.39      0.39       466

[[91  6 30 25  0 16 11]
 [ 8  1  1  1  0  2  7]
 [20  1 11  1  0  0  3]
 [17  3  1 18  0  9 11]
 [ 0  0  0  0  0  0  1]
 [14  3  2  9  0 31  9]
 [29  3  6 22  0 13 30]]

KNN
Classification_report:
             precision    recall  f1-score   support
          B       0.44      0.72      0.55       179
          C       0.06      0.05      0.05        20
          G       0.07      0.06      0.06        36
          M       0.24      0.14      0.17        59
          O       0.00      0.00      0.00         1
          P       0.38      0.16      0.23        68
          R       0.32      0.21      0.26       103

avg / total       0.34      0.37      0.33       466

[[129   4  16   7   0   6  17]
 [ 13   1   1   1   0   2   2]
 [ 28   3   2   1   0   0   2]
 [ 32   4   1   8   0   3  11]
 [  0   0   0   0   0   0   1]
 [ 33   2   2   7   0  11  13]
 [ 55   4   6   9   0   7  22]]

NB
Classification_report:
             precision    recall  f1-score   support
          B       0.57      0.50      0.53       179
          C       0.00      0.00      0.00        20
          G       0.18      0.11      0.14        36
          M       0.32      0.39      0.35        59
          O       0.00      0.00      0.00         1
          P       0.39      0.53      0.45        68
          R       0.45      0.48      0.46       103

avg / total       0.43      0.43      0.43       466

[[89  5 18 21  0 29 17]
 [ 8  0  0  5  0  1  6]
 [18  2  4  2  0  4  6]
 [ 9  1  0 23  0  9 17]
 [ 1  0  0  0  0  0  0]
 [13  2  0  4  0 36 13]
 [17  5  0 18  0 14 49]]

DT
Classification_report:
             precision    recall  f1-score   support
          B       0.54      0.56      0.55       179
          C       0.06      0.05      0.05        20
          G       0.14      0.08      0.10        36
          M       0.23      0.24      0.23        59
          O       0.00      0.00      0.00         1
          P       0.45      0.47      0.46        68
          R       0.33      0.34      0.33       103

avg / total       0.39      0.40      0.39       466

[[100   3  12  14   0  14  36]
 [  7   1   1   3   0   5   3]
 [ 15   1   3   5   1   2   9]
 [ 18   2   3  14   1   6  15]
 [  0   0   0   0   0   0   1]
 [ 13   6   1   8   0  32   8]
 [ 32   4   2  18   0  12  35]]

CRF
Classification_report:
             precision    recall  f1-score   support
          B      0.633     0.877     0.735       179
          C      0.545     0.600     0.571        20
          G      0.389     0.194     0.259        36
          M      0.378     0.237     0.292        59
          O      0.000     0.000     0.000         1
          P      0.510     0.368     0.427        68
          R      0.457     0.408     0.431       103

avg / total      0.520     0.552     0.522       466
