SVM RBF
Classification_report:
             precision    recall  f1-score   support
          B       0.47      0.93      0.63       179
          C       0.00      0.00      0.00        20
          G       0.00      0.00      0.00        36
          M       1.00      0.03      0.07        59
          O       0.00      0.00      0.00         1
          P       0.73      0.16      0.27        68
          R       0.33      0.31      0.32       103

avg / total       0.49      0.45      0.36       466

[[166   0   0   0   0   1  12]
 [ 11   0   0   0   0   1   8]
 [ 35   0   0   0   0   0   1]
 [ 28   0   0   2   0   1  28]
 [  0   0   0   0   0   0   1]
 [ 42   0   0   0   0  11  15]
 [ 70   0   0   0   0   1  32]]

SVM linear
Classification_report:
             precision    recall  f1-score   support
          B       0.52      0.55      0.54       179
          C       0.19      0.15      0.17        20
          G       0.20      0.19      0.20        36
          M       0.23      0.24      0.24        59
          O       0.00      0.00      0.00         1
          P       0.46      0.50      0.48        68
          R       0.33      0.29      0.31       103

avg / total       0.39      0.40      0.40       466

[[99  3 22 15  0 17 23]
 [ 5  3  0  2  0  2  8]
 [23  1  7  2  0  0  3]
 [17  4  2 14  0  6 16]
 [ 0  0  0  0  0  0  1]
 [17  1  2  4  0 34 10]
 [29  4  2 23  0 15 30]]

KNN
Classification_report:
             precision    recall  f1-score   support
          B       0.45      0.72      0.56       179
          C       0.16      0.15      0.15        20
          G       0.24      0.19      0.22        36
          M       0.26      0.19      0.22        59
          O       0.00      0.00      0.00         1
          P       0.38      0.19      0.25        68
          R       0.32      0.17      0.23       103

avg / total       0.36      0.39      0.35       466

[[129   2  15   7   0   9  17]
 [ 10   3   1   1   0   1   4]
 [ 20   4   7   3   0   0   2]
 [ 36   2   1  11   0   3   6]
 [  0   0   0   0   0   1   0]
 [ 30   4   3   8   0  13  10]
 [ 59   4   2  13   0   7  18]]

NB
Classification_report:
             precision    recall  f1-score   support
          B       0.57      0.50      0.53       179
          C       0.00      0.00      0.00        20
          G       0.17      0.11      0.14        36
          M       0.32      0.39      0.35        59
          O       0.00      0.00      0.00         1
          P       0.38      0.53      0.44        68
          R       0.45      0.48      0.46       103

avg / total       0.43      0.43      0.43       466

[[89  5 18 20  0 30 17]
 [ 8  0  0  5  0  1  6]
 [18  2  4  2  0  4  6]
 [ 9  1  0 23  0  9 17]
 [ 1  0  0  0  0  0  0]
 [13  2  0  4  0 36 13]
 [17  4  1 18  0 14 49]]

DT
Classification_report:
             precision    recall  f1-score   support
          B       0.47      0.50      0.49       179
          C       0.13      0.10      0.11        20
          G       0.15      0.14      0.14        36
          M       0.20      0.15      0.17        59
          O       0.00      0.00      0.00         1
          P       0.41      0.43      0.42        68
          R       0.28      0.29      0.28       103

avg / total       0.34      0.35      0.35       466

[[90  3 16 17  2 20 31]
 [ 5  2  3  0  0  4  6]
 [15  0  5  2  0  4 10]
 [23  4  1  9  0  1 21]
 [ 0  0  0  0  0  0  1]
 [18  4  5  3  0 29  9]
 [40  2  4 14  0 13 30]]