SVM RBF
Classification_report:
             precision    recall  f1-score   support
          B       0.48      0.77      0.59       256
          C       0.00      0.00      0.00        40
          G       0.00      0.00      0.00        72
          M       0.67      0.02      0.04       104
          O       0.00      0.00      0.00         7
          P       0.65      0.45      0.53       133
          R       0.40      0.58      0.47       220

avg / total       0.44      0.47      0.40       832

[[198   0   0   0   0   7  51]
 [ 11   0   0   0   0   3  26]
 [ 61   0   0   0   0   1  10]
 [ 27   0   0   2   0   8  67]
 [  1   0   0   0   0   2   4]
 [ 38   0   0   0   0  60  35]
 [ 80   0   0   1   0  12 127]]

SVM linear
Classification_report:
             precision    recall  f1-score   support
          B       0.50      0.55      0.52       256
          C       0.20      0.25      0.22        40
          G       0.23      0.22      0.22        72
          M       0.29      0.34      0.31       104
          O       0.29      0.29      0.29         7
          P       0.53      0.47      0.50       133
          R       0.45      0.36      0.40       220

avg / total       0.42      0.42      0.42       832

[[142  12  36  18   0  12  36]
 [  8  10   3   0   1   5  13]
 [ 44   4  16   3   0   0   5]
 [ 23   4   2  35   1  12  27]
 [  0   0   0   0   2   3   2]
 [ 25   7   6  16   0  63  16]
 [ 44  12   8  49   3  24  80]]

KNN
Classification_report:
             precision    recall  f1-score   support
          B       0.39      0.60      0.48       256
          C       0.05      0.05      0.05        40
          G       0.15      0.14      0.14        72
          M       0.25      0.16      0.20       104
          O       0.20      0.14      0.17         7
          P       0.39      0.28      0.32       133
          R       0.34      0.25      0.29       220

avg / total       0.32      0.33      0.32       832

[[154   7  23  13   2  18  39]
 [ 15   2   6   3   0   5   9]
 [ 41   5  10   4   0   5   7]
 [ 36   5   4  17   0   9  33]
 [  1   0   0   0   1   0   5]
 [ 51   6   9  12   0  37  18]
 [ 94  12  15  20   2  21  56]]

NB
Classification_report:
             precision    recall  f1-score   support
          B       0.51      0.35      0.42       256
          C       0.09      0.07      0.08        40
          G       0.32      0.33      0.33        72
          M       0.35      0.53      0.42       104
          O       0.00      0.00      0.00         7
          P       0.36      0.47      0.41       133
          R       0.47      0.44      0.45       220

avg / total       0.42      0.40      0.40       832

[[90 10 39 29  6 53 29]
 [10  3  3  3  0  6 15]
 [28  1 24  3  0  6 10]
 [ 8  4  1 55  0 11 25]
 [ 2  0  0  0  0  0  5]
 [20  5  1 15  3 63 26]
 [17  9  6 52  4 35 97]]

DT
Classification_report:
             precision    recall  f1-score   support
          B       0.49      0.46      0.47       256
          C       0.05      0.05      0.05        40
          G       0.19      0.18      0.19        72
          M       0.15      0.17      0.16       104
          O       0.20      0.14      0.17         7
          P       0.60      0.58      0.59       133
          R       0.30      0.31      0.30       220

avg / total       0.36      0.36      0.36       832

[[118   6  28  26   0  17  61]
 [  6   2   4   8   1   6  13]
 [ 27   5  13   9   0   3  15]
 [ 16   6   8  18   1   7  48]
 [  1   0   0   0   1   2   3]
 [ 17   6   4   7   1  77  21]
 [ 56  16  10  53   1  16  68]]
