SVM RBF
Classification_report:
             precision    recall  f1-score   support
          B       0.49      0.80      0.60       256
          C       0.00      0.00      0.00        40
          G       0.00      0.00      0.00        72
          M       0.50      0.02      0.04       104
          O       0.00      0.00      0.00         7
          P       0.71      0.57      0.63       133
          R       0.43      0.59      0.50       220

avg / total       0.44      0.50      0.42       832

[[205   0   0   0   0   7  44]
 [ 11   0   0   1   0   6  22]
 [ 67   0   0   0   0   1   4]
 [ 29   0   0   2   0   2  71]
 [  0   0   0   0   0   3   4]
 [ 32   0   0   0   0  76  25]
 [ 78   0   0   1   0  12 129]]

SVM linear
Classification_report:
             precision    recall  f1-score   support
          B       0.50      0.58      0.54       256
          C       0.15      0.12      0.14        40
          G       0.34      0.29      0.31        72
          M       0.40      0.40      0.40       104
          O       0.33      0.14      0.20         7
          P       0.65      0.59      0.62       133
          R       0.48      0.46      0.47       220

avg / total       0.47      0.48      0.48       832

[[148   6  33  17   0  12  40]
 [ 15   5   1   1   0   5  13]
 [ 45   0  21   2   0   0   4]
 [ 19   4   1  42   0   7  31]
 [  0   0   0   0   1   4   2]
 [ 19   5   2   9   0  79  19]
 [ 49  14   4  34   2  15 102]]

KNN
Classification_report:
             precision    recall  f1-score   support
          B       0.38      0.57      0.46       256
          C       0.17      0.15      0.16        40
          G       0.17      0.14      0.15        72
          M       0.21      0.14      0.17       104
          O       0.25      0.14      0.18         7
          P       0.40      0.38      0.39       133
          R       0.33      0.23      0.27       220

avg / total       0.32      0.34      0.32       832

[[147   4  20  14   0  31  40]
 [ 18   6   2   3   0   4   7]
 [ 45   5  10   1   0   6   5]
 [ 39   2   6  15   0   7  35]
 [  0   0   1   1   1   3   1]
 [ 46   3   9   9   1  50  15]
 [ 90  15  10  28   2  24  51]]

NB
Classification_report:
             precision    recall  f1-score   support
          B       0.51      0.35      0.42       256
          C       0.11      0.07      0.09        40
          G       0.33      0.33      0.33        72
          M       0.34      0.52      0.41       104
          O       0.00      0.00      0.00         7
          P       0.36      0.48      0.41       133
          R       0.48      0.45      0.47       220

avg / total       0.42      0.40      0.40       832

[[ 90   9  38  31   6  53  29]
 [ 10   3   3   3   0   6  15]
 [ 28   1  24   3   0   6  10]
 [  8   4   1  54   0  12  25]
 [  2   0   0   0   0   0   5]
 [ 20   4   1  15   3  64  26]
 [ 17   7   5  54   2  35 100]]

DT
Classification_report:
             precision    recall  f1-score   support
          B       0.46      0.45      0.45       256
          C       0.15      0.12      0.14        40
          G       0.16      0.18      0.17        72
          M       0.22      0.27      0.24       104
          O       0.00      0.00      0.00         7
          P       0.53      0.53      0.53       133
          R       0.38      0.36      0.37       220

avg / total       0.38      0.37      0.37       832

[[114   8  36  31   0  15  52]
 [  7   5   5   3   0   5  15]
 [ 26   4  13   9   0   3  17]
 [ 25   5   7  28   1  10  28]
 [  3   0   0   0   0   3   1]
 [ 24   4   4  12   3  70  16]
 [ 47   8  15  45   0  26  79]]
