SVM RBF
Classification_report:
             precision    recall  f1-score   support
          B       0.49      0.80      0.61       256
          C       0.00      0.00      0.00        40
          G       0.00      0.00      0.00        72
          M       0.75      0.03      0.06       104
          O       0.00      0.00      0.00         7
          P       0.68      0.52      0.59       133
          R       0.41      0.58      0.48       220

avg / total       0.46      0.49      0.42       832

[[204   0   0   0   0   7  45]
 [ 11   0   0   0   0   4  25]
 [ 62   0   0   0   0   1   9]
 [ 31   0   0   3   0   4  66]
 [  0   0   0   0   0   3   4]
 [ 32   0   0   0   0  69  32]
 [ 77   0   0   1   0  14 128]]

SVM linear
Classification_report:
             precision    recall  f1-score   support
          B       0.48      0.55      0.51       256
          C       0.20      0.20      0.20        40
          G       0.29      0.31      0.30        72
          M       0.29      0.33      0.31       104
          O       0.25      0.14      0.18         7
          P       0.53      0.49      0.51       133
          R       0.45      0.37      0.41       220

avg / total       0.43      0.42      0.42       832

[[140  11  36  22   0  13  34]
 [ 11   8   1   1   1   7  11]
 [ 35   1  22   3   0   3   8]
 [ 26   3   3  34   0   7  31]
 [  0   0   0   0   1   4   2]
 [ 27   6   7  13   0  65  15]
 [ 50  12   7  43   2  24  82]]

KNN
Classification_report:
             precision    recall  f1-score   support
          B       0.40      0.55      0.47       256
          C       0.09      0.10      0.10        40
          G       0.09      0.10      0.10        72
          M       0.25      0.16      0.20       104
          O       0.67      0.29      0.40         7
          P       0.39      0.35      0.37       133
          R       0.35      0.28      0.31       220

avg / total       0.33      0.34      0.33       832

[[142   8  27  13   0  29  37]
 [ 12   4   3   4   0   4  13]
 [ 45   6   7   3   0   5   6]
 [ 29   3   7  17   0  12  36]
 [  1   0   0   2   2   0   2]
 [ 43   4  12  10   0  46  18]
 [ 80  19  18  19   1  22  61]]

NB
Classification_report:
             precision    recall  f1-score   support
          B       0.51      0.35      0.42       256
          C       0.10      0.07      0.09        40
          G       0.32      0.33      0.33        72
          M       0.35      0.54      0.43       104
          O       0.00      0.00      0.00         7
          P       0.36      0.47      0.41       133
          R       0.48      0.45      0.46       220

avg / total       0.42      0.40      0.40       832

[[90  9 39 29  7 53 29]
 [10  3  3  3  0  6 15]
 [28  1 24  3  0  6 10]
 [ 8  4  1 56  0 11 24]
 [ 2  0  0  0  0  0  5]
 [21  5  1 15  3 63 25]
 [17  8  6 52  4 34 99]]

DT
Classification_report:
             precision    recall  f1-score   support
          B       0.44      0.45      0.44       256
          C       0.05      0.05      0.05        40
          G       0.20      0.19      0.20        72
          M       0.21      0.23      0.22       104
          O       0.00      0.00      0.00         7
          P       0.60      0.62      0.61       133
          R       0.37      0.35      0.36       220

avg / total       0.38      0.38      0.38       832

[[115  12  29  27   0  19  54]
 [ 11   2   2   9   0   3  13]
 [ 35   3  14   7   0   2  11]
 [ 30   5   8  24   0   7  30]
 [  0   0   0   2   0   4   1]
 [ 14   4   4   6   1  82  22]
 [ 56  16  13  37   2  19  77]]

CRF
Classification_report:
             precision    recall  f1-score   support
          B      0.544     0.719     0.620       256
          C      0.438     0.350     0.389        40
          G      0.100     0.014     0.024        72
          M      0.106     0.048     0.066       104
          O      0.000     0.000     0.000         7
          P      0.596     0.444     0.509       133
          R      0.477     0.664     0.555       220

avg / total      0.432     0.492     0.448       832
