SVM RBF
Classification_report:
             precision    recall  f1-score   support
          B       0.48      0.80      0.60       256
          C       0.00      0.00      0.00        40
          G       0.00      0.00      0.00        72
          M       0.40      0.02      0.04       104
          O       0.00      0.00      0.00         7
          P       0.69      0.53      0.60       133
          R       0.42      0.58      0.49       220

avg / total       0.42      0.49      0.41       832

[[205   0   0   0   0   7  44]
 [ 10   0   0   1   0   4  25]
 [ 64   0   0   0   0   1   7]
 [ 31   0   0   2   0   4  67]
 [  0   0   0   0   0   3   4]
 [ 37   0   0   0   0  70  26]
 [ 78   0   0   2   0  13 127]]

SVM linear
Classification_report:
             precision    recall  f1-score   support
          B       0.48      0.55      0.51       256
          C       0.21      0.20      0.20        40
          G       0.32      0.31      0.31        72
          M       0.33      0.35      0.34       104
          O       0.25      0.14      0.18         7
          P       0.59      0.56      0.58       133
          R       0.43      0.38      0.40       220

avg / total       0.44      0.44      0.44       832

[[140   5  34  20   0  15  42]
 [ 13   8   2   2   0   5  10]
 [ 41   1  22   1   0   3   4]
 [ 23   3   1  36   1   9  31]
 [  0   0   0   0   1   4   2]
 [ 23   6   4   6   0  75  19]
 [ 54  16   6  43   2  16  83]]

KNN
Classification_report:
             precision    recall  f1-score   support
          B       0.39      0.56      0.46       256
          C       0.17      0.17      0.17        40
          G       0.17      0.15      0.16        72
          M       0.22      0.14      0.17       104
          O       0.25      0.14      0.18         7
          P       0.36      0.34      0.35       133
          R       0.33      0.24      0.28       220

avg / total       0.32      0.33      0.32       832

[[144   4  21  16   0  32  39]
 [ 16   7   3   3   0   4   7]
 [ 43   5  11   0   0   6   7]
 [ 35   3   6  15   1   9  35]
 [  0   0   1   1   1   3   1]
 [ 48   3  10  10   0  45  17]
 [ 87  18  11  24   2  25  53]]

NB
Classification_report:
             precision    recall  f1-score   support
          B       0.51      0.35      0.42       256
          C       0.10      0.07      0.08        40
          G       0.32      0.33      0.33        72
          M       0.35      0.53      0.42       104
          O       0.00      0.00      0.00         7
          P       0.36      0.47      0.41       133
          R       0.47      0.45      0.46       220

avg / total       0.42      0.40      0.40       832

[[90  9 39 29  6 54 29]
 [10  3  3  3  0  6 15]
 [28  1 24  3  0  6 10]
 [ 8  4  1 55  0 11 25]
 [ 2  0  0  0  0  0  5]
 [20  5  1 15  3 63 26]
 [17  9  6 52  3 35 98]]

DT
Classification_report:
             precision    recall  f1-score   support
          B       0.49      0.48      0.49       256
          C       0.10      0.10      0.10        40
          G       0.23      0.22      0.23        72
          M       0.21      0.20      0.21       104
          O       0.14      0.14      0.14         7
          P       0.59      0.51      0.55       133
          R       0.37      0.42      0.39       220

avg / total       0.40      0.39      0.39       832

[[124   7  26  22   2  14  61]
 [ 12   4   1   6   0   2  15]
 [ 31   3  16   8   0   3  11]
 [ 24   7   4  21   2   9  37]
 [  2   0   0   1   1   2   1]
 [ 17   8   2   6   0  68  32]
 [ 44  10  21  34   2  17  92]]
