SVM RBF
Classification_report:
             precision    recall  f1-score   support
          B       0.44      0.87      0.59       179
          C       0.00      0.00      0.00        20
          G       0.00      0.00      0.00        36
          M       0.58      0.12      0.20        59
          O       0.00      0.00      0.00         1
          P       0.62      0.29      0.40        68
          R       0.26      0.18      0.22       103

avg / total       0.39      0.43      0.36       466

[[155   0   0   2   0   3  19]
 [ 16   0   0   0   0   1   3]
 [ 32   0   0   0   0   0   4]
 [ 35   0   0   7   0   1  16]
 [  0   0   0   0   0   0   1]
 [ 37   0   0   1   0  20  10]
 [ 75   0   0   2   0   7  19]]

SVM linear
Classification_report:
             precision    recall  f1-score   support
          B       0.45      0.50      0.48       179
          C       0.00      0.00      0.00        20
          G       0.19      0.22      0.21        36
          M       0.23      0.25      0.24        59
          O       0.00      0.00      0.00         1
          P       0.43      0.43      0.43        68
          R       0.32      0.22      0.26       103

avg / total       0.35      0.35      0.35       466

[[90  9 20 25  0 13 22]
 [ 7  0  4  2  0  3  4]
 [19  1  8  1  0  1  6]
 [26  2  1 15  0  5 10]
 [ 0  0  0  0  0  1  0]
 [18  4  3  6  0 29  8]
 [39  4  6 15  0 16 23]]

KNN
Classification_report:
             precision    recall  f1-score   support
          B       0.43      0.69      0.53       179
          C       0.00      0.00      0.00        20
          G       0.11      0.06      0.07        36
          M       0.24      0.14      0.17        59
          O       0.00      0.00      0.00         1
          P       0.45      0.29      0.36        68
          R       0.22      0.14      0.17       103

avg / total       0.32      0.36      0.32       466

[[123   7   8  10   0  12  19]
 [ 13   0   2   1   0   2   2]
 [ 24   1   2   2   0   1   6]
 [ 34   4   0   8   0   1  12]
 [  0   0   0   0   0   0   1]
 [ 30   3   2   4   0  20   9]
 [ 60   7   4   9   1   8  14]]

NB
Classification_report:
             precision    recall  f1-score   support
          B       0.49      0.46      0.48       179
          C       0.02      0.05      0.03        20
          G       0.17      0.17      0.17        36
          M       0.25      0.37      0.30        59
          O       0.00      0.00      0.00         1
          P       0.38      0.35      0.37        68
          R       0.27      0.17      0.21       103

avg / total       0.35      0.33      0.34       466

[[83 16 24 27  0 13 16]
 [10  1  2  2  0  2  3]
 [16  2  6  4  0  2  6]
 [14  5  1 22  0  5 12]
 [ 0  0  0  0  0  0  1]
 [16  9  0  9  0 24 10]
 [31 11  3 23  0 17 18]]

DT
Classification_report:
             precision    recall  f1-score   support
          B       0.48      0.44      0.46       179
          C       0.00      0.00      0.00        20
          G       0.10      0.08      0.09        36
          M       0.16      0.17      0.16        59
          O       0.00      0.00      0.00         1
          P       0.30      0.29      0.30        68
          R       0.24      0.26      0.25       103

avg / total       0.31      0.30      0.30       466

[[79 13 10 21  1 17 38]
 [11  0  1  4  0  3  1]
 [14  1  3  4  0  6  8]
 [13  6  4 10  0  8 18]
 [ 0  0  0  0  0  1  0]
 [13  6  4  6  0 20 19]
 [33  5  8 18  0 12 27]]

CRF
Classification_report:
             precision    recall  f1-score   support
          B      0.472     0.950     0.631       179
          C      0.000     0.000     0.000        20
          G      0.000     0.000     0.000        36
          M      0.333     0.017     0.032        59
          O      0.000     0.000     0.000         1
          P      0.173     0.132     0.150        68
          R      0.353     0.175     0.234       103

avg / total      0.327     0.425     0.320       466
