SVM RBF
Classification_report:
             precision    recall  f1-score   support
          B       0.47      0.75      0.58       256
          C       0.00      0.00      0.00        40
          G       0.00      0.00      0.00        72
          M       1.00      0.02      0.04       104
          O       0.00      0.00      0.00         7
          P       0.73      0.52      0.61       133
          R       0.40      0.60      0.48       220

avg / total       0.49      0.47      0.41       832

[[192   0   0   0   0   5  59]
 [ 17   0   0   0   0   4  19]
 [ 62   0   0   0   0   1   9]
 [ 27   0   0   2   0   5  70]
 [  0   0   0   0   0   3   4]
 [ 32   0   0   0   0  69  32]
 [ 81   0   0   0   0   8 131]]

SVM linear
Classification_report:
             precision    recall  f1-score   support
          B       0.48      0.54      0.51       256
          C       0.18      0.17      0.18        40
          G       0.33      0.31      0.32        72
          M       0.30      0.36      0.32       104
          O       0.25      0.14      0.18         7
          P       0.56      0.52      0.54       133
          R       0.44      0.37      0.40       220

avg / total       0.43      0.43      0.43       832

[[139  10  29  30   0  12  36]
 [ 14   7   3   2   0  10   4]
 [ 35   1  22   3   0   2   9]
 [ 21   1   1  37   0   6  38]
 [  0   1   0   0   1   3   2]
 [ 24   5   8  12   0  69  15]
 [ 57  14   4  40   3  21  81]]

KNN
Classification_report:
             precision    recall  f1-score   support
          B       0.41      0.55      0.47       256
          C       0.04      0.03      0.03        40
          G       0.14      0.11      0.12        72
          M       0.22      0.22      0.22       104
          O       0.25      0.14      0.18         7
          P       0.50      0.47      0.48       133
          R       0.34      0.27      0.30       220

avg / total       0.34      0.35      0.34       832

[[140  11  20  22   1  22  40]
 [ 13   1   2   5   0   7  12]
 [ 48   1   8   3   0   3   9]
 [ 28   3   9  23   0   6  35]
 [  0   0   0   1   1   2   3]
 [ 34   3   6  13   0  63  14]
 [ 75   9  12  39   2  24  59]]

NB
Classification_report:
             precision    recall  f1-score   support
          B       0.48      0.48      0.48       256
          C       0.09      0.17      0.12        40
          G       0.22      0.26      0.24        72
          M       0.19      0.26      0.22       104
          O       1.00      0.14      0.25         7
          P       0.41      0.32      0.36       133
          R       0.33      0.25      0.29       220

avg / total       0.36      0.33      0.34       832

[[122  19  40  36   0   9  30]
 [ 12   7   3   1   0   6  11]
 [ 26   6  19   5   0   4  12]
 [ 18   2   8  27   0  13  36]
 [  1   0   0   0   1   1   4]
 [ 23  20   4  21   0  43  22]
 [ 52  21  11  52   0  28  56]]

DT
Classification_report:
             precision    recall  f1-score   support
          B       0.35      0.34      0.34       256
          C       0.05      0.07      0.06        40
          G       0.08      0.08      0.08        72
          M       0.11      0.12      0.11       104
          O       0.00      0.00      0.00         7
          P       0.20      0.21      0.21       133
          R       0.33      0.31      0.32       220

avg / total       0.25      0.25      0.25       832

[[86 18 32 37  1 31 51]
 [10  3  3  4  0  8 12]
 [29  7  6 10  1 10  9]
 [24  9  9 12  0 22 28]
 [ 0  2  1  0  0  3  1]
 [35 10  9 15  0 28 36]
 [61 14 11 29  1 35 69]]

CRF
Classification_report:
             precision    recall  f1-score   support
          B      0.359     0.461     0.403       256
          C      0.000     0.000     0.000        40
          G      0.000     0.000     0.000        72
          M      0.000     0.000     0.000       104
          O      0.000     0.000     0.000         7
          P      0.346     0.271     0.304       133
          R      0.303     0.550     0.391       220

avg / total      0.246     0.331     0.276       832
