SVM RBF
Classification_report:
             precision    recall  f1-score   support

          B       0.36      0.62      0.45        77
          C       0.00      0.00      0.00        20
          G       0.00      0.00      0.00        36
          M       0.00      0.00      0.00        45
          O       0.00      0.00      0.00         6
          P       0.32      0.09      0.14        65
          R       0.43      0.78      0.55       117

avg / total       0.27      0.40      0.30       366

[[48  0  0  0  0  2 27]
 [ 3  0  0  0  0  0 17]
 [17  0  0  0  0  2 17]
 [13  0  0  0  0  4 28]
 [ 2  0  0  0  0  0  4]
 [31  0  0  0  0  6 28]
 [21  0  0  0  0  5 91]]

SVM linear
Classification_report:
             precision    recall  f1-score   support

          B       0.44      0.42      0.43        77
          C       0.11      0.05      0.07        20
          G       0.40      0.33      0.36        36
          M       0.16      0.11      0.13        45
          O       0.50      0.33      0.40         6
          P       0.48      0.46      0.47        65
          R       0.43      0.58      0.49       117

avg / total       0.39      0.41      0.39       366

[[32  2  8  6  0  6 23]
 [ 3  1  0  0  0  3 13]
 [14  1 12  0  0  1  8]
 [ 4  0  2  5  0  9 25]
 [ 0  0  0  0  2  1  3]
 [ 7  1  3  5  1 30 18]
 [12  4  5 15  1 12 68]]

KNN
Classification_report:
             precision    recall  f1-score   support

          B       0.34      0.57      0.43        77
          C       0.07      0.10      0.09        20
          G       0.23      0.17      0.19        36
          M       0.09      0.04      0.06        45
          O       0.00      0.00      0.00         6
          P       0.41      0.43      0.42        65
          R       0.39      0.30      0.34       117

avg / total       0.31      0.32      0.30       366

[[44  4  6  2  0  5 16]
 [ 4  2  0  1  0  6  7]
 [14  1  6  0  0  7  8]
 [17  3  3  2  0  5 15]
 [ 1  1  2  1  0  0  1]
 [16  5  3  4  1 28  8]
 [34 11  6 12  1 18 35]]

NB
Classification_report:
             precision    recall  f1-score   support

          B       0.57      0.16      0.24        77
          C       0.16      0.25      0.20        20
          G       0.33      0.14      0.20        36
          M       0.25      0.42      0.31        45
          O       0.00      0.00      0.00         6
          P       0.35      0.60      0.44        65
          R       0.40      0.38      0.39       117

avg / total       0.38      0.34      0.32       366

[[12  4  6 13  0 14 28]
 [ 0  5  0  1  0  7  7]
 [ 5  5  5  4  0 10  7]
 [ 0  0  1 19  0 11 14]
 [ 0  1  0  0  0  2  3]
 [ 0  7  2  9  0 39  8]
 [ 4  9  1 30  0 28 45]]

DT
Classification_report:
             precision    recall  f1-score   support

          B       0.23      0.25      0.24        77
          C       0.04      0.05      0.05        20
          G       0.21      0.25      0.23        36
          M       0.15      0.13      0.14        45
          O       0.00      0.00      0.00         6
          P       0.29      0.29      0.29        65
          R       0.34      0.30      0.32       117

avg / total       0.25      0.24      0.25       366

[[19  6 10 11  2 10 19]
 [ 3  1  1  3  1  2  9]
 [ 8  5  9  0  1  7  6]
 [11  2  4  6  1  7 14]
 [ 1  1  1  0  0  2  1]
 [11  5  4  7  1 19 18]
 [30  3 13 12  5 19 35]]

CRF
Classification_report:
             precision    recall  f1-score   support

          B       0.60      0.55      0.57        77
          C       0.50      0.35      0.41        20
          G       0.42      0.31      0.35        36
          M       0.29      0.20      0.24        45
          O       0.00      0.00      0.00         6
          P       0.71      0.55      0.62        65
          R       0.50      0.72      0.59       117

avg / total       0.52      0.52      0.51       366

CRF 2.0
Classification_report:
             precision    recall  f1-score   support

          B       0.74      0.62      0.68        77
          C       0.42      0.25      0.31        20
          G       0.59      0.53      0.56        36
          M       0.39      0.27      0.32        45
          O       0.00      0.00      0.00         6
          P       0.62      0.57      0.59        65
          R       0.53      0.74      0.62       117

avg / total       0.56      0.57      0.56       366


SVM RBF
Classification_report:
             precision    recall  f1-score   support

          B       0.67      0.92      0.78       179
          C       0.00      0.00      0.00        20
          G       0.00      0.00      0.00        36
          M       0.00      0.00      0.00        59
          O       0.00      0.00      0.00         1
          P       0.61      0.28      0.38        68
          R       0.48      0.89      0.63       102

avg / total       0.45      0.59      0.49       465

[[165   0   0   0   0   5   9]
 [  0   0   0   0   0   0  20]
 [ 31   0   0   0   0   5   0]
 [  3   0   0   0   0   1  55]
 [  1   0   0   0   0   0   0]
 [ 36   0   0   0   0  19  13]
 [ 10   0   0   0   0   1  91]]

SVM linear
Classification_report:
             precision    recall  f1-score   support

          B       0.70      0.82      0.75       179
          C       0.63      0.60      0.62        20
          G       0.45      0.25      0.32        36
          M       0.56      0.39      0.46        59
          O       0.00      0.00      0.00         1
          P       0.70      0.57      0.63        68
          R       0.56      0.66      0.60       102

avg / total       0.63      0.64      0.62       465

[[146   1  11   0   0  13   8]
 [  0  12   0   1   0   0   7]
 [ 27   0   9   0   0   0   0]
 [  5   0   0  23   0   1  30]
 [  0   0   0   0   0   1   0]
 [ 18   1   0   2   0  39   8]
 [ 13   5   0  15   0   2  67]]

KNN
Classification_report:
             precision    recall  f1-score   support

          B       0.73      0.86      0.79       179
          C       0.19      0.15      0.17        20
          G       0.58      0.53      0.55        36
          M       0.42      0.39      0.40        59
          O       0.00      0.00      0.00         1
          P       0.80      0.59      0.68        68
          R       0.52      0.50      0.51       102

avg / total       0.62      0.62      0.61       465

[[154   1  12   1   0   6   5]
 [  1   3   0   1   0   1  14]
 [ 17   0  19   0   0   0   0]
 [  8   3   0  23   0   0  25]
 [  0   0   0   0   0   1   0]
 [ 15   0   1   8   0  40   4]
 [ 17   9   1  22   0   2  51]]

NB
Classification_report:
             precision    recall  f1-score   support

          B       0.59      0.62      0.60       179
          C       0.33      0.55      0.42        20
          G       0.24      0.42      0.30        36
          M       0.44      0.37      0.40        59
          O       0.00      0.00      0.00         1
          P       0.38      0.56      0.45        68
          R       0.52      0.15      0.23       102

avg / total       0.48      0.46      0.44       465

[[111   0  40   3   0  22   3]
 [  0  11   0   1   0   8   0]
 [ 21   0  15   0   0   0   0]
 [ 16   4   0  22   0   8   9]
 [  1   0   0   0   0   0   0]
 [ 17   2   6   3   0  38   2]
 [ 23  16   2  21   0  25  15]]

DT
Classification_report:
             precision    recall  f1-score   support

          B       0.75      0.72      0.74       179
          C       0.32      0.30      0.31        20
          G       0.47      0.50      0.49        36
          M       0.30      0.34      0.32        59
          O       0.00      0.00      0.00         1
          P       0.67      0.59      0.62        68
          R       0.49      0.52      0.50       102

avg / total       0.58      0.57      0.58       465

[[129   2  19   5   0  12  12]
 [  1   6   0   5   0   0   8]
 [ 17   0  18   1   0   0   0]
 [  6   7   0  20   0   1  25]
 [  0   0   0   0   0   1   0]
 [ 11   1   0   4   1  40  11]
 [  8   3   1  31   0   6  53]]

CRF
Classification_report:
             precision    recall  f1-score   support

          B       0.84      0.94      0.89       179
          C       0.31      0.20      0.24        20
          G       0.83      0.53      0.64        36
          M       0.43      0.39      0.41        59
          O       0.00      0.00      0.00         1
          P       0.80      0.72      0.76        68
          R       0.54      0.61      0.57       102

avg / total       0.69      0.70      0.69       465

CRF 2.0
Classification_report:
             precision    recall  f1-score   support

          B       1.00      1.00      1.00       179
          C       0.50      0.35      0.41        20
          G       1.00      1.00      1.00        36
          M       0.91      0.90      0.91        59
          O       0.00      0.00      0.00         1
          P       0.95      0.93      0.94        68
          R       0.81      0.89      0.85       102

avg / total       0.92      0.92      0.92       465


SVM RBF
Classification_report:
             precision    recall  f1-score   support

          B       0.64      0.78      0.70       256
          C       0.00      0.00      0.00        40
          G       0.00      0.00      0.00        72
          M       0.00      0.00      0.00       104
          O       0.00      0.00      0.00         7
          P       0.49      0.48      0.48       133
          R       0.47      0.82      0.59       219

avg / total       0.40      0.53      0.45       831

[[199   0   0   0   0  23  34]
 [  3   0   0   0   0   1  36]
 [ 41   0   0   0   0  18  13]
 [ 11   0   0   0   0  10  83]
 [  0   0   0   0   0   3   4]
 [ 32   0   0   0   0  64  37]
 [ 27   0   0   0   0  12 180]]

SVM linear
Classification_report:
             precision    recall  f1-score   support

          B       0.60      0.71      0.65       256
          C       0.36      0.20      0.26        40
          G       0.44      0.29      0.35        72
          M       0.30      0.15      0.20       104
          O       0.00      0.00      0.00         7
          P       0.55      0.54      0.55       133
          R       0.48      0.60      0.54       219

avg / total       0.49      0.52      0.50       831

[[182   1  19   8   1  11  34]
 [  4   8   1   0   0   3  24]
 [ 41   2  21   0   0   1   7]
 [ 17   0   1  16   0  17  53]
 [  0   0   0   0   0   5   2]
 [ 29   4   1   6   0  72  21]
 [ 28   7   5  24   1  22 132]]

KNN
Classification_report:
             precision    recall  f1-score   support

          B       0.57      0.72      0.64       256
          C       0.21      0.28      0.24        40
          G       0.41      0.46      0.43        72
          M       0.23      0.15      0.18       104
          O       0.00      0.00      0.00         7
          P       0.63      0.50      0.56       133
          R       0.49      0.45      0.47       219

avg / total       0.48      0.49      0.48       831

[[184   2  25  12   0  10  23]
 [  4  11   0   4   0   5  16]
 [ 25   1  33   3   0   3   7]
 [ 27   6   8  16   1   5  41]
 [  2   0   1   0   0   2   2]
 [ 32  10   5   8   0  66  12]
 [ 48  23   8  28   0  13  99]]

NB
Classification_report:
             precision    recall  f1-score   support

          B       0.63      0.28      0.39       256
          C       0.14      0.50      0.22        40
          G       0.34      0.38      0.36        72
          M       0.27      0.32      0.29       104
          O       0.00      0.00      0.00         7
          P       0.32      0.78      0.45       133
          R       0.49      0.10      0.16       219

avg / total       0.44      0.33      0.31       831

[[ 72  30  39  30   0  80   5]
 [  0  20   0   3   0  16   1]
 [ 15   9  27   4   0  15   2]
 [  6  14   2  33   1  36  12]
 [  0   2   0   0   0   5   0]
 [  2  13   3   9   0 104   2]
 [ 19  53   9  45   0  72  21]]

DT
Classification_report:
             precision    recall  f1-score   support

          B       0.61      0.56      0.59       256
          C       0.09      0.10      0.09        40
          G       0.34      0.35      0.34        72
          M       0.23      0.26      0.24       104
          O       0.00      0.00      0.00         7
          P       0.46      0.48      0.47       133
          R       0.43      0.41      0.42       219

avg / total       0.44      0.42      0.43       831

[[144  12  24  21   1  23  31]
 [  6   4   2   6   0   6  16]
 [ 25   3  25   6   2   7   4]
 [ 13   8   3  27   1  10  42]
 [  1   0   0   1   0   1   4]
 [ 17   8   5  15   2  64  22]
 [ 30  11  14  44   2  29  89]]

CRF
Classification_report:
             precision    recall  f1-score   support

          B       0.77      0.81      0.79       256
          C       0.80      0.30      0.44        40
          G       0.61      0.46      0.52        72
          M       0.39      0.29      0.33       104
          O       0.00      0.00      0.00         7
          P       0.72      0.61      0.66       133
          R       0.55      0.74      0.63       219

avg / total       0.64      0.63      0.62       831

CRF 2.0
Classification_report:
             precision    recall  f1-score   support

          B       0.92      0.88      0.90       256
          C       0.43      0.40      0.42        40
          G       0.82      0.74      0.77        72
          M       0.70      0.70      0.70       104
          O       0.00      0.00      0.00         7
          P       0.82      0.76      0.79       133
          R       0.69      0.81      0.75       219

avg / total       0.78      0.78      0.77       831
