SVM RBF
Classification_report:
             precision    recall  f1-score   support

          B       0.00      0.00      0.00        77
          C       0.00      0.00      0.00        20
          G       0.00      0.00      0.00        36
          M       0.00      0.00      0.00        45
          O       0.00      0.00      0.00         6
          P       0.00      0.00      0.00        65
          R       0.31      0.96      0.47       117

avg / total       0.10      0.31      0.15       366

[[  0   0   0   0   0   0  77]
 [  2   0   0   0   0   0  18]
 [  0   0   0   0   0   0  36]
 [  1   0   0   0   0   0  44]
 [  0   0   0   0   0   0   6]
 [  0   0   0   0   0   0  65]
 [  5   0   0   0   0   0 112]]

SVM linear
Classification_report:
             precision    recall  f1-score   support

          B       0.40      0.44      0.42        77
          C       0.25      0.05      0.08        20
          G       0.38      0.28      0.32        36
          M       0.23      0.13      0.17        45
          O       0.00      0.00      0.00         6
          P       0.52      0.51      0.51        65
          R       0.46      0.63      0.53       117

avg / total       0.40      0.43      0.41       366

[[34  0  8  2  0  8 25]
 [ 4  1  0  0  0  2 13]
 [17  2 10  0  0  0  7]
 [ 7  0  1  6  0  5 26]
 [ 0  0  1  0  0  4  1]
 [ 9  0  3  5  0 33 15]
 [14  1  3 13  0 12 74]]

KNN
Classification_report:
             precision    recall  f1-score   support

          B       0.35      0.56      0.43        77
          C       0.20      0.30      0.24        20
          G       0.36      0.42      0.38        36
          M       0.18      0.13      0.15        45
          O       0.00      0.00      0.00         6
          P       0.45      0.37      0.41        65
          R       0.43      0.31      0.36       117

avg / total       0.36      0.36      0.35       366

[[43  3  9  2  0  5 15]
 [ 4  6  0  1  0  4  5]
 [13  3 15  1  0  1  3]
 [13  4  4  6  0  3 15]
 [ 2  0  2  1  0  1  0]
 [11  8  4  9  0 24  9]
 [38  6  8 13  1 15 36]]

NB
Classification_report:
             precision    recall  f1-score   support

          B       0.49      0.35      0.41        77
          C       0.25      0.25      0.25        20
          G       0.38      0.42      0.39        36
          M       0.30      0.29      0.30        45
          O       0.00      0.00      0.00         6
          P       0.41      0.60      0.49        65
          R       0.45      0.44      0.44       117

avg / total       0.41      0.41      0.40       366

[[27  3 14  4  0  9 20]
 [ 1  5  1  0  0  5  8]
 [ 8  3 15  0  0  3  7]
 [ 0  0  3 13  0 11 18]
 [ 0  1  0  0  0  3  2]
 [ 4  4  3  7  0 39  8]
 [15  4  4 19  0 24 51]]

DT
Classification_report:
             precision    recall  f1-score   support

          B       0.31      0.34      0.33        77
          C       0.05      0.05      0.05        20
          G       0.15      0.14      0.14        36
          M       0.13      0.13      0.13        45
          O       0.00      0.00      0.00         6
          P       0.32      0.29      0.30        65
          R       0.41      0.40      0.40       117

avg / total       0.29      0.28      0.28       366

[[26  4 10  5  2 14 16]
 [ 3  1  0  2  2  2 10]
 [10  0  5  5  0  4 12]
 [ 6  1  5  6  1  9 17]
 [ 1  0  0  3  0  1  1]
 [16  3  7  7  0 19 13]
 [21 13  6 18  1 11 47]]

CRF
Classification_report:
             precision    recall  f1-score   support

          B       0.54      0.51      0.52        77
          C       0.33      0.25      0.29        20
          G       0.29      0.19      0.23        36
          M       0.23      0.16      0.18        45
          O       0.00      0.00      0.00         6
          P       0.51      0.43      0.47        65
          R       0.52      0.68      0.59       117

avg / total       0.45      0.45      0.44       366

CRF 2.0
Classification_report:
             precision    recall  f1-score   support

          B       0.76      0.68      0.72        77
          C       0.33      0.25      0.29        20
          G       0.61      0.47      0.53        36
          M       0.33      0.29      0.31        45
          O       0.00      0.00      0.00         6
          P       0.66      0.58      0.62        65
          R       0.52      0.68      0.59       117

avg / total       0.56      0.56      0.56       366


SVM RBF
Classification_report:
             precision    recall  f1-score   support

          B       0.55      0.96      0.70       179
          C       0.00      0.00      0.00        20
          G       0.00      0.00      0.00        36
          M       0.00      0.00      0.00        59
          O       0.00      0.00      0.00         1
          P       0.00      0.00      0.00        68
          R       0.53      0.78      0.63       102

avg / total       0.33      0.54      0.41       465

[[172   0   0   0   0   0   7]
 [  1   0   0   0   0   0  19]
 [ 36   0   0   0   0   0   0]
 [ 20   0   0   0   0   0  39]
 [  1   0   0   0   0   0   0]
 [ 63   0   0   0   0   0   5]
 [ 22   0   0   0   0   0  80]]

SVM linear
Classification_report:
             precision    recall  f1-score   support

          B       0.75      0.88      0.81       179
          C       0.44      0.20      0.28        20
          G       0.50      0.28      0.36        36
          M       0.50      0.34      0.40        59
          O       0.00      0.00      0.00         1
          P       0.76      0.54      0.63        68
          R       0.53      0.70      0.60       102

avg / total       0.63      0.65      0.63       465

[[158   1  10   1   0   4   5]
 [  0   4   0   1   0   1  14]
 [ 26   0  10   0   0   0   0]
 [  4   0   0  20   0   2  33]
 [  0   0   0   0   0   1   0]
 [ 17   1   0   1   0  37  12]
 [  7   3   0  17   0   4  71]]

KNN
Classification_report:
             precision    recall  f1-score   support

          B       0.75      0.85      0.80       179
          C       0.10      0.10      0.10        20
          G       0.55      0.50      0.52        36
          M       0.39      0.37      0.38        59
          O       0.00      0.00      0.00         1
          P       0.76      0.60      0.67        68
          R       0.49      0.47      0.48       102

avg / total       0.60      0.61      0.60       465

[[153   1  11   4   0   4   6]
 [  1   2   0   1   0   1  15]
 [ 17   0  18   0   0   1   0]
 [  6   3   0  22   0   4  24]
 [  0   0   0   0   0   1   0]
 [ 14   0   1   7   0  41   5]
 [ 12  14   3  23   0   2  48]]

NB
Classification_report:
             precision    recall  f1-score   support

          B       0.56      0.55      0.56       179
          C       0.06      0.05      0.05        20
          G       0.19      0.33      0.24        36
          M       0.32      0.34      0.33        59
          O       0.00      0.00      0.00         1
          P       0.45      0.56      0.50        68
          R       0.41      0.25      0.32       102

avg / total       0.43      0.42      0.42       465

[[98  3 37 12  0 20  9]
 [ 6  1  1  2  0  5  5]
 [19  1 12  2  0  0  2]
 [15  4  2 20  0  7 11]
 [ 1  0  0  0  0  0  0]
 [10  2  5  3  0 38 10]
 [25  7  6 23  0 15 26]]

DT
Classification_report:
             precision    recall  f1-score   support

          B       0.71      0.65      0.68       179
          C       0.16      0.15      0.15        20
          G       0.45      0.47      0.46        36
          M       0.36      0.36      0.36        59
          O       0.00      0.00      0.00         1
          P       0.48      0.57      0.52        68
          R       0.53      0.54      0.54       102

avg / total       0.55      0.54      0.54       465

[[117   2  17   9   1  25   8]
 [  5   3   0   5   0   0   7]
 [ 19   0  17   0   0   0   0]
 [  4   5   0  21   0   6  23]
 [  0   0   0   0   0   1   0]
 [  9   3   3   4   0  39  10]
 [ 10   6   1  19   0  11  55]]

CRF
Classification_report:
             precision    recall  f1-score   support

          B       0.84      0.93      0.88       179
          C       0.33      0.20      0.25        20
          G       0.83      0.53      0.64        36
          M       0.47      0.37      0.42        59
          O       0.00      0.00      0.00         1
          P       0.80      0.72      0.76        68
          R       0.53      0.64      0.58       102

avg / total       0.69      0.70      0.69       465

CRF 2.0
Classification_report:
             precision    recall  f1-score   support

          B       1.00      1.00      1.00       179
          C       0.47      0.40      0.43        20
          G       1.00      1.00      1.00        36
          M       0.95      0.92      0.93        59
          O       0.00      0.00      0.00         1
          P       0.94      0.94      0.94        68
          R       0.83      0.88      0.86       102

avg / total       0.92      0.93      0.92       465


SVM RBF
Classification_report:
             precision    recall  f1-score   support

          B       0.45      0.88      0.60       256
          C       0.00      0.00      0.00        40
          G       0.00      0.00      0.00        72
          M       0.00      0.00      0.00       104
          O       0.00      0.00      0.00         7
          P       0.00      0.00      0.00       133
          R       0.49      0.74      0.59       219

avg / total       0.27      0.47      0.34       831

[[225   0   0   0   0   0  31]
 [  5   0   0   0   0   0  35]
 [ 60   0   0   0   0   0  12]
 [ 42   0   0   0   0   0  62]
 [  5   0   0   0   0   0   2]
 [104   0   0   0   0   0  29]
 [ 56   0   0   0   0   0 163]]

SVM linear
Classification_report:
             precision    recall  f1-score   support

          B       0.58      0.75      0.65       256
          C       0.29      0.05      0.09        40
          G       0.45      0.26      0.33        72
          M       0.32      0.15      0.21       104
          O       0.00      0.00      0.00         7
          P       0.67      0.53      0.59       133
          R       0.49      0.67      0.56       219

avg / total       0.51      0.53      0.50       831

[[191   0  19   8   0   8  30]
 [  3   2   0   1   0   2  32]
 [ 45   1  19   0   0   1   6]
 [ 21   0   0  16   0   8  59]
 [  0   0   0   0   0   4   3]
 [ 33   1   0   6   0  70  23]
 [ 36   3   4  19   0  11 146]]

KNN
Classification_report:
             precision    recall  f1-score   support

          B       0.54      0.70      0.61       256
          C       0.22      0.28      0.24        40
          G       0.39      0.51      0.44        72
          M       0.25      0.19      0.22       104
          O       0.00      0.00      0.00         7
          P       0.63      0.46      0.53       133
          R       0.44      0.35      0.39       219

avg / total       0.46      0.46      0.45       831

[[179   2  30  10   0  12  23]
 [  6  11   0   6   0   2  15]
 [ 24   0  37   4   0   3   4]
 [ 31   3  10  20   0   4  36]
 [  2   1   1   0   0   2   1]
 [ 31   7   7   9   0  61  18]
 [ 59  27  10  32   1  13  77]]

NB
Classification_report:
             precision    recall  f1-score   support

          B       0.54      0.38      0.44       256
          C       0.13      0.33      0.19        40
          G       0.24      0.46      0.31        72
          M       0.23      0.24      0.23       104
          O       0.00      0.00      0.00         7
          P       0.45      0.59      0.51       133
          R       0.41      0.24      0.30       219

avg / total       0.40      0.36      0.36       831

[[96 19 62 31  0 24 24]
 [ 4 13  9  1  0  8  5]
 [20  8 33  4  0  3  4]
 [14 10  6 25  0 18 31]
 [ 0  1  0  0  0  4  2]
 [10 14 12  8  0 78 11]
 [35 35 17 41  0 38 53]]

DT
Classification_report:
             precision    recall  f1-score   support

          B       0.58      0.55      0.56       256
          C       0.04      0.05      0.05        40
          G       0.27      0.33      0.30        72
          M       0.19      0.20      0.19       104
          O       0.00      0.00      0.00         7
          P       0.41      0.38      0.40       133
          R       0.42      0.38      0.40       219

avg / total       0.40      0.39      0.39       831

[[141  12  34  16   0  22  31]
 [  9   2   1   7   0   6  15]
 [ 20   1  24   6   1   8  12]
 [ 19   8   7  21   4   9  36]
 [  0   1   0   3   0   1   2]
 [ 24   8   8  16   4  51  22]
 [ 32  16  15  43   2  27  84]]

CRF
Classification_report:
             precision    recall  f1-score   support

          B       0.78      0.82      0.80       256
          C       0.65      0.38      0.48        40
          G       0.62      0.47      0.54        72
          M       0.41      0.28      0.33       104
          O       0.00      0.00      0.00         7
          P       0.68      0.60      0.64       133
          R       0.53      0.70      0.61       219

avg / total       0.63      0.63      0.62       831

CRF 2.0
Classification_report:
             precision    recall  f1-score   support

          B       0.93      0.87      0.90       256
          C       0.63      0.47      0.54        40
          G       0.79      0.74      0.76        72
          M       0.73      0.67      0.70       104
          O       0.00      0.00      0.00         7
          P       0.81      0.77      0.79       133
          R       0.69      0.84      0.76       219

avg / total       0.79      0.78      0.78       831
