SVM RBF
Classification_report:
             precision    recall  f1-score   support
          B       0.40      0.43      0.42        77
          C       0.00      0.00      0.00        20
          G       0.00      0.00      0.00        36
          M       0.00      0.00      0.00        45
          O       0.00      0.00      0.00         6
          P       0.36      0.40      0.38        65
          R       0.43      0.78      0.55       117

avg / total       0.29      0.41      0.33       366

[[33  0  0  0  0 17 27]
 [ 2  0  0  0  0  1 17]
 [ 9  0  0  0  0  9 18]
 [10  0  0  0  0  7 28]
 [ 0  0  0  0  0  2  4]
 [12  0  0  0  0 26 27]
 [16  0  0  0  0 10 91]]

SVM linear
Classification_report:
             precision    recall  f1-score   support
          B       0.41      0.45      0.43        77
          C       0.00      0.00      0.00        20
          G       0.40      0.11      0.17        36
          M       0.57      0.09      0.15        45
          O       0.00      0.00      0.00         6
          P       0.37      0.40      0.38        65
          R       0.43      0.71      0.54       117

avg / total       0.40      0.42      0.37       366

[[35  0  5  1  0  8 28]
 [ 2  0  0  0  0  3 15]
 [13  0  4  0  0  8 11]
 [ 5  0  0  4  0 11 25]
 [ 0  0  0  1  0  2  3]
 [12  0  1  0  0 26 26]
 [19  1  0  1  0 13 83]]

KNN
Classification_report:
             precision    recall  f1-score   support
          B       0.39      0.60      0.47        77
          C       0.20      0.20      0.20        20
          G       0.37      0.42      0.39        36
          M       0.16      0.11      0.13        45
          O       0.00      0.00      0.00         6
          P       0.43      0.35      0.39        65
          R       0.40      0.34      0.37       117

avg / total       0.35      0.36      0.35       366

[[46  2  7  2  0  4 16]
 [ 3  4  1  2  0  4  6]
 [ 8  0 15  3  0  1  9]
 [15  2  4  5  1  3 15]
 [ 1  0  3  0  0  0  2]
 [11  7  4  8  1 23 11]
 [34  5  7 12  0 19 40]]

NB
Classification_report:
             precision    recall  f1-score   support
          B       0.57      0.10      0.18        77
          C       0.13      0.25      0.17        20
          G       0.20      0.03      0.05        36
          M       0.17      0.29      0.22        45
          O       0.00      0.00      0.00         6
          P       0.32      0.66      0.43        65
          R       0.46      0.38      0.42       117

avg / total       0.37      0.31      0.29       366

[[ 8  8  3 15  0 24 19]
 [ 0  5  0  1  0  8  6]
 [ 3  8  1  5  0 13  6]
 [ 0  1  0 13  0 16 15]
 [ 0  1  0  2  0  1  2]
 [ 0  7  0 11  0 43  4]
 [ 3  9  1 28  0 31 45]]

DT
Classification_report:
             precision    recall  f1-score   support
          B       0.37      0.39      0.38        77
          C       0.07      0.10      0.09        20
          G       0.20      0.17      0.18        36
          M       0.30      0.31      0.30        45
          O       0.20      0.17      0.18         6
          P       0.28      0.31      0.29        65
          R       0.42      0.37      0.39       117

avg / total       0.32      0.32      0.32       366

[[30  1  6  7  0 17 16]
 [ 5  2  2  1  0  4  6]
 [13  3  6  2  1  7  4]
 [ 2  3  5 14  0  6 15]
 [ 1  1  0  0  1  1  2]
 [11  7  6  2  2 20 17]
 [20 10  5 21  1 17 43]]

CRF
Classification_report:
             precision    recall  f1-score   support
          B       0.58      0.51      0.54        77
          C       0.47      0.35      0.40        20
          G       0.31      0.22      0.26        36
          M       0.17      0.11      0.14        45
          O       0.00      0.00      0.00         6
          P       0.60      0.49      0.54        65
          R       0.50      0.71      0.58       117

avg / total       0.47      0.48      0.46       366


CRF 2.0
Classification_report:
             precision    recall  f1-score   support
          B       0.76      0.66      0.71        77
          C       0.32      0.30      0.31        20
          G       0.58      0.50      0.54        36
          M       0.33      0.29      0.31        45
          O       0.00      0.00      0.00         6
          P       0.60      0.55      0.58        65
          R       0.53      0.66      0.59       117

avg / total       0.55      0.55      0.55       366


SVM RBF
Classification_report:
             precision    recall  f1-score   support
          B       0.81      0.85      0.83       179
          C       0.00      0.00      0.00        20
          G       0.00      0.00      0.00        36
          M       0.00      0.00      0.00        59
          O       0.00      0.00      0.00         1
          P       0.46      0.59      0.52        68
          R       0.48      0.89      0.63       102

avg / total       0.48      0.61      0.53       465

[[153   0   0   0   0  17   9]
 [  0   0   0   0   0   0  20]
 [ 15   0   0   0   0  21   0]
 [  1   0   0   0   0   2  56]
 [  0   0   0   0   0   1   0]
 [ 15   0   0   0   0  40  13]
 [  5   0   0   0   0   6  91]]

SVM linear
Classification_report:
             precision    recall  f1-score   support
          B       0.69      0.93      0.79       179
          C       0.20      0.05      0.08        20
          G       0.00      0.00      0.00        36
          M       0.46      0.27      0.34        59
          O       0.00      0.00      0.00         1
          P       0.69      0.40      0.50        68
          R       0.51      0.73      0.60       102

avg / total       0.55      0.61      0.56       465

[[166   1   0   1   0   5   6]
 [  0   1   0   1   0   0  18]
 [ 34   0   0   0   0   2   0]
 [  4   0   0  16   0   1  38]
 [  1   0   0   0   0   0   0]
 [ 28   1   1   3   0  27   8]
 [  8   2   0  14   0   4  74]]

KNN
Classification_report:
             precision    recall  f1-score   support
          B       0.75      0.85      0.80       179
          C       0.17      0.15      0.16        20
          G       0.61      0.53      0.57        36
          M       0.33      0.31      0.32        59
          O       0.00      0.00      0.00         1
          P       0.72      0.60      0.66        68
          R       0.50      0.49      0.49       102

avg / total       0.60      0.61      0.60       465

[[152   1  10   4   0   6   6]
 [  1   3   0   1   0   0  15]
 [ 15   0  19   0   0   2   0]
 [  8   2   0  18   0   5  26]
 [  0   0   0   0   0   1   0]
 [ 15   0   0   8   0  41   4]
 [ 12  12   2  24   0   2  50]]

NB
Classification_report:
             precision    recall  f1-score   support
          B       0.58      0.60      0.59       179
          C       0.22      0.50      0.31        20
          G       0.26      0.50      0.34        36
          M       0.40      0.36      0.38        59
          O       0.00      0.00      0.00         1
          P       0.37      0.57      0.45        68
          R       0.22      0.02      0.04       102

avg / total       0.41      0.42      0.39       465

[[107   0  45   1   0  23   3]
 [  0  10   0   1   0   8   1]
 [ 18   0  18   0   0   0   0]
 [ 18   8   0  21   0   9   3]
 [  1   0   0   0   0   0   0]
 [ 19   3   4   3   0  39   0]
 [ 21  24   3  26   0  26   2]]

DT
Classification_report:
             precision    recall  f1-score   support
          B       0.73      0.68      0.70       179
          C       0.06      0.05      0.05        20
          G       0.47      0.53      0.50        36
          M       0.33      0.34      0.33        59
          O       0.00      0.00      0.00         1
          P       0.54      0.57      0.56        68
          R       0.43      0.45      0.44       102

avg / total       0.53      0.53      0.53       465

[[122   0  21  10   0  17   9]
 [  1   1   0   4   0   0  14]
 [ 17   0  19   0   0   0   0]
 [  4   3   0  20   0   5  27]
 [  0   0   0   0   0   1   0]
 [ 14   2   0   3   0  39  10]
 [ 10  12   0  24   0  10  46]]

CRF
Classification_report:
             precision    recall  f1-score   support
          B       0.84      0.93      0.88       179
          C       0.31      0.20      0.24        20
          G       0.79      0.53      0.63        36
          M       0.45      0.41      0.43        59
          O       0.00      0.00      0.00         1
          P       0.81      0.74      0.77        68
          R       0.54      0.61      0.57       102

avg / total       0.69      0.70      0.69       465


CRF 2.0
Classification_report:
             precision    recall  f1-score   support
          B       1.00      1.00      1.00       179
          C       0.47      0.45      0.46        20
          G       1.00      1.00      1.00        36
          M       0.93      0.92      0.92        59
          O       0.00      0.00      0.00         1
          P       0.95      0.91      0.93        68
          R       0.82      0.87      0.85       102

avg / total       0.92      0.92      0.92       465


SVM RBF
Classification_report:
             precision    recall  f1-score   support
          B       0.71      0.78      0.74       256
          C       0.00      0.00      0.00        40
          G       0.00      0.00      0.00        72
          M       0.00      0.00      0.00       104
          O       0.00      0.00      0.00         7
          P       0.47      0.56      0.51       133
          R       0.47      0.83      0.60       219

avg / total       0.42      0.55      0.47       831

[[199   0   0   1   0  21  35]
 [  4   0   0   0   0   1  35]
 [ 24   0   0   2   0  33  13]
 [ 12   0   0   0   0   8  84]
 [  0   0   0   0   0   3   4]
 [ 22   0   0   0   0  74  37]
 [ 20   0   0   1   0  16 182]]

SVM linear
Classification_report:
             precision    recall  f1-score   support
          B       0.58      0.80      0.67       256
          C       0.00      0.00      0.00        40
          G       0.50      0.03      0.05        72
          M       0.14      0.01      0.02       104
          O       0.00      0.00      0.00         7
          P       0.46      0.40      0.43       133
          R       0.48      0.77      0.59       219

avg / total       0.44      0.52      0.44       831

[[204   0   1   1   0  15  35]
 [  3   0   0   0   0   3  34]
 [ 54   0   2   0   0   7   9]
 [ 12   0   0   1   0  17  74]
 [  0   0   0   1   0   4   2]
 [ 49   1   0   1   0  53  29]
 [ 30   1   1   3   0  16 168]]

KNN
Classification_report:
             precision    recall  f1-score   support
          B       0.58      0.70      0.64       256
          C       0.23      0.23      0.23        40
          G       0.43      0.49      0.46        72
          M       0.26      0.20      0.23       104
          O       0.00      0.00      0.00         7
          P       0.58      0.49      0.53       133
          R       0.49      0.46      0.47       219

avg / total       0.48      0.49      0.48       831

[[180   0  25  10   0  16  25]
 [  7   9   0   5   0   2  17]
 [ 24   0  35   4   0   4   5]
 [ 24   5   7  21   0  10  37]
 [  1   0   1   0   0   2   3]
 [ 28   5   5  10   0  65  20]
 [ 45  20   8  32   0  13 101]]

NB
Classification_report:
             precision    recall  f1-score   support
          B       0.73      0.20      0.31       256
          C       0.14      0.57      0.22        40
          G       0.27      0.28      0.27        72
          M       0.23      0.21      0.22       104
          O       0.00      0.00      0.00         7
          P       0.26      0.76      0.38       133
          R       0.35      0.04      0.07       219

avg / total       0.42      0.27      0.24       831

[[ 51  33  38  25   2 105   2]
 [  1  23   1   0   0  15   0]
 [  8  10  20   5   0  28   1]
 [  2  18   4  22   0  48  10]
 [  0   2   0   0   0   5   0]
 [  3  14   4   6   3 101   2]
 [  5  69   8  37   2  90   8]]

DT
Classification_report:
             precision    recall  f1-score   support
          B       0.62      0.58      0.60       256
          C       0.10      0.12      0.11        40
          G       0.24      0.25      0.25        72
          M       0.19      0.20      0.20       104
          O       0.00      0.00      0.00         7
          P       0.45      0.49      0.47       133
          R       0.42      0.40      0.41       219

avg / total       0.42      0.41      0.42       831

[[148   7  29  19   0  25  28]
 [  5   5   0   5   0   8  17]
 [ 31   4  18   7   0   5   7]
 [  9   8   9  21   3  13  41]
 [  0   0   1   1   0   2   3]
 [ 17   5   9  10   1  65  26]
 [ 28  19   8  45   5  27  87]]

CRF
Classification_report:
             precision    recall  f1-score   support
          B       0.77      0.81      0.79       256
          C       0.70      0.35      0.47        40
          G       0.62      0.46      0.53        72
          M       0.37      0.28      0.32       104
          O       0.00      0.00      0.00         7
          P       0.72      0.59      0.65       133
          R       0.54      0.72      0.62       219

avg / total       0.63      0.63      0.62       831

CRF 2.0
Classification_report:
             precision    recall  f1-score   support
          B       0.92      0.86      0.89       256
          C       0.54      0.38      0.44        40
          G       0.77      0.74      0.75        72
          M       0.63      0.70      0.66       104
          O       0.00      0.00      0.00         7
          P       0.80      0.75      0.78       133
          R       0.69      0.78      0.73       219

avg / total       0.76      0.76      0.76       831
