SVM RBF
Classification_report:
             precision    recall  f1-score   support

          B       0.23      0.19      0.21        77
          C       0.00      0.00      0.00        20
          G       0.00      0.00      0.00        36
          M       0.00      0.00      0.00        45
          O       0.00      0.00      0.00         6
          P       0.00      0.00      0.00        65
          R       0.33      0.85      0.48       117

avg / total       0.15      0.31      0.20       366

[[ 15   0   0   0   0   0  62]
 [  3   0   0   0   0   0  17]
 [  5   0   0   0   0   0  31]
 [ 11   0   0   0   0   0  34]
 [  1   0   0   0   0   0   5]
 [ 14   0   0   0   0   0  51]
 [ 17   0   0   0   0   0 100]]

SVM linear
Classification_report:
             precision    recall  f1-score   support

          B       0.44      0.49      0.47        77
          C       0.00      0.00      0.00        20
          G       0.47      0.22      0.30        36
          M       0.25      0.07      0.11        45
          O       0.00      0.00      0.00         6
          P       0.49      0.52      0.51        65
          R       0.45      0.70      0.55       117

avg / total       0.40      0.45      0.41       366

[[38  0  4  1  0  9 25]
 [ 4  0  0  0  0  1 15]
 [14  0  8  0  0  4 10]
 [ 4  0  0  3  0  8 30]
 [ 0  0  0  0  0  4  2]
 [10  0  2  2  0 34 17]
 [16  1  3  6  0  9 82]]

KNN
Classification_report:
             precision    recall  f1-score   support

          B       0.36      0.58      0.45        77
          C       0.12      0.15      0.13        20
          G       0.33      0.39      0.36        36
          M       0.20      0.18      0.19        45
          O       0.00      0.00      0.00         6
          P       0.46      0.37      0.41        65
          R       0.42      0.29      0.35       117

avg / total       0.36      0.35      0.34       366

[[45  4  7  3  0  5 13]
 [ 5  3  1  1  0  6  4]
 [12  2 14  2  0  1  5]
 [12  2  6  8  0  2 15]
 [ 1  0  3  1  0  0  1]
 [11  8  3 10  1 24  8]
 [39  7  8 15  0 14 34]]

NB
Classification_report:
             precision    recall  f1-score   support

          B       0.62      0.27      0.38        77
          C       0.17      0.15      0.16        20
          G       0.33      0.44      0.38        36
          M       0.27      0.27      0.27        45
          O       0.00      0.00      0.00         6
          P       0.45      0.62      0.52        65
          R       0.47      0.53      0.50       117

avg / total       0.43      0.42      0.41       366

[[21  2 14  7  0 10 23]
 [ 0  3  4  0  0  5  8]
 [ 4  3 16  0  0  4  9]
 [ 1  0  3 12  0 12 17]
 [ 0  1  0  0  0  2  3]
 [ 2  3  3  7  0 40 10]
 [ 6  6  9 18  0 16 62]]

DT
Classification_report:
             precision    recall  f1-score   support

          B       0.25      0.25      0.25        77
          C       0.03      0.05      0.04        20
          G       0.09      0.08      0.09        36
          M       0.15      0.18      0.16        45
          O       0.25      0.33      0.29         6
          P       0.27      0.23      0.25        65
          R       0.34      0.32      0.33       117

avg / total       0.24      0.23      0.24       366

[[19  7  9  7  1 10 24]
 [ 5  1  1  5  1  3  4]
 [ 8  4  3  6  0  4 11]
 [ 6  3  6  8  2  5 15]
 [ 1  0  1  1  2  1  0]
 [14  5  6  7  1 15 17]
 [23 10  8 21  1 17 37]]

CRF
Classification_report:
             precision    recall  f1-score   support

          B       0.54      0.48      0.51        77
          C       0.30      0.35      0.33        20
          G       0.30      0.22      0.25        36
          M       0.17      0.11      0.13        45
          O       0.00      0.00      0.00         6
          P       0.56      0.48      0.52        65
          R       0.51      0.69      0.59       117

avg / total       0.44      0.46      0.45       366

CRF 2.0
Classification_report:
             precision    recall  f1-score   support

          B       0.73      0.66      0.69        77
          C       0.36      0.25      0.29        20
          G       0.57      0.47      0.52        36
          M       0.36      0.31      0.33        45
          O       0.00      0.00      0.00         6
          P       0.64      0.57      0.60        65
          R       0.53      0.68      0.60       117

avg / total       0.56      0.56      0.55       366


SVM RBF
Classification_report:
             precision    recall  f1-score   support

          B       0.56      0.96      0.71       179
          C       0.00      0.00      0.00        20
          G       0.00      0.00      0.00        36
          M       0.00      0.00      0.00        59
          O       0.00      0.00      0.00         1
          P       0.00      0.00      0.00        68
          R       0.53      0.81      0.64       102

avg / total       0.33      0.55      0.41       465

[[172   0   0   0   0   0   7]
 [  0   0   0   0   0   0  20]
 [ 36   0   0   0   0   0   0]
 [ 18   0   0   0   0   0  41]
 [  1   0   0   0   0   0   0]
 [ 61   0   0   0   0   0   7]
 [ 19   0   0   0   0   0  83]]

SVM linear
Classification_report:
             precision    recall  f1-score   support

          B       0.74      0.92      0.82       179
          C       0.43      0.15      0.22        20
          G       0.57      0.22      0.32        36
          M       0.51      0.36      0.42        59
          O       0.00      0.00      0.00         1
          P       0.81      0.50      0.62        68
          R       0.54      0.73      0.62       102

avg / total       0.65      0.66      0.63       465

[[165   1   6   0   0   1   6]
 [  0   3   0   1   0   1  15]
 [ 28   0   8   0   0   0   0]
 [  4   0   0  21   0   2  32]
 [  0   0   0   0   0   1   0]
 [ 20   1   0   2   0  34  11]
 [  6   2   0  17   0   3  74]]

KNN
Classification_report:
             precision    recall  f1-score   support

          B       0.77      0.84      0.80       179
          C       0.13      0.15      0.14        20
          G       0.54      0.53      0.54        36
          M       0.38      0.39      0.38        59
          O       0.00      0.00      0.00         1
          P       0.72      0.60      0.66        68
          R       0.49      0.44      0.46       102

avg / total       0.60      0.61      0.60       465

[[151   1  13   4   0   5   5]
 [  1   3   0   1   0   1  14]
 [ 15   0  19   0   0   2   0]
 [  5   3   0  23   0   4  24]
 [  0   0   0   0   0   1   0]
 [ 13   0   1   9   0  41   4]
 [ 12  16   2  24   0   3  45]]

NB
Classification_report:
             precision    recall  f1-score   support

          B       0.56      0.63      0.60       179
          C       0.10      0.05      0.07        20
          G       0.24      0.42      0.30        36
          M       0.43      0.37      0.40        59
          O       0.00      0.00      0.00         1
          P       0.46      0.53      0.49        68
          R       0.48      0.29      0.37       102

avg / total       0.47      0.47      0.46       465

[[113   1  37   5   0  16   7]
 [  5   1   0   3   0   5   6]
 [ 20   0  15   0   0   0   1]
 [ 18   1   0  22   0   6  12]
 [  1   0   0   0   0   0   0]
 [ 17   1   6   2   0  36   6]
 [ 26   6   5  19   0  16  30]]

DT
Classification_report:
             precision    recall  f1-score   support

          B       0.69      0.70      0.70       179
          C       0.27      0.20      0.23        20
          G       0.51      0.50      0.51        36
          M       0.28      0.29      0.28        59
          O       0.00      0.00      0.00         1
          P       0.58      0.54      0.56        68
          R       0.41      0.44      0.43       102

avg / total       0.53      0.53      0.53       465

[[125   0  17   6   0  17  14]
 [  2   4   0   4   0   0  10]
 [ 18   0  18   0   0   0   0]
 [  6   5   0  17   0   2  29]
 [  0   0   0   0   0   1   0]
 [ 15   0   0   4   1  37  11]
 [ 14   6   0  30   0   7  45]]

CRF
Classification_report:
             precision    recall  f1-score   support

          B       0.84      0.94      0.88       179
          C       0.29      0.20      0.24        20
          G       0.74      0.56      0.63        36
          M       0.52      0.42      0.47        59
          O       0.00      0.00      0.00         1
          P       0.81      0.71      0.76        68
          R       0.55      0.63      0.59       102

avg / total       0.70      0.71      0.70       465

CRF 2.0
Classification_report:
             precision    recall  f1-score   support

          B       0.99      1.00      1.00       179
          C       0.47      0.35      0.40        20
          G       1.00      1.00      1.00        36
          M       0.95      0.92      0.93        59
          O       0.00      0.00      0.00         1
          P       0.94      0.93      0.93        68
          R       0.83      0.89      0.86       102

avg / total       0.92      0.92      0.92       465


SVM RBF
Classification_report:
             precision    recall  f1-score   support

          B       0.48      0.87      0.62       256
          C       0.00      0.00      0.00        40
          G       0.00      0.00      0.00        72
          M       0.00      0.00      0.00       104
          O       0.00      0.00      0.00         7
          P       0.00      0.00      0.00       133
          R       0.48      0.79      0.60       219

avg / total       0.27      0.48      0.35       831

[[223   0   0   0   0   0  33]
 [  5   0   0   0   0   0  35]
 [ 60   0   0   0   0   0  12]
 [ 28   0   0   0   0   0  76]
 [  5   0   0   0   0   0   2]
 [100   0   0   0   0   0  33]
 [ 45   0   0   0   0   0 174]]

SVM linear
Classification_report:
             precision    recall  f1-score   support

          B       0.58      0.74      0.65       256
          C       0.14      0.03      0.04        40
          G       0.42      0.21      0.28        72
          M       0.26      0.10      0.14       104
          O       0.00      0.00      0.00         7
          P       0.65      0.51      0.57       133
          R       0.49      0.71      0.58       219

avg / total       0.49      0.53      0.49       831

[[190   1  18   7   0   9  31]
 [  4   1   0   2   0   2  31]
 [ 45   0  15   0   0   3   9]
 [ 22   0   1  10   0   9  62]
 [  1   1   0   0   0   3   2]
 [ 33   1   0   4   0  68  27]
 [ 32   3   2  16   0  11 155]]

KNN
Classification_report:
             precision    recall  f1-score   support

          B       0.55      0.71      0.62       256
          C       0.20      0.23      0.21        40
          G       0.38      0.50      0.43        72
          M       0.22      0.18      0.20       104
          O       0.00      0.00      0.00         7
          P       0.62      0.47      0.53       133
          R       0.45      0.36      0.40       219

avg / total       0.46      0.46      0.45       831

[[181   1  31   9   0  11  23]
 [  6   9   0   6   0   3  16]
 [ 22   0  36   4   0   4   6]
 [ 31   4  10  19   0   6  34]
 [  2   0   2   0   0   1   2]
 [ 29   7   7  10   2  62  16]
 [ 56  24  10  37   1  13  78]]

NB
Classification_report:
             precision    recall  f1-score   support

          B       0.55      0.37      0.44       256
          C       0.14      0.35      0.20        40
          G       0.23      0.49      0.31        72
          M       0.24      0.23      0.24       104
          O       0.00      0.00      0.00         7
          P       0.46      0.62      0.53       133
          R       0.50      0.28      0.36       219

avg / total       0.43      0.38      0.38       831

[[95 19 71 24  0 29 18]
 [ 4 14  7  3  0  9  3]
 [19  6 35  3  0  4  5]
 [15  9  8 24  0 21 27]
 [ 0  2  0  0  0  3  2]
 [14 13 11  6  0 83  6]
 [27 35 23 40  0 32 62]]

DT
Classification_report:
             precision    recall  f1-score   support

          B       0.59      0.55      0.57       256
          C       0.11      0.15      0.12        40
          G       0.27      0.28      0.27        72
          M       0.19      0.19      0.19       104
          O       0.00      0.00      0.00         7
          P       0.47      0.48      0.47       133
          R       0.41      0.40      0.40       219

avg / total       0.42      0.41      0.41       831

[[142   6  30  18   0  28  32]
 [  5   6   2   6   2   3  16]
 [ 22   5  20   3   1  10  11]
 [ 17  16   5  20   1   7  38]
 [  0   2   1   1   0   2   1]
 [ 23   7   2  11   0  64  26]
 [ 33  15  14  46   1  23  87]]

CRF
Classification_report:
             precision    recall  f1-score   support

          B       0.76      0.80      0.78       256
          C       0.63      0.30      0.41        40
          G       0.60      0.44      0.51        72
          M       0.43      0.29      0.35       104
          O       0.00      0.00      0.00         7
          P       0.71      0.59      0.65       133
          R       0.52      0.74      0.61       219

avg / total       0.62      0.62      0.61       831

CRF 2.0
Classification_report:
             precision    recall  f1-score   support

          B       0.93      0.87      0.90       256
          C       0.63      0.47      0.54        40
          G       0.81      0.72      0.76        72
          M       0.66      0.68      0.67       104
          O       0.00      0.00      0.00         7
          P       0.82      0.76      0.79       133
          R       0.68      0.81      0.74       219

avg / total       0.78      0.77      0.77       831
