Reading  corpus/output366.json
SVM RBF
Classification_report:
             precision    recall  f1-score   support

          B       0.40      0.49      0.44        77
          C       0.71      0.25      0.37        20
          G       0.45      0.25      0.32        36
          M       0.26      0.22      0.24        45
          O       0.00      0.00      0.00         6
          P       0.63      0.66      0.65        65
          R       0.46      0.55      0.50       117

avg / total       0.46      0.46      0.45       366

[[38  0  6  3  0  6 24]
 [ 6  5  1  0  0  2  6]
 [12  2  9  3  0  1  9]
 [ 9  0  0 10  0  2 24]
 [ 0  0  0  0  0  5  1]
 [ 6  0  2  3  0 43 11]
 [23  0  2 19  0  9 64]]

SVM linear
Classification_report:
             precision    recall  f1-score   support

          B       0.41      0.53      0.47        77
          C       0.60      0.30      0.40        20
          G       0.52      0.39      0.44        36
          M       0.23      0.22      0.23        45
          O       0.00      0.00      0.00         6
          P       0.66      0.65      0.65        65
          R       0.47      0.49      0.48       117

avg / total       0.47      0.46      0.46       366

[[41  0  7  6  0  4 19]
 [ 6  6  1  0  0  2  5]
 [11  0 14  3  0  1  7]
 [ 8  0  1 10  0  2 24]
 [ 0  0  0  0  0  5  1]
 [ 6  2  2  4  0 42  9]
 [27  2  2 20  1  8 57]]

Reading  corpus/output466.json
SVM RBF
Classification_report:
             precision    recall  f1-score   support

          B       0.53      0.63      0.57       179
          C       0.00      0.00      0.00        20
          G       0.23      0.17      0.19        36
          M       0.29      0.27      0.28        59
          O       0.00      0.00      0.00         1
          P       0.47      0.47      0.47        68
          R       0.35      0.33      0.34       102

avg / total       0.40      0.43      0.42       465

[[112   3  15  13   0  10  26]
 [  8   0   1   3   0   4   4]
 [ 27   0   6   0   0   0   3]
 [ 17   1   0  16   0   7  18]
 [  0   0   0   0   0   1   0]
 [ 16   1   1   6   0  32  12]
 [ 31   2   3  18   0  14  34]]

SVM linear
Classification_report:
             precision    recall  f1-score   support

          B       0.52      0.59      0.56       179
          C       0.00      0.00      0.00        20
          G       0.23      0.19      0.21        36
          M       0.27      0.29      0.28        59
          O       0.00      0.00      0.00         1
          P       0.52      0.49      0.50        68
          R       0.34      0.31      0.32       102

avg / total       0.40      0.42      0.41       465

[[106   4  18  17   0  10  24]
 [  8   0   1   3   0   3   5]
 [ 26   0   7   0   0   0   3]
 [ 17   1   1  17   0   6  17]
 [  0   0   0   0   0   1   0]
 [ 14   1   1   5   0  33  14]
 [ 31   5   3  20   0  11  32]]

Reading  corpus/output832.json
SVM RBF
Classification_report:
             precision    recall  f1-score   support

          B       0.49      0.61      0.55       256
          C       0.20      0.07      0.11        40
          G       0.41      0.28      0.33        72
          M       0.36      0.29      0.32       104
          O       0.00      0.00      0.00         7
          P       0.67      0.63      0.65       133
          R       0.43      0.47      0.45       219

avg / total       0.46      0.48      0.46       831

[[157   7  25  17   0   7  43]
 [ 16   3   1   3   0   4  13]
 [ 43   1  20   0   0   1   7]
 [ 18   1   0  30   0   7  48]
 [  0   1   0   0   0   3   3]
 [ 21   1   0   5   0  84  22]
 [ 63   1   3  29   1  20 102]]

SVM linear
Classification_report:
             precision    recall  f1-score   support

          B       0.49      0.58      0.53       256
          C       0.14      0.10      0.12        40
          G       0.39      0.36      0.38        72
          M       0.38      0.37      0.37       104
          O       0.00      0.00      0.00         7
          P       0.66      0.62      0.64       133
          R       0.45      0.43      0.44       219

avg / total       0.47      0.47      0.47       831

[[148   9  31  20   0   7  41]
 [ 20   4   1   2   0   3  10]
 [ 35   2  26   0   0   1   8]
 [ 22   0   2  38   0   7  35]
 [  0   1   0   0   0   3   3]
 [ 19   4   2   6   0  83  19]
 [ 55   8   4  35   1  21  95]]
