Reading  corpus/output366.json
SVM RBF
Classification_report:
             precision    recall  f1-score   support

          B       0.40      0.47      0.43        77
          C       0.67      0.20      0.31        20
          G       0.44      0.22      0.30        36
          M       0.30      0.24      0.27        45
          O       0.00      0.00      0.00         6
          P       0.67      0.66      0.67        65
          R       0.47      0.61      0.53       117

avg / total       0.47      0.47      0.46       366

[[36  0  6  3  0  6 26]
 [ 7  4  0  0  0  2  7]
 [15  1  8  2  0  0 10]
 [ 5  1  1 11  0  2 25]
 [ 0  0  0  0  0  5  1]
 [ 5  0  2  5  0 43 10]
 [23  0  1 16  0  6 71]]

SVM linear
Classification_report:
             precision    recall  f1-score   support

          B       0.38      0.47      0.42        77
          C       0.56      0.25      0.34        20
          G       0.45      0.28      0.34        36
          M       0.27      0.27      0.27        45
          O       0.00      0.00      0.00         6
          P       0.66      0.62      0.63        65
          R       0.48      0.56      0.51       117

avg / total       0.46      0.46      0.45       366

[[36  1  8  5  0  5 22]
 [ 7  5  0  0  0  2  6]
 [14  0 10  3  0  0  9]
 [ 6  1  1 12  0  3 22]
 [ 0  0  0  0  0  5  1]
 [ 7  1  2  4  0 40 11]
 [24  1  1 20  0  6 65]]

Reading  corpus/output466.json
SVM RBF
Classification_report:
             precision    recall  f1-score   support

          B       0.54      0.69      0.61       179
          C       0.00      0.00      0.00        20
          G       0.28      0.14      0.19        36
          M       0.30      0.25      0.28        59
          O       0.00      0.00      0.00         1
          P       0.55      0.53      0.54        68
          R       0.35      0.34      0.35       102

avg / total       0.43      0.46      0.44       465

[[124   2  12  10   0   6  25]
 [  9   0   0   2   0   5   4]
 [ 28   0   5   0   0   0   3]
 [ 16   0   0  15   0   7  21]
 [  0   0   0   0   0   0   1]
 [ 16   1   0   5   0  36  10]
 [ 35   2   1  18   0  11  35]]

SVM linear
Classification_report:
             precision    recall  f1-score   support

          B       0.54      0.65      0.59       179
          C       0.00      0.00      0.00        20
          G       0.21      0.14      0.17        36
          M       0.31      0.25      0.28        59
          O       0.00      0.00      0.00         1
          P       0.49      0.53      0.51        68
          R       0.36      0.34      0.35       102

avg / total       0.41      0.45      0.43       465

[[116   3  17  11   0  10  22]
 [  8   0   0   1   0   6   5]
 [ 29   0   5   0   0   0   2]
 [ 15   1   0  15   0   7  21]
 [  0   0   0   0   0   1   0]
 [ 14   1   1   5   0  36  11]
 [ 33   3   1  17   0  13  35]]

Reading  corpus/output832.json
SVM RBF
Classification_report:
             precision    recall  f1-score   support

          B       0.50      0.63      0.56       256
          C       0.14      0.05      0.07        40
          G       0.43      0.25      0.32        72
          M       0.34      0.26      0.29       104
          O       0.00      0.00      0.00         7
          P       0.69      0.68      0.69       133
          R       0.47      0.51      0.49       219

avg / total       0.48      0.50      0.48       831

[[162   3  20  19   0   9  43]
 [ 17   2   0   1   0   5  15]
 [ 43   1  18   0   0   1   9]
 [ 27   0   1  27   0   6  43]
 [  0   1   0   0   0   3   3]
 [ 22   0   0   7   0  91  13]
 [ 54   7   3  26   1  16 112]]

SVM linear
Classification_report:
             precision    recall  f1-score   support

          B       0.47      0.61      0.53       256
          C       0.17      0.10      0.12        40
          G       0.39      0.28      0.33        72
          M       0.38      0.30      0.33       104
          O       0.00      0.00      0.00         7
          P       0.66      0.60      0.63       133
          R       0.45      0.46      0.45       219

avg / total       0.46      0.47      0.46       831

[[157   5  24  15   0  11  44]
 [ 16   4   1   1   0   5  13]
 [ 40   2  20   0   0   1   9]
 [ 28   1   1  31   0   7  36]
 [  0   1   0   0   0   3   3]
 [ 27   3   1   6   0  80  16]
 [ 63   8   4  29   1  14 100]]
