Reading  corpus/output366.json
SVM RBF
Classification_report:
             precision    recall  f1-score   support

          B       0.34      0.38      0.36        77
          C       0.50      0.20      0.29        20
          G       0.41      0.19      0.26        36
          M       0.27      0.24      0.26        45
          O       0.00      0.00      0.00         6
          P       0.68      0.72      0.70        65
          R       0.45      0.56      0.50       117

avg / total       0.44      0.45      0.43       366

[[29  2  6  6  0  4 30]
 [ 5  4  0  1  0  2  8]
 [18  2  7  1  0  0  8]
 [ 8  0  0 11  0  2 24]
 [ 0  0  0  0  0  5  1]
 [ 4  0  2  3  0 47  9]
 [22  0  2 19  0  9 65]]

SVM linear
Classification_report:
             precision    recall  f1-score   support

          B       0.38      0.45      0.41        77
          C       0.33      0.20      0.25        20
          G       0.55      0.33      0.41        36
          M       0.25      0.27      0.26        45
          O       0.50      0.17      0.25         6
          P       0.68      0.63      0.66        65
          R       0.43      0.48      0.46       117

avg / total       0.45      0.44      0.44       366

[[35  1  6  6  0  3 26]
 [ 4  4  0  1  0  3  8]
 [16  2 12  1  0  0  5]
 [ 9  0  0 12  0  2 22]
 [ 0  0  0  0  1  3  2]
 [ 5  3  2  4  0 41 10]
 [24  2  2 24  1  8 56]]

Reading  corpus/output466.json
SVM RBF
Classification_report:
             precision    recall  f1-score   support

          B       0.53      0.68      0.59       179
          C       0.00      0.00      0.00        20
          G       0.26      0.14      0.18        36
          M       0.28      0.27      0.27        59
          O       0.00      0.00      0.00         1
          P       0.55      0.51      0.53        68
          R       0.34      0.29      0.31       102

avg / total       0.41      0.45      0.42       465

[[121   3  11  13   0  10  21]
 [  8   0   2   2   0   4   4]
 [ 28   0   5   0   0   0   3]
 [ 19   1   0  16   0   4  19]
 [  0   0   0   0   0   0   1]
 [ 16   0   0   6   0  35  11]
 [ 36   3   1  21   0  11  30]]

SVM linear
Classification_report:
             precision    recall  f1-score   support

          B       0.55      0.63      0.58       179
          C       0.00      0.00      0.00        20
          G       0.24      0.19      0.22        36
          M       0.27      0.29      0.28        59
          O       0.00      0.00      0.00         1
          P       0.54      0.54      0.54        68
          R       0.40      0.35      0.37       102

avg / total       0.43      0.45      0.44       465

[[112   4  16  17   0  12  18]
 [  9   0   2   2   0   3   4]
 [ 27   0   7   0   0   0   2]
 [ 17   1   0  17   0   5  19]
 [  0   0   0   0   0   1   0]
 [ 12   0   3   4   0  37  12]
 [ 27   4   1  23   0  11  36]]

Reading  corpus/output832.json
SVM RBF
Classification_report:
             precision    recall  f1-score   support

          B       0.51      0.62      0.56       256
          C       0.21      0.07      0.11        40
          G       0.40      0.28      0.33        72
          M       0.34      0.29      0.31       104
          O       0.00      0.00      0.00         7
          P       0.68      0.62      0.65       133
          R       0.44      0.50      0.47       219

avg / total       0.47      0.48      0.47       831

[[158   5  26  17   0   6  44]
 [ 14   3   0   3   0   5  15]
 [ 43   0  20   0   0   2   7]
 [ 20   0   1  30   0   5  48]
 [  0   0   0   0   0   4   3]
 [ 23   0   1   6   0  83  20]
 [ 52   6   2  32   1  17 109]]

SVM linear
Classification_report:
             precision    recall  f1-score   support

          B       0.49      0.59      0.53       256
          C       0.19      0.12      0.15        40
          G       0.41      0.31      0.35        72
          M       0.36      0.37      0.36       104
          O       0.25      0.14      0.18         7
          P       0.68      0.63      0.65       133
          R       0.45      0.43      0.44       219

avg / total       0.47      0.47      0.47       831

[[150   7  26  20   0  10  43]
 [ 15   5   1   2   1   4  12]
 [ 44   0  22   0   0   2   4]
 [ 23   1   1  38   0   4  37]
 [  0   1   0   0   1   3   2]
 [ 23   2   1   7   0  84  16]
 [ 54  10   3  39   2  17  94]]
