Reading  corpus/output366.json
SVM RBF
Classification_report:
             precision    recall  f1-score   support

          B       0.33      0.39      0.36        77
          C       0.19      0.25      0.22        20
          G       0.24      0.25      0.25        36
          M       0.15      0.16      0.15        45
          O       1.00      0.33      0.50         6
          P       0.45      0.38      0.41        65
          R       0.42      0.38      0.40       117

avg / total       0.35      0.34      0.34       366

[[30  7 12  5  0  6 17]
 [ 5  5  1  1  0  4  4]
 [12  1  9  3  0  3  8]
 [10  1  2  7  0  8 17]
 [ 0  0  0  1  2  1  2]
 [10  5  3  9  0 25 13]
 [24  7 10 22  0  9 45]]

SVM linear
Classification_report:
             precision    recall  f1-score   support

          B       0.34      0.40      0.37        77
          C       0.16      0.25      0.20        20
          G       0.26      0.28      0.27        36
          M       0.16      0.20      0.18        45
          O       1.00      0.33      0.50         6
          P       0.38      0.35      0.37        65
          R       0.45      0.32      0.38       117

avg / total       0.35      0.32      0.33       366

[[31  8 14  6  0  6 12]
 [ 4  5  2  2  0  3  4]
 [14  4 10  1  0  4  3]
 [10  1  2  9  0  8 15]
 [ 0  0  0  1  2  1  2]
 [11  5  3 12  0 23 11]
 [22  8  8 26  0 15 38]]

Reading  corpus/output466.json
SVM RBF
Classification_report:
             precision    recall  f1-score   support

          B       0.47      0.56      0.51       179
          C       0.13      0.10      0.11        20
          G       0.15      0.14      0.14        36
          M       0.19      0.19      0.19        59
          O       0.00      0.00      0.00         1
          P       0.43      0.43      0.43        68
          R       0.24      0.18      0.20       102

avg / total       0.34      0.36      0.34       465

[[101   3  22  21   0  10  22]
 [  6   2   1   2   0   5   4]
 [ 25   0   5   1   0   1   4]
 [ 19   1   1  11   0   6  21]
 [  0   0   0   0   0   1   0]
 [ 20   4   1   8   0  29   6]
 [ 45   5   3  16   0  15  18]]

SVM linear
Classification_report:
             precision    recall  f1-score   support

          B       0.49      0.55      0.52       179
          C       0.09      0.10      0.09        20
          G       0.22      0.22      0.22        36
          M       0.20      0.19      0.19        59
          O       0.00      0.00      0.00         1
          P       0.42      0.38      0.40        68
          R       0.31      0.25      0.28       102

avg / total       0.36      0.37      0.36       465

[[99  7 19 20  0 11 23]
 [ 5  2  1  2  0  5  5]
 [19  1  8  1  0  2  5]
 [18  2  1 11  0  8 19]
 [ 0  0  0  0  0  1  0]
 [24  4  2  7  0 26  5]
 [39  7  6 15  0  9 26]]

Reading  corpus/output832.json
SVM RBF
Classification_report:
             precision    recall  f1-score   support

          B       0.39      0.46      0.43       256
          C       0.14      0.15      0.15        40
          G       0.30      0.33      0.32        72
          M       0.21      0.20      0.21       104
          O       0.40      0.29      0.33         7
          P       0.50      0.44      0.47       133
          R       0.37      0.32      0.34       219

avg / total       0.36      0.36      0.36       831

[[119  15  38  21   1  16  46]
 [ 10   6   4   1   0   6  13]
 [ 38   0  24   1   0   2   7]
 [ 33   2   3  21   1  12  32]
 [  0   0   0   0   2   2   3]
 [ 27   8   4  18   0  58  18]
 [ 76  11   6  36   1  20  69]]

SVM linear
Classification_report:
             precision    recall  f1-score   support

          B       0.43      0.50      0.46       256
          C       0.14      0.15      0.15        40
          G       0.28      0.28      0.28        72
          M       0.26      0.28      0.27       104
          O       0.40      0.29      0.33         7
          P       0.47      0.45      0.46       133
          R       0.40      0.32      0.35       219

avg / total       0.38      0.38      0.38       831

[[129  15  36  17   1  19  39]
 [ 15   6   1   1   0   6  11]
 [ 37   3  20   3   0   3   6]
 [ 23   4   3  29   0  15  30]
 [  0   0   0   0   2   3   2]
 [ 32   5   3  19   0  60  14]
 [ 65   9   9  44   2  21  69]]
