Reading  corpus/output366.json
SVM RBF
Classification_report:
             precision    recall  f1-score   support

          B       1.00      0.05      0.10        77
          C       0.00      0.00      0.00        20
          G       0.00      0.00      0.00        36
          M       0.00      0.00      0.00        45
          O       0.00      0.00      0.00         6
          P       0.00      0.00      0.00        65
          R       0.32      1.00      0.49       117

avg / total       0.31      0.33      0.18       366

[[  4   0   0   0   0   0  73]
 [  0   0   0   0   0   0  20]
 [  0   0   0   0   0   0  36]
 [  0   0   0   0   0   0  45]
 [  0   0   0   0   0   0   6]
 [  0   0   0   0   0   0  65]
 [  0   0   0   0   0   0 117]]

SVM linear
Classification_report:
             precision    recall  f1-score   support

          B       0.35      0.44      0.39        77
          C       0.24      0.20      0.22        20
          G       0.37      0.28      0.32        36
          M       0.28      0.24      0.26        45
          O       1.00      0.33      0.50         6
          P       0.63      0.58      0.61        65
          R       0.47      0.50      0.48       117

avg / total       0.44      0.43      0.43       366

[[34  3  7  6  0  6 21]
 [ 8  4  0  1  0  1  6]
 [18  2 10  0  0  0  6]
 [ 8  1  2 11  0  2 21]
 [ 0  0  0  0  2  3  1]
 [ 7  3  5  2  0 38 10]
 [23  4  3 19  0 10 58]]

Reading  corpus/output466.json
SVM RBF
Classification_report:
             precision    recall  f1-score   support

          B       0.38      1.00      0.56       179
          C       0.00      0.00      0.00        20
          G       0.00      0.00      0.00        36
          M       0.00      0.00      0.00        59
          O       0.00      0.00      0.00         1
          P       0.00      0.00      0.00        68
          R       0.00      0.00      0.00       102

avg / total       0.15      0.38      0.21       465

[[179   0   0   0   0   0   0]
 [ 20   0   0   0   0   0   0]
 [ 36   0   0   0   0   0   0]
 [ 59   0   0   0   0   0   0]
 [  1   0   0   0   0   0   0]
 [ 68   0   0   0   0   0   0]
 [102   0   0   0   0   0   0]]

SVM linear
Classification_report:
             precision    recall  f1-score   support

          B       0.54      0.63      0.58       179
          C       0.08      0.05      0.06        20
          G       0.24      0.17      0.20        36
          M       0.22      0.22      0.22        59
          O       0.00      0.00      0.00         1
          P       0.49      0.53      0.51        68
          R       0.28      0.24      0.26       102

avg / total       0.39      0.42      0.40       465

[[113   4  13  16   0  13  20]
 [  8   1   1   1   0   5   4]
 [ 24   0   6   1   0   1   4]
 [ 15   1   0  13   0   9  21]
 [  0   0   0   0   0   0   1]
 [ 11   3   2   4   0  36  12]
 [ 37   4   3  24   0  10  24]]

Reading  corpus/output832.json
SVM RBF
Classification_report:
             precision    recall  f1-score   support

          B       0.31      1.00      0.47       256
          C       0.00      0.00      0.00        40
          G       0.00      0.00      0.00        72
          M       0.00      0.00      0.00       104
          O       0.00      0.00      0.00         7
          P       0.00      0.00      0.00       133
          R       0.67      0.01      0.02       219

avg / total       0.27      0.31      0.15       831

[[256   0   0   0   0   0   0]
 [ 40   0   0   0   0   0   0]
 [ 72   0   0   0   0   0   0]
 [103   0   0   0   0   0   1]
 [  7   0   0   0   0   0   0]
 [133   0   0   0   0   0   0]
 [217   0   0   0   0   0   2]]

SVM linear
Classification_report:
             precision    recall  f1-score   support

          B       0.52      0.64      0.57       256
          C       0.09      0.07      0.08        40
          G       0.38      0.32      0.35        72
          M       0.34      0.32      0.33       104
          O       0.50      0.29      0.36         7
          P       0.68      0.62      0.65       133
          R       0.44      0.41      0.42       219

avg / total       0.47      0.48      0.47       831

[[163   8  28  14   0   4  39]
 [ 16   3   3   2   0   6  10]
 [ 39   0  23   0   0   1   9]
 [ 22   1   0  33   0   8  40]
 [  0   0   0   0   2   3   2]
 [ 18   6   4   8   0  82  15]
 [ 55  14   3  39   2  16  90]]
