Reading  corpus/output366.json
SVM RBF
Classification_report:
             precision    recall  f1-score   support

          B       0.39      0.44      0.41        77
          C       0.14      0.15      0.14        20
          G       0.34      0.31      0.32        36
          M       0.20      0.18      0.19        45
          O       1.00      0.17      0.29         6
          P       0.52      0.43      0.47        65
          R       0.44      0.48      0.46       117

avg / total       0.39      0.39      0.38       366

[[34  7  7  5  0  6 18]
 [ 4  3  3  2  0  2  6]
 [11  4 11  1  0  1  8]
 [ 5  0  2  8  0  5 25]
 [ 0  0  0  0  1  2  3]
 [12  4  3  6  0 28 12]
 [22  4  6 19  0 10 56]]

SVM linear
Classification_report:
             precision    recall  f1-score   support

          B       0.43      0.55      0.48        77
          C       0.13      0.15      0.14        20
          G       0.38      0.36      0.37        36
          M       0.20      0.24      0.22        45
          O       1.00      0.17      0.29         6
          P       0.46      0.40      0.43        65
          R       0.45      0.38      0.42       117

avg / total       0.40      0.39      0.39       366

[[42  6  9  4  0  7  9]
 [ 3  3  1  1  0  4  8]
 [10  3 13  2  0  2  6]
 [ 8  1  1 11  0  3 21]
 [ 1  0  0  0  1  2  2]
 [13  4  3 11  0 26  8]
 [21  6  7 25  0 13 45]]

Reading  corpus/output466.json
SVM RBF
Classification_report:
             precision    recall  f1-score   support

          B       0.54      0.65      0.59       179
          C       0.07      0.05      0.06        20
          G       0.27      0.19      0.23        36
          M       0.30      0.27      0.28        59
          O       0.00      0.00      0.00         1
          P       0.44      0.44      0.44        68
          R       0.33      0.28      0.31       102

avg / total       0.41      0.43      0.42       465

[[117   7  15  10   0   9  21]
 [  9   1   1   2   0   4   3]
 [ 24   0   7   1   0   0   4]
 [ 15   2   0  16   0   9  17]
 [  0   0   0   0   0   1   0]
 [ 17   1   0   7   0  30  13]
 [ 34   3   3  18   0  15  29]]

SVM linear
Classification_report:
             precision    recall  f1-score   support

          B       0.53      0.55      0.54       179
          C       0.11      0.15      0.12        20
          G       0.22      0.25      0.23        36
          M       0.24      0.27      0.25        59
          O       0.00      0.00      0.00         1
          P       0.41      0.40      0.40        68
          R       0.26      0.20      0.22       102

avg / total       0.37      0.37      0.37       465

[[98 11 25 15  0 11 19]
 [ 6  3  1  2  0  4  4]
 [18  0  9  3  0  1  5]
 [13  3  1 16  0  9 17]
 [ 0  0  0  0  0  1  0]
 [16  4  2  6  0 27 13]
 [33  7  3 26  0 13 20]]

Reading  corpus/output832.json
SVM RBF
Classification_report:
             precision    recall  f1-score   support

          B       0.48      0.54      0.51       256
          C       0.13      0.10      0.11        40
          G       0.28      0.24      0.26        72
          M       0.33      0.34      0.33       104
          O       0.33      0.14      0.20         7
          P       0.55      0.55      0.55       133
          R       0.42      0.41      0.41       219

avg / total       0.42      0.43      0.42       831

[[138   6  32  16   0  19  45]
 [ 16   4   2   1   0   5  12]
 [ 40   2  17   3   0   1   9]
 [ 16   3   3  35   0   9  38]
 [  0   1   0   1   1   2   2]
 [ 24   5   3  11   0  73  17]
 [ 53  10   3  39   2  23  89]]

SVM linear
Classification_report:
             precision    recall  f1-score   support

          B       0.46      0.52      0.49       256
          C       0.15      0.15      0.15        40
          G       0.39      0.36      0.38        72
          M       0.29      0.35      0.32       104
          O       0.33      0.14      0.20         7
          P       0.50      0.49      0.49       133
          R       0.43      0.35      0.38       219

avg / total       0.42      0.41      0.41       831

[[134  11  31  27   0  19  34]
 [ 16   6   1   2   0   6   9]
 [ 37   3  26   3   0   0   3]
 [ 20   3   0  36   0  12  33]
 [  0   0   0   0   1   3   3]
 [ 31   7   3   9   0  65  18]
 [ 56   9   5  46   2  25  76]]
