Reading  corpus/output366.json
SVM RBF
Classification_report:
             precision    recall  f1-score   support

          B       0.43      0.51      0.46        77
          C       0.22      0.10      0.14        20
          G       0.42      0.28      0.33        36
          M       0.32      0.27      0.29        45
          O       0.00      0.00      0.00         6
          P       0.65      0.62      0.63        65
          R       0.46      0.56      0.51       117

avg / total       0.45      0.46      0.45       366

[[39  1  7  5  0  3 22]
 [ 5  2  1  1  0  3  8]
 [18  4 10  0  0  2  2]
 [ 3  0  1 12  0  2 27]
 [ 0  0  0  0  0  4  2]
 [ 6  0  3  1  0 40 15]
 [20  2  2 19  0  8 66]]

SVM linear
Classification_report:
             precision    recall  f1-score   support

          B       0.41      0.47      0.44        77
          C       0.31      0.25      0.28        20
          G       0.43      0.36      0.39        36
          M       0.25      0.29      0.27        45
          O       0.00      0.00      0.00         6
          P       0.61      0.57      0.59        65
          R       0.47      0.48      0.47       117

avg / total       0.44      0.44      0.43       366

[[36  4 10  6  0  4 17]
 [ 4  5  1  1  0  4  5]
 [16  2 13  1  0  0  4]
 [ 4  0  1 13  0  3 24]
 [ 0  0  0  0  0  4  2]
 [ 6  2  3  6  0 37 11]
 [21  3  2 26  0  9 56]]

Reading  corpus/output466.json
SVM RBF
Classification_report:
             precision    recall  f1-score   support

          B       0.53      0.64      0.58       179
          C       0.00      0.00      0.00        20
          G       0.35      0.25      0.29        36
          M       0.25      0.24      0.25        59
          O       0.00      0.00      0.00         1
          P       0.52      0.50      0.51        68
          R       0.33      0.29      0.31       102

avg / total       0.41      0.43      0.42       465

[[114   5  13  16   0   9  22]
 [  9   0   2   1   0   3   5]
 [ 22   0   9   1   0   0   4]
 [ 19   2   0  14   0   6  18]
 [  0   0   0   0   0   0   1]
 [ 15   2   0   5   0  34  12]
 [ 35   4   2  18   0  13  30]]

SVM linear
Classification_report:
             precision    recall  f1-score   support

          B       0.52      0.59      0.55       179
          C       0.00      0.00      0.00        20
          G       0.21      0.17      0.18        36
          M       0.31      0.36      0.33        59
          O       0.00      0.00      0.00         1
          P       0.49      0.54      0.51        68
          R       0.34      0.25      0.28       102

avg / total       0.40      0.42      0.41       465

[[106   4  17  19   0  12  21]
 [  8   0   2   1   0   4   5]
 [ 26   1   6   1   0   0   2]
 [ 15   2   0  21   0   9  12]
 [  0   0   0   0   0   0   1]
 [ 14   2   0   7   0  37   8]
 [ 35   5   4  19   0  14  25]]

Reading  corpus/output832.json
SVM RBF
Classification_report:
             precision    recall  f1-score   support

          B       0.48      0.58      0.53       256
          C       0.11      0.05      0.07        40
          G       0.36      0.25      0.30        72
          M       0.30      0.26      0.28       104
          O       0.00      0.00      0.00         7
          P       0.63      0.60      0.62       133
          R       0.38      0.42      0.40       219

avg / total       0.43      0.44      0.43       831

[[148   6  26  19   0   8  49]
 [ 14   2   2   2   0   6  14]
 [ 40   0  18   1   0   2  11]
 [ 20   2   1  27   0   8  46]
 [  0   0   0   0   0   3   4]
 [ 21   2   1   6   0  80  23]
 [ 64   6   2  34   1  20  92]]

SVM linear
Classification_report:
             precision    recall  f1-score   support

          B       0.45      0.51      0.47       256
          C       0.09      0.07      0.08        40
          G       0.36      0.33      0.35        72
          M       0.27      0.29      0.28       104
          O       0.00      0.00      0.00         7
          P       0.60      0.56      0.58       133
          R       0.37      0.33      0.35       219

avg / total       0.40      0.40      0.40       831

[[130   8  34  25   0  11  48]
 [ 12   3   2   3   1   6  13]
 [ 39   0  24   2   0   0   7]
 [ 26   1   3  30   0  10  34]
 [  0   1   0   0   0   3   3]
 [ 21   7   1  11   0  75  18]
 [ 64  15   3  40   3  21  73]]
