Reading  corpus/output366.json
SVM RBF
Classification_report:
             precision    recall  f1-score   support

          B       1.00      0.05      0.10        77
          C       0.00      0.00      0.00        20
          G       0.00      0.00      0.00        36
          M       0.00      0.00      0.00        45
          O       0.00      0.00      0.00         6
          P       0.00      0.00      0.00        65
          R       0.32      1.00      0.49       117

avg / total       0.31      0.33      0.18       366

[[  4   0   0   0   0   0  73]
 [  0   0   0   0   0   0  20]
 [  0   0   0   0   0   0  36]
 [  0   0   0   0   0   0  45]
 [  0   0   0   0   0   0   6]
 [  0   0   0   0   0   0  65]
 [  0   0   0   0   0   0 117]]

SVM linear
Classification_report:
             precision    recall  f1-score   support

          B       0.39      0.48      0.43        77
          C       0.29      0.25      0.27        20
          G       0.47      0.42      0.44        36
          M       0.28      0.24      0.26        45
          O       1.00      0.33      0.50         6
          P       0.66      0.54      0.59        65
          R       0.48      0.52      0.50       117

avg / total       0.47      0.45      0.45       366

[[37  3  6  5  0  6 20]
 [ 7  5  0  1  0  1  6]
 [13  2 15  0  0  0  6]
 [10  0  3 11  0  2 19]
 [ 0  0  0  0  2  2  2]
 [ 5  3  6  4  0 35 12]
 [24  4  2 19  0  7 61]]

Reading  corpus/output466.json
SVM RBF
Classification_report:
             precision    recall  f1-score   support

          B       0.38      1.00      0.56       179
          C       0.00      0.00      0.00        20
          G       0.00      0.00      0.00        36
          M       0.00      0.00      0.00        59
          O       0.00      0.00      0.00         1
          P       0.00      0.00      0.00        68
          R       0.00      0.00      0.00       102

avg / total       0.15      0.38      0.21       465

[[179   0   0   0   0   0   0]
 [ 20   0   0   0   0   0   0]
 [ 36   0   0   0   0   0   0]
 [ 59   0   0   0   0   0   0]
 [  1   0   0   0   0   0   0]
 [ 68   0   0   0   0   0   0]
 [102   0   0   0   0   0   0]]

SVM linear
Classification_report:
             precision    recall  f1-score   support

          B       0.53      0.61      0.56       179
          C       0.11      0.10      0.10        20
          G       0.19      0.14      0.16        36
          M       0.24      0.24      0.24        59
          O       0.00      0.00      0.00         1
          P       0.51      0.53      0.52        68
          R       0.32      0.25      0.28       102

avg / total       0.40      0.41      0.40       465

[[109   6  16  17   0  12  19]
 [  8   2   1   2   0   4   3]
 [ 24   0   5   1   0   1   5]
 [ 19   1   0  14   0   7  18]
 [  0   0   0   0   0   0   1]
 [ 11   4   2   5   0  36  10]
 [ 36   6   3  20   0  11  26]]

Reading  corpus/output832.json
SVM RBF
Classification_report:
             precision    recall  f1-score   support

          B       0.31      1.00      0.47       256
          C       0.00      0.00      0.00        40
          G       0.00      0.00      0.00        72
          M       0.00      0.00      0.00       104
          O       0.00      0.00      0.00         7
          P       0.00      0.00      0.00       133
          R       0.67      0.01      0.02       219

avg / total       0.27      0.31      0.15       831

[[256   0   0   0   0   0   0]
 [ 40   0   0   0   0   0   0]
 [ 72   0   0   0   0   0   0]
 [103   0   0   0   0   0   1]
 [  7   0   0   0   0   0   0]
 [133   0   0   0   0   0   0]
 [217   0   0   0   0   0   2]]

SVM linear
Classification_report:
             precision    recall  f1-score   support

          B       0.50      0.59      0.54       256
          C       0.08      0.07      0.08        40
          G       0.35      0.31      0.33        72
          M       0.32      0.31      0.31       104
          O       0.40      0.29      0.33         7
          P       0.65      0.59      0.62       133
          R       0.46      0.43      0.44       219

avg / total       0.46      0.46      0.46       831

[[151  12  29  19   0   5  40]
 [ 15   3   3   2   0   7  10]
 [ 41   1  22   0   0   2   6]
 [ 23   2   0  32   0   9  38]
 [  0   0   0   0   2   2   3]
 [ 18   5   6  12   0  79  13]
 [ 53  14   3  35   3  17  94]]
