SVM RBF
Classification_report:
             precision    recall  f1-score   support

          B       0.37      0.74      0.49        77
          C       0.00      0.00      0.00        20
          G       0.00      0.00      0.00        36
          M       0.00      0.00      0.00        45
          O       0.00      0.00      0.00         6
          P       0.00      0.00      0.00        65
          R       0.41      0.74      0.53       117

avg / total       0.21      0.39      0.27       366

[[57  0  0  0  0  0 20]
 [ 1  0  0  0  0  0 19]
 [19  0  0  0  0  0 17]
 [12  0  0  0  0  0 33]
 [ 0  0  0  0  0  0  6]
 [35  0  0  0  0  0 30]
 [30  0  0  0  0  0 87]]

SVM linear
Classification_report:
             precision    recall  f1-score   support

          B       0.54      0.64      0.58        77
          C       0.50      0.05      0.09        20
          G       0.43      0.17      0.24        36
          M       0.38      0.18      0.24        45
          O       1.00      0.17      0.29         6
          P       0.58      0.55      0.57        65
          R       0.51      0.76      0.61       117

avg / total       0.51      0.52      0.48       366

[[49  0  4  5  0 10  9]
 [ 1  1  0  0  0  3 15]
 [21  0  6  0  0  0  9]
 [ 6  1  1  8  0  1 28]
 [ 0  0  0  0  1  1  4]
 [ 6  0  2  0  0 36 21]
 [ 8  0  1  8  0 11 89]]

KNN
Classification_report:
             precision    recall  f1-score   support

          B       0.38      0.51      0.44        77
          C       0.10      0.15      0.12        20
          G       0.23      0.28      0.25        36
          M       0.21      0.13      0.16        45
          O       0.00      0.00      0.00         6
          P       0.39      0.40      0.39        65
          R       0.48      0.38      0.43       117

avg / total       0.36      0.35      0.35       366

[[39  2  7  3  0 17  9]
 [ 2  3  4  1  0  4  6]
 [10  4 10  3  0  5  4]
 [13  2  2  6  0  4 18]
 [ 1  2  1  0  0  0  2]
 [15  5  7  2  0 26 10]
 [22 13 13 13  0 11 45]]

NB
Classification_report:
             precision    recall  f1-score   support

          B       0.48      0.34      0.40        77
          C       0.36      0.25      0.29        20
          G       0.17      0.64      0.27        36
          M       0.35      0.29      0.32        45
          O       0.10      0.33      0.15         6
          P       0.65      0.66      0.66        65
          R       0.36      0.13      0.19       117

avg / total       0.41      0.35      0.34       366

[[26  0 32  2  4  9  4]
 [ 0  5  4  0  1  1  9]
 [ 9  0 23  2  0  1  1]
 [ 3  3 15 13  2  3  6]
 [ 0  0  0  0  2  0  4]
 [ 8  1  3  5  2 43  3]
 [ 8  5 56 15  9  9 15]]

DT
Classification_report:
             precision    recall  f1-score   support

          B       0.53      0.56      0.54        77
          C       0.09      0.10      0.09        20
          G       0.28      0.33      0.30        36
          M       0.21      0.18      0.19        45
          O       0.00      0.00      0.00         6
          P       0.72      0.66      0.69        65
          R       0.46      0.46      0.46       117

avg / total       0.44      0.44      0.44       366

[[43  5  6  7  0  4 12]
 [ 5  2  2  4  0  0  7]
 [ 9  2 12  2  0  2  9]
 [ 7  1  3  8  0  1 25]
 [ 0  0  0  1  0  4  1]
 [ 2  1  4  4  1 43 10]
 [15 12 16 13  1  6 54]]

CRF
Classification_report:
             precision    recall  f1-score   support

          B       0.58      0.53      0.55        77
          C       0.40      0.50      0.44        20
          G       0.14      0.06      0.08        36
          M       0.20      0.07      0.10        45
          O       0.00      0.00      0.00         6
          P       0.56      0.45      0.50        65
          R       0.52      0.84      0.64       117

avg / total       0.45      0.50      0.45       366

CRF 2.0
Classification_report:
             precision    recall  f1-score   support

          B       0.49      0.53      0.51        77
          C       0.33      0.15      0.21        20
          G       0.26      0.19      0.22        36
          M       0.30      0.16      0.21        45
          O       0.00      0.00      0.00         6
          P       0.64      0.54      0.58        65
          R       0.45      0.65      0.53       117

avg / total       0.44      0.46      0.44       366


SVM RBF
Classification_report:
             precision    recall  f1-score   support

          B       0.42      0.96      0.58       179
          C       0.00      0.00      0.00        20
          G       0.00      0.00      0.00        36
          M       0.00      0.00      0.00        59
          O       0.00      0.00      0.00         1
          P       0.00      0.00      0.00        68
          R       0.39      0.21      0.27       102

avg / total       0.25      0.41      0.28       465

[[171   0   0   0   0   0   8]
 [ 13   0   0   0   0   0   7]
 [ 35   0   0   0   0   0   1]
 [ 46   0   0   0   0   0  13]
 [  1   0   0   0   0   0   0]
 [ 64   0   0   0   0   0   4]
 [ 81   0   0   0   0   0  21]]

SVM linear
Classification_report:
             precision    recall  f1-score   support

          B       0.52      0.78      0.63       179
          C       0.27      0.15      0.19        20
          G       0.00      0.00      0.00        36
          M       0.34      0.24      0.28        59
          O       0.00      0.00      0.00         1
          P       0.58      0.38      0.46        68
          R       0.39      0.37      0.38       102

avg / total       0.43      0.48      0.44       465

[[140   2   1   8   0   4  24]
 [  5   3   0   0   0   3   9]
 [ 34   1   0   1   0   0   0]
 [ 25   3   0  14   0   2  15]
 [  0   0   0   0   0   1   0]
 [ 25   1   0   4   0  26  12]
 [ 39   1   1  14   0   9  38]]

KNN
Classification_report:
             precision    recall  f1-score   support

          B       0.46      0.75      0.57       179
          C       0.45      0.25      0.32        20
          G       0.22      0.17      0.19        36
          M       0.23      0.12      0.16        59
          O       0.00      0.00      0.00         1
          P       0.29      0.15      0.19        68
          R       0.31      0.21      0.25       102

avg / total       0.35      0.40      0.35       465

[[135   1  12   7   0  10  14]
 [  6   5   0   1   0   4   4]
 [ 21   0   6   3   0   2   4]
 [ 33   0   3   7   0   3  13]
 [  0   0   0   0   0   0   1]
 [ 39   1   2   5   0  10  11]
 [ 59   4   4   8   0   6  21]]

NB
Classification_report:
             precision    recall  f1-score   support

          B       0.52      0.16      0.25       179
          C       0.20      0.15      0.17        20
          G       0.17      0.67      0.27        36
          M       0.24      0.56      0.34        59
          O       0.00      0.00      0.00         1
          P       0.39      0.53      0.45        68
          R       0.23      0.06      0.09       102

avg / total       0.36      0.28      0.25       465

[[29  4 85 34  0 24  3]
 [ 3  3  2  5  0  2  5]
 [ 5  0 24  4  0  1  2]
 [ 2  2  6 33  0 10  6]
 [ 1  0  0  0  0  0  0]
 [ 4  1  3 20  0 36  4]
 [12  5 20 39  0 20  6]]

DT
Classification_report:
             precision    recall  f1-score   support

          B       0.51      0.50      0.51       179
          C       0.00      0.00      0.00        20
          G       0.10      0.11      0.11        36
          M       0.17      0.15      0.16        59
          O       0.00      0.00      0.00         1
          P       0.48      0.47      0.47        68
          R       0.26      0.27      0.27       102

avg / total       0.35      0.35      0.35       465

[[90  8 22 20  1 11 27]
 [ 4  0  2  1  0  4  9]
 [23  0  4  3  0  2  4]
 [16  3  2  9  1  5 23]
 [ 1  0  0  0  0  0  0]
 [10  1  1  6  0 32 18]
 [32  4  9 15  1 13 28]]

CRF
Classification_report:
             precision    recall  f1-score   support

          B       0.65      0.90      0.76       179
          C       0.65      0.65      0.65        20
          G       0.36      0.14      0.20        36
          M       0.34      0.20      0.26        59
          O       0.00      0.00      0.00         1
          P       0.48      0.37      0.42        68
          R       0.52      0.49      0.50       102

avg / total       0.53      0.57      0.54       465

CRF 2.0
Classification_report:
             precision    recall  f1-score   support

          B       0.65      0.83      0.73       179
          C       0.40      0.30      0.34        20
          G       0.20      0.11      0.14        36
          M       0.35      0.19      0.24        59
          O       0.00      0.00      0.00         1
          P       0.52      0.44      0.48        68
          R       0.50      0.54      0.52       102

avg / total       0.51      0.55      0.52       465


SVM RBF
Classification_report:
             precision    recall  f1-score   support

          B       0.39      0.76      0.51       256
          C       0.00      0.00      0.00        40
          G       0.00      0.00      0.00        72
          M       0.00      0.00      0.00       104
          O       0.00      0.00      0.00         7
          P       0.00      0.00      0.00       133
          R       0.36      0.54      0.43       219

avg / total       0.21      0.38      0.27       831

[[194   0   0   0   0   0  62]
 [ 10   0   0   0   0   0  30]
 [ 55   0   0   0   0   0  17]
 [ 47   0   0   0   0   0  57]
 [  2   0   0   0   0   0   5]
 [ 90   0   0   0   0   0  43]
 [100   0   0   0   0   0 119]]

SVM linear
Classification_report:
             precision    recall  f1-score   support

          B       0.53      0.75      0.62       256
          C       0.20      0.03      0.04        40
          G       0.00      0.00      0.00        72
          M       0.32      0.13      0.19       104
          O       0.50      0.14      0.22         7
          P       0.66      0.52      0.58       133
          R       0.42      0.59      0.49       219

avg / total       0.43      0.49      0.44       831

[[193   0   0   7   0   9  47]
 [  8   1   0   0   0   5  26]
 [ 61   0   0   0   0   0  11]
 [ 27   0   0  14   0   3  60]
 [  0   0   0   0   1   3   3]
 [ 27   1   0   5   0  69  31]
 [ 49   3   2  18   1  16 130]]

KNN
Classification_report:
             precision    recall  f1-score   support

          B       0.40      0.60      0.48       256
          C       0.17      0.17      0.17        40
          G       0.11      0.10      0.10        72
          M       0.22      0.15      0.18       104
          O       0.00      0.00      0.00         7
          P       0.41      0.29      0.34       133
          R       0.37      0.31      0.34       219

avg / total       0.33      0.35      0.33       831

[[153   9  21  13   0  22  38]
 [ 11   7   3   5   0   8   6]
 [ 45   3   7   3   0   5   9]
 [ 35   4   8  16   0   7  34]
 [  3   0   0   0   0   0   4]
 [ 41   7  10  13   0  38  24]
 [ 90  11  16  22   0  12  68]]

NB
Classification_report:
             precision    recall  f1-score   support

          B       0.48      0.16      0.24       256
          C       0.13      0.33      0.18        40
          G       0.16      0.65      0.26        72
          M       0.27      0.38      0.31       104
          O       0.00      0.00      0.00         7
          P       0.56      0.45      0.50       133
          R       0.32      0.11      0.16       219

avg / total       0.38      0.27      0.27       831

[[ 42  21 126  33   5  20   9]
 [  2  13   9   1   3   4   8]
 [ 13   3  47   4   0   3   2]
 [  9   7  30  39   0   5  14]
 [  1   0   0   0   0   1   5]
 [  8  25   6  19   3  60  12]
 [ 12  34  78  48   9  14  24]]

DT
Classification_report:
             precision    recall  f1-score   support

          B       0.47      0.45      0.46       256
          C       0.03      0.03      0.03        40
          G       0.19      0.18      0.19        72
          M       0.18      0.20      0.19       104
          O       0.00      0.00      0.00         7
          P       0.56      0.59      0.57       133
          R       0.33      0.33      0.33       219

avg / total       0.36      0.36      0.36       831

[[115  10  35  22   1  19  54]
 [ 13   1   0   5   0   3  18]
 [ 30   2  13   8   0   0  19]
 [ 19   7   6  21   0  13  38]
 [  1   1   0   1   0   3   1]
 [ 14   5   4  14   1  78  17]
 [ 55  13   9  46   0  23  73]]

CRF
Classification_report:
             precision    recall  f1-score   support

          B       0.54      0.76      0.63       256
          C       0.44      0.30      0.36        40
          G       0.17      0.01      0.03        72
          M       0.11      0.03      0.05       104
          O       0.00      0.00      0.00         7
          P       0.56      0.44      0.49       133
          R       0.50      0.69      0.58       219

avg / total       0.44      0.51      0.45       831

CRF 2.0
Classification_report:
             precision    recall  f1-score   support

          B       0.63      0.76      0.69       256
          C       0.39      0.30      0.34        40
          G       0.26      0.12      0.17        72
          M       0.29      0.26      0.27       104
          O       0.00      0.00      0.00         7
          P       0.72      0.59      0.65       133
          R       0.51      0.60      0.55       219

avg / total       0.52      0.54      0.53       831
