SVM RBF
Classification_report:
             precision    recall  f1-score   support

          B       0.37      0.74      0.49        77
          C       0.00      0.00      0.00        20
          G       0.00      0.00      0.00        36
          M       0.00      0.00      0.00        45
          O       0.00      0.00      0.00         6
          P       0.00      0.00      0.00        65
          R       0.41      0.74      0.53       117

avg / total       0.21      0.39      0.27       366

[[57  0  0  0  0  0 20]
 [ 1  0  0  0  0  0 19]
 [19  0  0  0  0  0 17]
 [12  0  0  0  0  0 33]
 [ 0  0  0  0  0  0  6]
 [35  0  0  0  0  0 30]
 [30  0  0  0  0  0 87]]

SVM linear
Classification_report:
             precision    recall  f1-score   support

          B       0.51      0.57      0.54        77
          C       0.00      0.00      0.00        20
          G       0.32      0.17      0.22        36
          M       0.28      0.18      0.22        45
          O       1.00      0.17      0.29         6
          P       0.61      0.55      0.58        65
          R       0.50      0.70      0.58       117

avg / total       0.46      0.48      0.46       366

[[44  0  9  5  0  8 11]
 [ 2  0  0  0  0  3 15]
 [22  1  6  0  0  0  7]
 [ 6  0  1  8  0  2 28]
 [ 0  0  0  0  1  1  4]
 [ 9  1  2  0  0 36 17]
 [ 4  5  1 16  0  9 82]]

KNN
Classification_report:
             precision    recall  f1-score   support

          B       0.42      0.56      0.48        77
          C       0.07      0.15      0.10        20
          G       0.15      0.17      0.16        36
          M       0.32      0.18      0.23        45
          O       0.00      0.00      0.00         6
          P       0.42      0.45      0.43        65
          R       0.53      0.39      0.45       117

avg / total       0.39      0.37      0.37       366

[[43  4 11  1  0 11  7]
 [ 3  3  3  1  0  6  4]
 [16  5  6  1  0  6  2]
 [ 7  7  3  8  0  3 17]
 [ 1  3  0  0  0  0  2]
 [13  6  6  3  0 29  8]
 [20 15 11 11  0 14 46]]

NB
Classification_report:
             precision    recall  f1-score   support

          B       0.49      0.34      0.40        77
          C       0.38      0.25      0.30        20
          G       0.17      0.64      0.27        36
          M       0.35      0.29      0.32        45
          O       0.10      0.33      0.15         6
          P       0.65      0.66      0.66        65
          R       0.34      0.13      0.19       117

avg / total       0.41      0.35      0.35       366

[[26  0 32  2  4  9  4]
 [ 0  5  4  0  1  1  9]
 [ 9  0 23  2  0  1  1]
 [ 3  3 15 13  2  2  7]
 [ 0  0  0  0  2  0  4]
 [ 8  0  3  5  2 43  4]
 [ 7  5 56 15  9 10 15]]

DT
Classification_report:
             precision    recall  f1-score   support

          B       0.46      0.43      0.45        77
          C       0.14      0.15      0.14        20
          G       0.16      0.17      0.16        36
          M       0.21      0.20      0.21        45
          O       0.00      0.00      0.00         6
          P       0.63      0.68      0.65        65
          R       0.40      0.41      0.41       117

avg / total       0.39      0.39      0.39       366

[[33  5  9 10  0  5 15]
 [ 3  3  0  0  0  1 13]
 [ 7  2  6  5  0  3 13]
 [ 9  3  3  9  0  2 19]
 [ 0  0  1  0  0  5  0]
 [ 2  2  2  0  4 44 11]
 [17  7 17 18  0 10 48]]

CRF
Classification_report:
             precision    recall  f1-score   support

          B       0.57      0.56      0.57        77
          C       0.45      0.50      0.48        20
          G       0.19      0.08      0.12        36
          M       0.20      0.09      0.12        45
          O       0.00      0.00      0.00         6
          P       0.63      0.51      0.56        65
          R       0.54      0.83      0.65       117

avg / total       0.47      0.52      0.48       366

CRF 2.0
Classification_report:
             precision    recall  f1-score   support

          B       0.52      0.57      0.54        77
          C       0.38      0.15      0.21        20
          G       0.27      0.17      0.21        36
          M       0.29      0.20      0.24        45
          O       0.00      0.00      0.00         6
          P       0.68      0.52      0.59        65
          R       0.49      0.72      0.59       117

avg / total       0.47      0.49      0.47       366


SVM RBF
Classification_report:
             precision    recall  f1-score   support

          B       0.41      0.95      0.58       179
          C       0.00      0.00      0.00        20
          G       0.00      0.00      0.00        36
          M       0.00      0.00      0.00        59
          O       0.00      0.00      0.00         1
          P       0.00      0.00      0.00        68
          R       0.38      0.21      0.27       102

avg / total       0.24      0.41      0.28       465

[[170   0   0   0   0   0   9]
 [ 13   0   0   0   0   0   7]
 [ 35   0   0   0   0   0   1]
 [ 46   0   0   0   0   0  13]
 [  1   0   0   0   0   0   0]
 [ 64   0   0   0   0   0   4]
 [ 81   0   0   0   0   0  21]]

SVM linear
Classification_report:
             precision    recall  f1-score   support

          B       0.57      0.77      0.66       179
          C       0.30      0.15      0.20        20
          G       0.33      0.06      0.10        36
          M       0.30      0.24      0.27        59
          O       0.00      0.00      0.00         1
          P       0.55      0.41      0.47        68
          R       0.38      0.41      0.40       102

avg / total       0.46      0.49      0.46       465

[[138   1   3   8   0   7  22]
 [  4   3   1   1   0   3   8]
 [ 31   1   2   1   0   0   1]
 [ 17   3   0  14   0   5  20]
 [  0   0   0   0   0   0   1]
 [ 20   0   0   4   0  28  16]
 [ 32   2   0  18   0   8  42]]

KNN
Classification_report:
             precision    recall  f1-score   support

          B       0.43      0.70      0.53       179
          C       0.38      0.25      0.30        20
          G       0.15      0.11      0.13        36
          M       0.17      0.07      0.10        59
          O       0.00      0.00      0.00         1
          P       0.37      0.22      0.28        68
          R       0.37      0.25      0.30       102

avg / total       0.35      0.38      0.35       465

[[125   2  14   6   0  12  20]
 [  7   5   0   1   0   2   5]
 [ 26   0   4   1   0   4   1]
 [ 38   1   3   4   0   2  11]
 [  0   0   0   1   0   0   0]
 [ 39   1   3   2   0  15   8]
 [ 54   4   3   9   0   6  26]]

NB
Classification_report:
             precision    recall  f1-score   support

          B       0.53      0.17      0.25       179
          C       0.20      0.15      0.17        20
          G       0.17      0.67      0.27        36
          M       0.25      0.56      0.34        59
          O       0.00      0.00      0.00         1
          P       0.39      0.54      0.45        68
          R       0.24      0.06      0.09       102

avg / total       0.37      0.29      0.26       465

[[30  4 85 33  0 24  3]
 [ 3  3  2  5  0  2  5]
 [ 5  0 24  4  0  1  2]
 [ 2  2  6 33  0 11  5]
 [ 1  0  0  0  0  0  0]
 [ 4  1  3 19  0 37  4]
 [12  5 20 39  0 20  6]]

DT
Classification_report:
             precision    recall  f1-score   support

          B       0.52      0.56      0.54       179
          C       0.21      0.15      0.18        20
          G       0.15      0.14      0.14        36
          M       0.23      0.25      0.24        59
          O       0.00      0.00      0.00         1
          P       0.48      0.46      0.47        68
          R       0.28      0.25      0.26       102

avg / total       0.38      0.39      0.38       465

[[101   2  14  24   1  12  25]
 [  5   3   2   1   0   5   4]
 [ 18   1   5   0   0   1  11]
 [ 17   2   5  15   0   6  14]
 [  1   0   0   0   0   0   0]
 [ 14   3   1   8   0  31  11]
 [ 40   3   6  18   0  10  25]]

CRF
Classification_report:
             precision    recall  f1-score   support

          B       0.66      0.85      0.74       179
          C       0.63      0.60      0.62        20
          G       0.31      0.11      0.16        36
          M       0.33      0.22      0.26        59
          O       0.00      0.00      0.00         1
          P       0.46      0.35      0.40        68
          R       0.49      0.52      0.50       102

avg / total       0.52      0.56      0.53       465

CRF 2.0
Classification_report:
             precision    recall  f1-score   support

          B       0.61      0.76      0.67       179
          C       0.50      0.25      0.33        20
          G       0.25      0.11      0.15        36
          M       0.38      0.31      0.34        59
          O       0.00      0.00      0.00         1
          P       0.56      0.43      0.48        68
          R       0.43      0.49      0.46       102

avg / total       0.50      0.52      0.50       465


SVM RBF
Classification_report:
             precision    recall  f1-score   support

          B       0.39      0.77      0.52       256
          C       0.00      0.00      0.00        40
          G       0.00      0.00      0.00        72
          M       0.00      0.00      0.00       104
          O       0.00      0.00      0.00         7
          P       0.00      0.00      0.00       133
          R       0.36      0.53      0.43       219

avg / total       0.21      0.38      0.27       831

[[197   0   0   0   0   0  59]
 [ 10   0   0   0   0   0  30]
 [ 56   0   0   0   0   0  16]
 [ 48   0   0   0   0   0  56]
 [  2   0   0   0   0   0   5]
 [ 91   0   0   0   0   0  42]
 [102   0   0   0   0   0 117]]

SVM linear
Classification_report:
             precision    recall  f1-score   support

          B       0.53      0.73      0.61       256
          C       0.29      0.10      0.15        40
          G       0.40      0.11      0.17        72
          M       0.36      0.19      0.25       104
          O       0.25      0.14      0.18         7
          P       0.62      0.54      0.58       133
          R       0.42      0.52      0.46       219

avg / total       0.47      0.49      0.46       831

[[186   2  10   8   0   6  44]
 [  9   4   0   0   0   5  22]
 [ 56   0   8   1   0   0   7]
 [ 20   0   0  20   0  11  53]
 [  0   1   0   0   1   3   2]
 [ 28   0   0   4   1  72  28]
 [ 54   7   2  22   2  19 113]]

KNN
Classification_report:
             precision    recall  f1-score   support

          B       0.42      0.59      0.49       256
          C       0.14      0.17      0.16        40
          G       0.18      0.17      0.17        72
          M       0.25      0.16      0.20       104
          O       0.00      0.00      0.00         7
          P       0.45      0.37      0.40       133
          R       0.40      0.33      0.36       219

avg / total       0.36      0.37      0.36       831

[[150   9  26  10   0  24  37]
 [ 14   7   2   4   0   6   7]
 [ 39   4  12   3   0   6   8]
 [ 37   5   8  17   0   7  30]
 [  2   1   0   1   0   0   3]
 [ 39   5   5  12   0  49  23]
 [ 75  18  14  22   0  17  73]]

NB
Classification_report:
             precision    recall  f1-score   support

          B       0.48      0.16      0.24       256
          C       0.13      0.33      0.18        40
          G       0.16      0.65      0.26        72
          M       0.27      0.38      0.31       104
          O       0.00      0.00      0.00         7
          P       0.58      0.47      0.52       133
          R       0.33      0.11      0.17       219

avg / total       0.38      0.28      0.27       831

[[ 42  21 126  34   5  19   9]
 [  2  13   9   1   2   4   9]
 [ 13   3  47   4   0   3   2]
 [  9   7  30  39   0   5  14]
 [  1   0   0   0   0   1   5]
 [  8  24   6  18   2  63  12]
 [ 12  33  78  49   8  14  25]]

DT
Classification_report:
             precision    recall  f1-score   support

          B       0.48      0.49      0.48       256
          C       0.02      0.03      0.02        40
          G       0.24      0.25      0.24        72
          M       0.21      0.19      0.20       104
          O       0.00      0.00      0.00         7
          P       0.54      0.53      0.53       133
          R       0.40      0.40      0.40       219

avg / total       0.39      0.39      0.39       831

[[126  18  31  15   1  18  47]
 [ 10   1   2   3   1   5  18]
 [ 33   2  18   9   0   2   8]
 [ 24   3   8  20   1  12  36]
 [  1   0   0   1   0   2   3]
 [ 22   6   3  14   0  70  18]
 [ 48  15  13  35   0  21  87]]

CRF
Classification_report:
             precision    recall  f1-score   support

          B       0.57      0.79      0.66       256
          C       0.40      0.30      0.34        40
          G       0.00      0.00      0.00        72
          M       0.14      0.03      0.05       104
          O       0.00      0.00      0.00         7
          P       0.58      0.46      0.51       133
          R       0.51      0.74      0.60       219

avg / total       0.44      0.53      0.47       831

CRF 2.0
Classification_report:
             precision    recall  f1-score   support

          B       0.62      0.76      0.68       256
          C       0.32      0.23      0.26        40
          G       0.31      0.18      0.23        72
          M       0.38      0.32      0.34       104
          O       0.00      0.00      0.00         7
          P       0.74      0.60      0.66       133
          R       0.49      0.56      0.52       219

avg / total       0.53      0.54      0.53       831
