SVM RBF
Classification_report:
             precision    recall  f1-score   support

          B       0.37      0.74      0.49        77
          C       0.00      0.00      0.00        20
          G       0.00      0.00      0.00        36
          M       0.00      0.00      0.00        45
          O       0.00      0.00      0.00         6
          P       0.00      0.00      0.00        65
          R       0.41      0.74      0.53       117

avg / total       0.21      0.39      0.27       366

[[57  0  0  0  0  0 20]
 [ 1  0  0  0  0  0 19]
 [19  0  0  0  0  0 17]
 [12  0  0  0  0  0 33]
 [ 0  0  0  0  0  0  6]
 [35  0  0  0  0  0 30]
 [30  0  0  0  0  0 87]]

SVM linear
Classification_report:
             precision    recall  f1-score   support

          B       0.55      0.65      0.60        77
          C       0.00      0.00      0.00        20
          G       0.53      0.28      0.36        36
          M       0.47      0.18      0.26        45
          O       1.00      0.17      0.29         6
          P       0.63      0.58      0.61        65
          R       0.51      0.78      0.62       117

avg / total       0.52      0.54      0.50       366

[[50  0  5  1  0  7 14]
 [ 1  0  0  0  0  3 16]
 [17  0 10  0  0  0  9]
 [ 4  0  1  8  0  2 30]
 [ 0  0  0  0  1  1  4]
 [10  0  2  2  0 38 13]
 [ 9  1  1  6  0  9 91]]

KNN
Classification_report:
             precision    recall  f1-score   support

          B       0.34      0.43      0.38        77
          C       0.05      0.10      0.07        20
          G       0.12      0.11      0.12        36
          M       0.20      0.07      0.10        45
          O       0.00      0.00      0.00         6
          P       0.43      0.46      0.44        65
          R       0.48      0.47      0.48       117

avg / total       0.34      0.35      0.34       366

[[33  4 11  1  0 11 17]
 [ 3  2  2  2  0  3  8]
 [18  5  4  0  0  4  5]
 [10  8  5  3  0  5 14]
 [ 0  1  0  0  0  3  2]
 [11  6  3  2  0 30 13]
 [21 13  7  7  0 14 55]]

NB
Classification_report:
             precision    recall  f1-score   support

          B       0.49      0.34      0.40        77
          C       0.38      0.25      0.30        20
          G       0.17      0.64      0.27        36
          M       0.35      0.29      0.32        45
          O       0.10      0.33      0.15         6
          P       0.64      0.66      0.65        65
          R       0.35      0.13      0.19       117

avg / total       0.41      0.35      0.34       366

[[26  0 32  2  4  9  4]
 [ 0  5  4  0  1  1  9]
 [ 9  0 23  2  0  1  1]
 [ 3  3 15 13  2  3  6]
 [ 0  0  0  0  2  0  4]
 [ 8  0  3  5  2 43  4]
 [ 7  5 56 15  9 10 15]]

DT
Classification_report:
             precision    recall  f1-score   support

          B       0.50      0.47      0.48        77
          C       0.10      0.10      0.10        20
          G       0.24      0.22      0.23        36
          M       0.14      0.16      0.15        45
          O       0.00      0.00      0.00         6
          P       0.63      0.63      0.63        65
          R       0.49      0.50      0.50       117

avg / total       0.42      0.42      0.42       366

[[36  4 10  7  0  4 16]
 [ 4  2  2  2  0  0 10]
 [11  3  8  4  0  2  8]
 [ 6  3  4  7  0  4 21]
 [ 0  0  1  0  0  4  1]
 [ 5  1  4  6  2 41  6]
 [10  7  5 25  1 10 59]]

CRF
Classification_report:
             precision    recall  f1-score   support

          B       0.54      0.49      0.51        77
          C       0.38      0.50      0.43        20
          G       0.18      0.08      0.11        36
          M       0.09      0.02      0.04        45
          O       0.00      0.00      0.00         6
          P       0.52      0.42      0.46        65
          R       0.49      0.79      0.60       117

avg / total       0.41      0.47      0.42       366

CRF 2.0
Classification_report:
             precision    recall  f1-score   support

          B       0.46      0.49      0.47        77
          C       0.38      0.15      0.21        20
          G       0.27      0.17      0.21        36
          M       0.30      0.13      0.18        45
          O       0.00      0.00      0.00         6
          P       0.69      0.57      0.62        65
          R       0.48      0.74      0.58       117

avg / total       0.46      0.48      0.45       366


SVM RBF
Classification_report:
             precision    recall  f1-score   support

          B       0.42      0.96      0.58       179
          C       0.00      0.00      0.00        20
          G       0.00      0.00      0.00        36
          M       0.00      0.00      0.00        59
          O       0.00      0.00      0.00         1
          P       0.00      0.00      0.00        68
          R       0.39      0.21      0.27       102

avg / total       0.25      0.41      0.28       465

[[171   0   0   0   0   0   8]
 [ 13   0   0   0   0   0   7]
 [ 35   0   0   0   0   0   1]
 [ 46   0   0   0   0   0  13]
 [  1   0   0   0   0   0   0]
 [ 64   0   0   0   0   0   4]
 [ 81   0   0   0   0   0  21]]

SVM linear
Classification_report:
             precision    recall  f1-score   support

          B       0.56      0.83      0.67       179
          C       0.20      0.05      0.08        20
          G       0.00      0.00      0.00        36
          M       0.47      0.24      0.31        59
          O       0.00      0.00      0.00         1
          P       0.58      0.43      0.49        68
          R       0.41      0.47      0.44       102

avg / total       0.46      0.52      0.47       465

[[148   0   0   4   0   5  22]
 [  7   1   0   1   0   3   8]
 [ 32   1   0   1   0   1   1]
 [ 15   1   0  14   0   3  26]
 [  0   0   0   0   0   1   0]
 [ 26   1   0   1   0  29  11]
 [ 36   1   0   9   0   8  48]]

KNN
Classification_report:
             precision    recall  f1-score   support

          B       0.45      0.72      0.55       179
          C       0.44      0.20      0.28        20
          G       0.08      0.06      0.07        36
          M       0.03      0.02      0.02        59
          O       0.00      0.00      0.00         1
          P       0.24      0.15      0.18        68
          R       0.35      0.25      0.29       102

avg / total       0.31      0.37      0.32       465

[[128   0  15   7   0  11  18]
 [  9   4   0   3   0   2   2]
 [ 25   0   2   2   0   5   2]
 [ 39   1   2   1   0   4  12]
 [  0   0   0   1   0   0   0]
 [ 39   0   3   4   0  10  12]
 [ 47   4   2  14   0  10  25]]

NB
Classification_report:
             precision    recall  f1-score   support

          B       0.53      0.17      0.25       179
          C       0.20      0.15      0.17        20
          G       0.17      0.67      0.27        36
          M       0.25      0.56      0.34        59
          O       0.00      0.00      0.00         1
          P       0.39      0.54      0.46        68
          R       0.23      0.06      0.09       102

avg / total       0.36      0.29      0.26       465

[[30  4 85 33  0 24  3]
 [ 3  3  2  5  0  2  5]
 [ 5  0 24  4  0  1  2]
 [ 2  2  6 33  0 10  6]
 [ 1  0  0  0  0  0  0]
 [ 4  1  3 19  0 37  4]
 [12  5 20 39  0 20  6]]

DT
Classification_report:
             precision    recall  f1-score   support

          B       0.49      0.52      0.51       179
          C       0.07      0.05      0.06        20
          G       0.07      0.08      0.08        36
          M       0.19      0.19      0.19        59
          O       0.00      0.00      0.00         1
          P       0.42      0.41      0.41        68
          R       0.29      0.27      0.28       102

avg / total       0.35      0.35      0.35       465

[[93  6 21 21  0 15 23]
 [ 9  1  0  0  0  5  5]
 [20  2  3  5  0  2  4]
 [13  1  5 11  0  8 21]
 [ 0  0  0  1  0  0  0]
 [14  2  5  5  0 28 14]
 [39  3  7 16  0  9 28]]

CRF
Classification_report:
             precision    recall  f1-score   support

          B       0.63      0.84      0.72       179
          C       0.52      0.65      0.58        20
          G       0.43      0.17      0.24        36
          M       0.35      0.20      0.26        59
          O       0.00      0.00      0.00         1
          P       0.48      0.35      0.41        68
          R       0.49      0.49      0.49       102

avg / total       0.52      0.55      0.52       465

CRF 2.0
Classification_report:
             precision    recall  f1-score   support

          B       0.64      0.84      0.72       179
          C       0.38      0.25      0.30        20
          G       0.27      0.08      0.13        36
          M       0.46      0.27      0.34        59
          O       0.00      0.00      0.00         1
          P       0.66      0.51      0.58        68
          R       0.47      0.54      0.50       102

avg / total       0.54      0.57      0.54       465


SVM RBF
Classification_report:
             precision    recall  f1-score   support

          B       0.38      0.74      0.50       256
          C       0.00      0.00      0.00        40
          G       0.00      0.00      0.00        72
          M       0.00      0.00      0.00       104
          O       0.00      0.00      0.00         7
          P       0.00      0.00      0.00       133
          R       0.35      0.52      0.42       219

avg / total       0.21      0.37      0.26       831

[[190   0   0   0   0   0  66]
 [  9   0   0   0   0   0  31]
 [ 54   0   0   0   0   0  18]
 [ 48   0   0   0   0   0  56]
 [  2   0   0   0   0   0   5]
 [ 93   0   0   0   0   0  40]
 [105   0   0   0   0   0 114]]

SVM linear
Classification_report:
             precision    recall  f1-score   support

          B       0.57      0.80      0.66       256
          C       0.50      0.05      0.09        40
          G       0.57      0.06      0.10        72
          M       0.26      0.10      0.14       104
          O       0.00      0.00      0.00         7
          P       0.66      0.58      0.62       133
          R       0.46      0.64      0.54       219

avg / total       0.51      0.53      0.48       831

[[204   1   2   5   0  13  31]
 [  9   2   0   1   0   4  24]
 [ 61   0   4   0   0   0   7]
 [ 20   0   1  10   0   3  70]
 [  0   0   0   0   0   3   4]
 [ 24   0   0   4   0  77  28]
 [ 42   1   0  18   1  16 141]]

KNN
Classification_report:
             precision    recall  f1-score   support

          B       0.42      0.57      0.49       256
          C       0.16      0.17      0.17        40
          G       0.18      0.18      0.18        72
          M       0.26      0.19      0.22       104
          O       0.00      0.00      0.00         7
          P       0.42      0.35      0.38       133
          R       0.40      0.33      0.36       219

avg / total       0.36      0.37      0.36       831

[[146   7  36  10   0  25  32]
 [ 17   7   1   5   0   4   6]
 [ 36   3  13   1   0  10   9]
 [ 31   4   3  20   0   9  37]
 [  2   0   0   2   0   0   3]
 [ 43   3   7  11   0  46  23]
 [ 71  20  12  29   0  15  72]]

NB
Classification_report:
             precision    recall  f1-score   support

          B       0.48      0.16      0.24       256
          C       0.13      0.33      0.18        40
          G       0.16      0.65      0.26        72
          M       0.27      0.38      0.32       104
          O       0.00      0.00      0.00         7
          P       0.57      0.47      0.52       133
          R       0.32      0.11      0.16       219

avg / total       0.38      0.27      0.27       831

[[ 42  21 126  33   5  20   9]
 [  2  13   9   1   3   4   8]
 [ 13   3  47   4   0   3   2]
 [  9   7  30  39   0   5  14]
 [  1   0   0   0   0   1   5]
 [  8  24   6  17   3  63  12]
 [ 12  34  78  48   9  14  24]]

DT
Classification_report:
             precision    recall  f1-score   support

          B       0.46      0.49      0.48       256
          C       0.30      0.23      0.26        40
          G       0.15      0.14      0.14        72
          M       0.23      0.27      0.25       104
          O       0.00      0.00      0.00         7
          P       0.54      0.56      0.55       133
          R       0.39      0.35      0.37       219

avg / total       0.39      0.39      0.39       831

[[125   4  30  35   0  25  37]
 [  9   9   5   1   0   8   8]
 [ 38   3  10   7   0   0  14]
 [ 18   4   5  28   2   7  40]
 [  0   0   0   0   0   3   4]
 [ 20   1   5  14   1  74  18]
 [ 60   9  12  39   2  20  77]]

CRF
Classification_report:
             precision    recall  f1-score   support

          B       0.55      0.77      0.64       256
          C       0.48      0.30      0.37        40
          G       0.17      0.01      0.03        72
          M       0.11      0.03      0.05       104
          O       1.00      0.43      0.60         7
          P       0.56      0.44      0.49       133
          R       0.49      0.68      0.57       219

avg / total       0.45      0.51      0.46       831

CRF 2.0
Classification_report:
             precision    recall  f1-score   support

          B       0.63      0.80      0.71       256
          C       0.33      0.23      0.27        40
          G       0.38      0.19      0.26        72
          M       0.33      0.27      0.30       104
          O       0.00      0.00      0.00         7
          P       0.71      0.60      0.65       133
          R       0.55      0.61      0.57       219

avg / total       0.54      0.57      0.55       831
