SVM RBF
Classification_report:
             precision    recall  f1-score   support

          B       0.51      0.58      0.55        77
          C       0.00      0.00      0.00        20
          G       0.00      0.00      0.00        36
          M       0.00      0.00      0.00        45
          O       0.00      0.00      0.00         6
          P       0.90      0.14      0.24        65
          R       0.40      0.92      0.56       117

avg / total       0.40      0.44      0.34       366

[[ 45   0   0   0   0   0  32]
 [  1   0   0   0   0   0  19]
 [ 16   0   0   0   0   0  20]
 [  2   0   0   0   0   1  42]
 [  0   0   0   0   0   0   6]
 [ 15   0   0   0   0   9  41]
 [  9   0   0   0   0   0 108]]

SVM linear
Classification_report:
             precision    recall  f1-score   support

          B       0.49      0.56      0.52        77
          C       0.25      0.30      0.27        20
          G       0.45      0.36      0.40        36
          M       0.26      0.29      0.27        45
          O       1.00      0.50      0.67         6
          P       0.62      0.57      0.59        65
          R       0.54      0.51      0.52       117

avg / total       0.49      0.48      0.48       366

[[43  2 11  6  0  6  9]
 [ 2  6  0  1  0  3  8]
 [16  0 13  0  0  0  7]
 [ 9  2  0 13  0  3 18]
 [ 0  0  0  0  3  2  1]
 [10  2  3  4  0 37  9]
 [ 8 12  2 26  0  9 60]]

KNN
Classification_report:
             precision    recall  f1-score   support

          B       0.41      0.38      0.39        77
          C       0.14      0.45      0.21        20
          G       0.29      0.28      0.29        36
          M       0.18      0.16      0.17        45
          O       1.00      0.17      0.29         6
          P       0.38      0.45      0.41        65
          R       0.48      0.32      0.39       117

avg / total       0.38      0.34      0.34       366

[[29  5 10  8  0 19  6]
 [ 0  9  3  0  0  2  6]
 [10  8 10  0  0  4  4]
 [ 4  8  1  7  0  7 18]
 [ 0  4  0  1  1  0  0]
 [11  8  4  6  0 29  7]
 [17 24  6 17  0 15 38]]

NB
Classification_report:
             precision    recall  f1-score   support

          B       0.46      0.35      0.40        77
          C       0.42      0.25      0.31        20
          G       0.22      0.64      0.32        36
          M       0.33      0.42      0.37        45
          O       0.10      0.33      0.15         6
          P       0.65      0.65      0.65        65
          R       0.36      0.15      0.21       117

avg / total       0.41      0.37      0.36       366

[[27  0 29  4  4  9  4]
 [ 0  5  4  0  1  1  9]
 [ 9  0 23  2  0  1  1]
 [ 5  3  7 19  2  2  7]
 [ 0  0  0  0  2  0  4]
 [ 8  0  1  7  2 42  5]
 [10  4 42 25  9 10 17]]

DT
Classification_report:
             precision    recall  f1-score   support

          B       0.39      0.39      0.39        77
          C       0.14      0.15      0.14        20
          G       0.23      0.25      0.24        36
          M       0.24      0.24      0.24        45
          O       0.00      0.00      0.00         6
          P       0.61      0.57      0.59        65
          R       0.44      0.43      0.43       117

avg / total       0.39      0.38      0.39       366

[[30  2 10 12  0  4 19]
 [ 2  3  4  2  0  1  8]
 [ 9  2  9  4  0  4  8]
 [ 9  2  2 11  1  1 19]
 [ 0  0  0  0  0  5  1]
 [ 6  1  3  4  5 37  9]
 [20 12 12 13  1  9 50]]

CRF
Classification_report:
             precision    recall  f1-score   support

          B       0.52      0.52      0.52        77
          C       0.48      0.55      0.51        20
          G       0.19      0.08      0.12        36
          M       0.18      0.04      0.07        45
          O       0.00      0.00      0.00         6
          P       0.58      0.48      0.53        65
          R       0.52      0.82      0.63       117

avg / total       0.45      0.50      0.45       366

CRF 2.0
Classification_report:
             precision    recall  f1-score   support

          B       0.55      0.55      0.55        77
          C       0.33      0.25      0.29        20
          G       0.28      0.28      0.28        36
          M       0.36      0.29      0.32        45
          O       0.00      0.00      0.00         6
          P       0.66      0.63      0.65        65
          R       0.54      0.65      0.59       117

avg / total       0.50      0.51      0.50       366


SVM RBF
Classification_report:
             precision    recall  f1-score   support

          B       0.44      0.94      0.60       179
          C       0.00      0.00      0.00        20
          G       0.00      0.00      0.00        36
          M       0.00      0.00      0.00        59
          O       0.00      0.00      0.00         1
          P       1.00      0.04      0.08        68
          R       0.39      0.29      0.34       102

avg / total       0.40      0.43      0.32       465

[[169   0   0   0   0   0  10]
 [ 10   0   0   0   0   0  10]
 [ 35   0   0   0   0   0   1]
 [ 43   0   0   0   0   0  16]
 [  1   0   0   0   0   0   0]
 [ 55   0   0   0   0   3  10]
 [ 72   0   0   0   0   0  30]]

SVM linear
Classification_report:
             precision    recall  f1-score   support

          B       0.56      0.64      0.59       179
          C       0.24      0.20      0.22        20
          G       0.29      0.19      0.23        36
          M       0.19      0.20      0.20        59
          O       0.00      0.00      0.00         1
          P       0.44      0.46      0.45        68
          R       0.30      0.25      0.28       102

avg / total       0.40      0.42      0.41       465

[[114   4  14  17   0  10  20]
 [  4   4   1   1   0   4   6]
 [ 25   1   7   1   0   0   2]
 [ 15   1   0  12   0   9  22]
 [  0   0   0   0   0   1   0]
 [ 13   3   2   8   0  31  11]
 [ 34   4   0  23   0  15  26]]

KNN
Classification_report:
             precision    recall  f1-score   support

          B       0.49      0.66      0.56       179
          C       0.12      0.20      0.15        20
          G       0.15      0.11      0.13        36
          M       0.27      0.19      0.22        59
          O       0.00      0.00      0.00         1
          P       0.34      0.24      0.28        68
          R       0.33      0.25      0.28       102

avg / total       0.36      0.38      0.36       465

[[118   6  11   8   0  14  22]
 [  8   4   1   1   0   2   4]
 [ 25   0   4   2   0   3   2]
 [ 23   4   3  11   0   4  14]
 [  1   0   0   0   0   0   0]
 [ 30   8   1   5   0  16   8]
 [ 38  10   7  14   0   8  25]]

NB
Classification_report:
             precision    recall  f1-score   support

          B       0.55      0.20      0.29       179
          C       0.21      0.15      0.18        20
          G       0.18      0.67      0.28        36
          M       0.26      0.54      0.35        59
          O       0.00      0.00      0.00         1
          P       0.45      0.66      0.54        68
          R       0.26      0.07      0.11       102

avg / total       0.39      0.32      0.29       465

[[36  3 81 33  0 23  3]
 [ 4  3  2  4  0  2  5]
 [ 6  0 24  4  0  0  2]
 [ 3  2  6 32  0 10  6]
 [ 1  0  0  0  0  0  0]
 [ 4  1  2 12  0 45  4]
 [12  5 20 38  0 20  7]]

DT
Classification_report:
             precision    recall  f1-score   support

          B       0.46      0.39      0.42       179
          C       0.00      0.00      0.00        20
          G       0.05      0.06      0.05        36
          M       0.16      0.17      0.17        59
          O       0.00      0.00      0.00         1
          P       0.49      0.49      0.49        68
          R       0.26      0.30      0.28       102

avg / total       0.33      0.31      0.32       465

[[70 11 21 23  0 11 43]
 [ 7  0  1  4  0  2  6]
 [18  3  2  3  0  4  6]
 [13  5  6 10  0  4 21]
 [ 0  0  0  1  0  0  0]
 [11  4  4  5  0 33 11]
 [32  1  9 16  0 13 31]]

CRF
Classification_report:
             precision    recall  f1-score   support

          B       0.66      0.89      0.76       179
          C       0.67      0.60      0.63        20
          G       0.31      0.14      0.19        36
          M       0.33      0.22      0.27        59
          O       0.00      0.00      0.00         1
          P       0.49      0.37      0.42        68
          R       0.48      0.46      0.47       102

avg / total       0.53      0.56      0.53       465

CRF 2.0
Classification_report:
             precision    recall  f1-score   support

          B       0.67      0.73      0.70       179
          C       0.42      0.25      0.31        20
          G       0.29      0.22      0.25        36
          M       0.36      0.34      0.35        59
          O       0.00      0.00      0.00         1
          P       0.49      0.49      0.49        68
          R       0.49      0.52      0.50       102

avg / total       0.52      0.54      0.53       465


SVM RBF
Classification_report:
             precision    recall  f1-score   support

          B       0.46      0.84      0.59       256
          C       0.00      0.00      0.00        40
          G       0.00      0.00      0.00        72
          M       0.00      0.00      0.00       104
          O       0.00      0.00      0.00         7
          P       0.88      0.27      0.41       133
          R       0.43      0.63      0.51       219

avg / total       0.39      0.47      0.38       831

[[214   0   0   0   0   0  42]
 [ 10   0   0   0   0   0  30]
 [ 63   0   0   0   0   0   9]
 [ 40   0   0   0   0   1  63]
 [  0   0   0   0   0   1   6]
 [ 60   0   0   0   0  36  37]
 [ 77   0   0   0   0   3 139]]

SVM linear
Classification_report:
             precision    recall  f1-score   support

          B       0.51      0.58      0.54       256
          C       0.14      0.15      0.14        40
          G       0.28      0.26      0.27        72
          M       0.33      0.31      0.32       104
          O       0.20      0.14      0.17         7
          P       0.60      0.56      0.58       133
          R       0.50      0.46      0.48       219

avg / total       0.46      0.46      0.46       831

[[148  10  40  14   0  15  29]
 [  9   6   2   2   1   6  14]
 [ 43   1  19   1   0   3   5]
 [ 24   4   1  32   0   7  36]
 [  0   1   0   0   1   3   2]
 [ 24   3   5  11   1  74  15]
 [ 45  19   2  36   2  15 100]]

KNN
Classification_report:
             precision    recall  f1-score   support

          B       0.47      0.55      0.51       256
          C       0.11      0.25      0.15        40
          G       0.29      0.24      0.26        72
          M       0.19      0.15      0.17       104
          O       0.33      0.14      0.20         7
          P       0.45      0.40      0.42       133
          R       0.36      0.28      0.32       219

avg / total       0.37      0.36      0.36       831

[[142  19  26  16   0  26  27]
 [  5  10   3   3   0   5  14]
 [ 33   5  17   3   0   3  11]
 [ 33   9   1  16   0   9  36]
 [  2   1   0   1   1   1   1]
 [ 33  16   4   7   1  53  19]
 [ 55  33   8  38   1  22  62]]

NB
Classification_report:
             precision    recall  f1-score   support

          B       0.49      0.17      0.25       256
          C       0.15      0.33      0.20        40
          G       0.17      0.65      0.27        72
          M       0.29      0.45      0.35       104
          O       0.00      0.00      0.00         7
          P       0.60      0.54      0.57       133
          R       0.33      0.12      0.18       219

avg / total       0.39      0.30      0.29       831

[[ 43  18 124  35   5  22   9]
 [  2  13   8   2   2   4   9]
 [ 14   3  47   4   0   2   2]
 [  8   7  22  47   0   5  15]
 [  1   0   0   0   0   1   5]
 [  7  20   5  15   2  72  12]
 [ 13  27  73  59   7  14  26]]

DT
Classification_report:
             precision    recall  f1-score   support

          B       0.49      0.49      0.49       256
          C       0.06      0.05      0.06        40
          G       0.13      0.14      0.14        72
          M       0.15      0.16      0.16       104
          O       0.17      0.14      0.15         7
          P       0.55      0.56      0.55       133
          R       0.36      0.36      0.36       219

avg / total       0.37      0.37      0.37       831

[[126  12  28  20   2  18  50]
 [  7   2   4   8   0   4  15]
 [ 31   2  10  12   0   3  14]
 [ 21   6  10  17   0  11  39]
 [  0   1   0   0   1   2   3]
 [ 24   4   3   6   2  74  20]
 [ 46   4  20  48   1  22  78]]

CRF
Classification_report:
             precision    recall  f1-score   support

          B       0.56      0.80      0.66       256
          C       0.44      0.30      0.36        40
          G       0.17      0.01      0.03        72
          M       0.09      0.02      0.03       104
          O       0.00      0.00      0.00         7
          P       0.58      0.47      0.52       133
          R       0.49      0.67      0.57       219

avg / total       0.44      0.52      0.46       831

CRF 2.0
Classification_report:
             precision    recall  f1-score   support

          B       0.67      0.68      0.67       256
          C       0.41      0.38      0.39        40
          G       0.31      0.26      0.28        72
          M       0.39      0.36      0.37       104
          O       0.00      0.00      0.00         7
          P       0.59      0.59      0.59       133
          R       0.53      0.58      0.55       219

avg / total       0.53      0.54      0.54       831
