SVM RBF
Classification_report:
             precision    recall  f1-score   support

          B       0.37      0.69      0.48        77
          C       0.00      0.00      0.00        20
          G       0.00      0.00      0.00        36
          M       0.00      0.00      0.00        45
          O       0.00      0.00      0.00         6
          P       0.00      0.00      0.00        65
          R       0.40      0.77      0.53       117

avg / total       0.21      0.39      0.27       366

[[53  0  0  0  0  0 24]
 [ 1  0  0  0  0  0 19]
 [18  0  0  0  0  0 18]
 [11  0  0  0  0  0 34]
 [ 0  0  0  0  0  0  6]
 [33  0  0  0  0  0 32]
 [27  0  0  0  0  0 90]]

SVM linear
Classification_report:
             precision    recall  f1-score   support

          B       0.53      0.61      0.57        77
          C       0.20      0.05      0.08        20
          G       0.47      0.25      0.33        36
          M       0.26      0.13      0.18        45
          O       1.00      0.17      0.29         6
          P       0.70      0.68      0.69        65
          R       0.49      0.69      0.57       117

avg / total       0.50      0.52      0.49       366

[[47  0  8  3  0  5 14]
 [ 2  1  0  0  0  1 16]
 [18  0  9  0  0  0  9]
 [ 5  0  1  6  0  2 31]
 [ 0  0  0  0  1  3  2]
 [ 4  0  1  2  0 44 14]
 [12  4  0 12  0  8 81]]

KNN
Classification_report:
             precision    recall  f1-score   support

          B       0.39      0.45      0.42        77
          C       0.07      0.15      0.09        20
          G       0.23      0.25      0.24        36
          M       0.24      0.11      0.15        45
          O       0.00      0.00      0.00         6
          P       0.39      0.49      0.44        65
          R       0.49      0.38      0.43       117

avg / total       0.36      0.35      0.35       366

[[35  4  7  2  0 17 12]
 [ 1  3  2  3  0  5  6]
 [12  6  9  1  0  4  4]
 [12  7  5  5  0  6 10]
 [ 0  1  1  0  0  3  1]
 [ 9  7  2  3  0 32 12]
 [21 16 14  7  0 15 44]]

NB
Classification_report:
             precision    recall  f1-score   support

          B       0.46      0.34      0.39        77
          C       0.38      0.25      0.30        20
          G       0.18      0.64      0.28        36
          M       0.33      0.29      0.31        45
          O       0.10      0.33      0.15         6
          P       0.66      0.65      0.65        65
          R       0.34      0.13      0.19       117

avg / total       0.40      0.34      0.34       366

[[26  0 32  2  4  9  4]
 [ 0  5  4  0  1  1  9]
 [ 9  0 23  2  0  1  1]
 [ 3  3 15 13  2  2  7]
 [ 0  0  0  0  2  0  4]
 [10  0  2  5  2 42  4]
 [ 9  5 53 17  9  9 15]]

DT
Classification_report:
             precision    recall  f1-score   support

          B       0.39      0.36      0.38        77
          C       0.16      0.20      0.18        20
          G       0.11      0.11      0.11        36
          M       0.14      0.13      0.14        45
          O       0.20      0.17      0.18         6
          P       0.62      0.69      0.66        65
          R       0.49      0.47      0.48       117

avg / total       0.39      0.39      0.39       366

[[28  3 16 11  0  7 12]
 [ 2  4  2  2  0  0 10]
 [13  7  4  2  0  5  5]
 [11  4  3  6  0  1 20]
 [ 0  0  0  0  1  3  2]
 [ 1  1  1  5  3 45  9]
 [16  6 11 17  1 11 55]]

CRF
Classification_report:
             precision    recall  f1-score   support

          B       0.58      0.53      0.55        77
          C       0.45      0.50      0.48        20
          G       0.11      0.06      0.07        36
          M       0.20      0.04      0.07        45
          O       0.00      0.00      0.00         6
          P       0.54      0.43      0.48        65
          R       0.52      0.85      0.65       117

avg / total       0.44      0.50      0.45       366

CRF 2.0
Classification_report:
             precision    recall  f1-score   support

          B       0.51      0.62      0.56        77
          C       0.33      0.10      0.15        20
          G       0.41      0.19      0.26        36
          M       0.24      0.09      0.13        45
          O       0.00      0.00      0.00         6
          P       0.69      0.54      0.60        65
          R       0.50      0.73      0.59       117

avg / total       0.48      0.49      0.46       366


SVM RBF
Classification_report:
             precision    recall  f1-score   support

          B       0.42      0.96      0.58       179
          C       0.00      0.00      0.00        20
          G       0.00      0.00      0.00        36
          M       0.00      0.00      0.00        59
          O       0.00      0.00      0.00         1
          P       0.00      0.00      0.00        68
          R       0.38      0.20      0.26       102

avg / total       0.24      0.41      0.28       465

[[171   0   0   0   0   0   8]
 [ 13   0   0   0   0   0   7]
 [ 35   0   0   0   0   0   1]
 [ 46   0   0   0   0   0  13]
 [  1   0   0   0   0   0   0]
 [ 64   0   0   0   0   0   4]
 [ 82   0   0   0   0   0  20]]

SVM linear
Classification_report:
             precision    recall  f1-score   support

          B       0.59      0.78      0.67       179
          C       0.18      0.10      0.13        20
          G       0.33      0.08      0.13        36
          M       0.33      0.24      0.28        59
          O       0.00      0.00      0.00         1
          P       0.60      0.53      0.56        68
          R       0.39      0.40      0.40       102

avg / total       0.48      0.51      0.48       465

[[140   1   4   6   0   9  19]
 [  5   2   1   0   0   3   9]
 [ 31   1   3   1   0   0   0]
 [ 15   3   0  14   0   4  23]
 [  0   0   0   0   0   0   1]
 [ 16   0   0   4   0  36  12]
 [ 31   4   1  17   0   8  41]]

KNN
Classification_report:
             precision    recall  f1-score   support

          B       0.45      0.68      0.54       179
          C       0.38      0.25      0.30        20
          G       0.16      0.14      0.15        36
          M       0.09      0.05      0.07        59
          O       0.00      0.00      0.00         1
          P       0.31      0.19      0.24        68
          R       0.32      0.24      0.27       102

avg / total       0.33      0.37      0.34       465

[[122   0  19   8   0   8  22]
 [ 10   5   0   2   0   2   1]
 [ 26   0   5   2   0   2   1]
 [ 31   2   2   3   0   6  15]
 [  0   0   0   0   0   1   0]
 [ 36   1   1   5   0  13  12]
 [ 47   5   4  12   0  10  24]]

NB
Classification_report:
             precision    recall  f1-score   support

          B       0.55      0.18      0.28       179
          C       0.21      0.15      0.18        20
          G       0.17      0.67      0.27        36
          M       0.25      0.56      0.34        59
          O       0.00      0.00      0.00         1
          P       0.41      0.56      0.47        68
          R       0.23      0.06      0.09       102

avg / total       0.38      0.29      0.27       465

[[33  3 85 33  0 22  3]
 [ 3  3  2  5  0  2  5]
 [ 5  0 24  5  0  0  2]
 [ 2  2  6 33  0 10  6]
 [ 1  0  0  0  0  0  0]
 [ 4  1  3 18  0 38  4]
 [12  5 20 39  0 20  6]]

DT
Classification_report:
             precision    recall  f1-score   support

          B       0.50      0.46      0.48       179
          C       0.04      0.05      0.04        20
          G       0.09      0.08      0.09        36
          M       0.21      0.20      0.21        59
          O       0.00      0.00      0.00         1
          P       0.40      0.41      0.41        68
          R       0.20      0.22      0.21       102

avg / total       0.33      0.32      0.32       465

[[83 15 15 17  0 16 33]
 [ 5  1  1  1  1  4  7]
 [21  2  3  4  0  1  5]
 [13  0  1 12  0  7 26]
 [ 0  0  0  0  0  0  1]
 [16  3  1  5  0 28 15]
 [29  4 13 19  1 14 22]]

CRF
Classification_report:
             precision    recall  f1-score   support

          B       0.62      0.84      0.71       179
          C       0.62      0.65      0.63        20
          G       0.33      0.14      0.20        36
          M       0.31      0.19      0.23        59
          O       0.00      0.00      0.00         1
          P       0.46      0.34      0.39        68
          R       0.46      0.45      0.46       102

avg / total       0.50      0.53      0.50       465

CRF 2.0
Classification_report:
             precision    recall  f1-score   support

          B       0.62      0.87      0.73       179
          C       0.54      0.35      0.42        20
          G       0.35      0.17      0.23        36
          M       0.52      0.41      0.46        59
          O       0.00      0.00      0.00         1
          P       0.63      0.46      0.53        68
          R       0.50      0.45      0.47       102

avg / total       0.56      0.58      0.55       465


SVM RBF
Classification_report:
             precision    recall  f1-score   support

          B       0.38      0.80      0.52       256
          C       0.00      0.00      0.00        40
          G       0.00      0.00      0.00        72
          M       0.00      0.00      0.00       104
          O       0.00      0.00      0.00         7
          P       0.00      0.00      0.00       133
          R       0.37      0.48      0.42       219

avg / total       0.21      0.38      0.27       831

[[206   0   0   0   0   0  50]
 [ 12   0   0   0   0   0  28]
 [ 59   0   0   0   0   0  13]
 [ 54   0   0   0   0   0  50]
 [  2   0   0   0   0   0   5]
 [ 98   0   0   0   0   0  35]
 [113   0   0   0   0   0 106]]

SVM linear
Classification_report:
             precision    recall  f1-score   support

          B       0.53      0.70      0.60       256
          C       0.42      0.12      0.19        40
          G       0.41      0.15      0.22        72
          M       0.26      0.14      0.19       104
          O       0.00      0.00      0.00         7
          P       0.65      0.58      0.61       133
          R       0.44      0.55      0.49       219

avg / total       0.47      0.49      0.46       831

[[180   0  14   9   0  15  38]
 [ 10   5   0   1   0   3  21]
 [ 56   0  11   0   0   0   5]
 [ 22   2   1  15   0   5  59]
 [  0   1   0   0   0   4   2]
 [ 25   0   1   3   0  77  27]
 [ 49   4   0  30   1  15 120]]

KNN
Classification_report:
             precision    recall  f1-score   support

          B       0.45      0.53      0.49       256
          C       0.10      0.17      0.13        40
          G       0.14      0.17      0.15        72
          M       0.27      0.16      0.20       104
          O       0.00      0.00      0.00         7
          P       0.39      0.41      0.40       133
          R       0.37      0.28      0.32       219

avg / total       0.35      0.35      0.34       831

[[136  13  41   7   0  29  30]
 [ 13   7   1   3   0   7   9]
 [ 37   5  12   1   0   8   9]
 [ 27   8   5  17   0  12  35]
 [  1   0   1   1   0   2   2]
 [ 36   6   4  11   0  54  22]
 [ 54  29  24  24   0  26  62]]

NB
Classification_report:
             precision    recall  f1-score   support

          B       0.48      0.16      0.24       256
          C       0.14      0.33      0.19        40
          G       0.16      0.65      0.26        72
          M       0.26      0.38      0.31       104
          O       0.00      0.00      0.00         7
          P       0.59      0.48      0.53       133
          R       0.32      0.11      0.17       219

avg / total       0.38      0.28      0.28       831

[[ 42  19 126  35   5  20   9]
 [  2  13   9   1   2   4   9]
 [ 13   3  47   4   0   3   2]
 [  9   6  30  40   0   5  14]
 [  1   0   0   0   0   1   5]
 [  8  23   6  17   2  64  13]
 [ 12  30  78  54   8  12  25]]

DT
Classification_report:
             precision    recall  f1-score   support

          B       0.49      0.46      0.48       256
          C       0.12      0.12      0.12        40
          G       0.16      0.15      0.15        72
          M       0.22      0.22      0.22       104
          O       0.12      0.14      0.13         7
          P       0.62      0.55      0.58       133
          R       0.40      0.45      0.42       219

avg / total       0.40      0.40      0.40       831

[[119  15  28  24   1  13  56]
 [  8   5   6   6   1   4  10]
 [ 30   1  11   7   1   3  19]
 [ 21  10   4  23   2   4  40]
 [  2   0   0   1   1   1   2]
 [ 17   3   5  13   1  73  21]
 [ 47   7  16  31   1  19  98]]

CRF
Classification_report:
             precision    recall  f1-score   support

          B       0.57      0.76      0.65       256
          C       0.57      0.33      0.41        40
          G       0.14      0.01      0.03        72
          M       0.10      0.03      0.05       104
          O       0.00      0.00      0.00         7
          P       0.58      0.46      0.51       133
          R       0.49      0.73      0.59       219

avg / total       0.45      0.52      0.47       831

CRF 2.0
Classification_report:
             precision    recall  f1-score   support

          B       0.66      0.79      0.72       256
          C       0.52      0.33      0.40        40
          G       0.37      0.18      0.24        72
          M       0.28      0.28      0.28       104
          O       0.00      0.00      0.00         7
          P       0.71      0.59      0.65       133
          R       0.49      0.56      0.52       219

avg / total       0.54      0.55      0.54       831
