SVM RBF
Classification_report:
             precision    recall  f1-score   support

          B       0.00      0.00      0.00        77
          C       0.00      0.00      0.00        20
          G       0.00      0.00      0.00        36
          M       0.00      0.00      0.00        45
          O       0.00      0.00      0.00         6
          P       0.00      0.00      0.00        65
          R       0.32      1.00      0.48       117

avg / total       0.10      0.32      0.15       366

[[  0   0   0   0   0   0  77]
 [  0   0   0   0   0   0  20]
 [  0   0   0   0   0   0  36]
 [  0   0   0   0   0   0  45]
 [  0   0   0   0   0   0   6]
 [  0   0   0   0   0   0  65]
 [  0   0   0   0   0   0 117]]

SVM linear
Classification_report:
             precision    recall  f1-score   support

          B       0.55      0.68      0.60        77
          C       0.50      0.05      0.09        20
          G       0.42      0.14      0.21        36
          M       0.43      0.13      0.20        45
          O       0.00      0.00      0.00         6
          P       0.83      0.68      0.75        65
          R       0.50      0.81      0.62       117

avg / total       0.54      0.55      0.51       366

[[52  0  4  1  0  2 18]
 [ 1  1  0  0  0  1 17]
 [20  0  5  0  0  0 11]
 [ 4  1  1  6  0  1 32]
 [ 0  0  0  0  0  2  4]
 [ 6  0  2  0  0 44 13]
 [12  0  0  7  0  3 95]]

KNN
Classification_report:
             precision    recall  f1-score   support

          B       0.47      0.47      0.47        77
          C       0.04      0.10      0.06        20
          G       0.20      0.31      0.24        36
          M       0.21      0.13      0.16        45
          O       0.00      0.00      0.00         6
          P       0.35      0.49      0.41        65
          R       0.54      0.31      0.39       117

avg / total       0.38      0.34      0.34       366

[[36  4 13  5  0 11  8]
 [ 2  2  0  3  0  7  6]
 [ 8  4 11  3  0  7  3]
 [ 7  9  9  6  0  8  6]
 [ 0  1  1  0  0  3  1]
 [ 9  8  5  4  0 32  7]
 [15 17 17  8  0 24 36]]

NB
Classification_report:
             precision    recall  f1-score   support

          B       0.43      0.39      0.41        77
          C       0.42      0.25      0.31        20
          G       0.22      0.58      0.32        36
          M       0.30      0.40      0.34        45
          O       0.10      0.33      0.15         6
          P       0.65      0.62      0.63        65
          R       0.36      0.15      0.21       117

avg / total       0.40      0.36      0.36       366

[[30  0 26  5  4  8  4]
 [ 0  5  4  0  1  1  9]
 [11  0 21  2  0  1  1]
 [ 5  3  8 18  2  2  7]
 [ 0  0  0  0  2  0  4]
 [11  0  1  6  2 40  5]
 [13  4 34 30  9 10 17]]

DT
Classification_report:
             precision    recall  f1-score   support

          B       0.43      0.39      0.41        77
          C       0.08      0.05      0.06        20
          G       0.18      0.19      0.19        36
          M       0.28      0.31      0.29        45
          O       0.00      0.00      0.00         6
          P       0.53      0.60      0.56        65
          R       0.45      0.45      0.45       117

avg / total       0.38      0.39      0.39       366

[[30  1  9  9  0 12 16]
 [ 2  1  1  3  0  3 10]
 [10  2  7  6  0  1 10]
 [ 8  2  6 14  0  2 13]
 [ 0  0  0  0  0  3  3]
 [ 2  3  5  2  0 39 14]
 [17  3 11 16  3 14 53]]

CRF
Classification_report:
             precision    recall  f1-score   support

          B       0.53      0.51      0.52        77
          C       0.43      0.45      0.44        20
          G       0.13      0.06      0.08        36
          M       0.21      0.07      0.10        45
          O       0.00      0.00      0.00         6
          P       0.54      0.43      0.48        65
          R       0.51      0.81      0.62       117

avg / total       0.43      0.48      0.44       366

CRF 2.0
Classification_report:
             precision    recall  f1-score   support

          B       0.60      0.69      0.64        77
          C       0.20      0.05      0.08        20
          G       0.43      0.17      0.24        36
          M       0.33      0.04      0.08        45
          O       0.00      0.00      0.00         6
          P       0.86      0.68      0.76        65
          R       0.50      0.85      0.63       117

avg / total       0.53      0.56      0.51       366


SVM RBF
Classification_report:
             precision    recall  f1-score   support

          B       0.42      0.95      0.58       179
          C       0.00      0.00      0.00        20
          G       0.00      0.00      0.00        36
          M       0.00      0.00      0.00        59
          O       0.00      0.00      0.00         1
          P       0.00      0.00      0.00        68
          R       0.39      0.22      0.28       102

avg / total       0.25      0.41      0.28       465

[[170   0   0   0   0   0   9]
 [ 13   0   0   0   0   0   7]
 [ 35   0   0   0   0   0   1]
 [ 46   0   0   0   0   0  13]
 [  1   0   0   0   0   0   0]
 [ 64   0   0   0   0   0   4]
 [ 80   0   0   0   0   0  22]]

SVM linear
Classification_report:
             precision    recall  f1-score   support

          B       0.59      0.86      0.70       179
          C       0.25      0.05      0.08        20
          G       0.00      0.00      0.00        36
          M       0.43      0.22      0.29        59
          O       0.00      0.00      0.00         1
          P       0.71      0.51      0.60        68
          R       0.41      0.48      0.44       102

avg / total       0.49      0.54      0.49       465

[[154   0   2   5   0   0  18]
 [  5   1   0   0   0   3  11]
 [ 33   0   0   0   0   0   3]
 [ 14   1   0  13   0   1  30]
 [  0   0   0   0   0   1   0]
 [ 23   0   0   2   0  35   8]
 [ 32   2   0  10   0   9  49]]

KNN
Classification_report:
             precision    recall  f1-score   support

          B       0.42      0.66      0.52       179
          C       0.31      0.20      0.24        20
          G       0.18      0.11      0.14        36
          M       0.10      0.07      0.08        59
          O       0.00      0.00      0.00         1
          P       0.28      0.16      0.20        68
          R       0.29      0.20      0.23       102

avg / total       0.31      0.35      0.31       465

[[118   1  15  12   0  15  18]
 [  9   4   0   2   0   1   4]
 [ 18   0   4   6   0   3   5]
 [ 40   1   0   4   0   1  13]
 [  0   0   0   0   0   1   0]
 [ 40   1   1   5   0  11  10]
 [ 54   6   2  12   0   8  20]]

NB
Classification_report:
             precision    recall  f1-score   support

          B       0.55      0.21      0.31       179
          C       0.21      0.15      0.18        20
          G       0.18      0.67      0.28        36
          M       0.25      0.54      0.34        59
          O       0.00      0.00      0.00         1
          P       0.43      0.60      0.50        68
          R       0.23      0.06      0.09       102

avg / total       0.38      0.31      0.28       465

[[38  3 80 32  0 23  3]
 [ 3  3  2  5  0  2  5]
 [ 6  0 24  4  0  0  2]
 [ 3  2  5 32  0 11  6]
 [ 1  0  0  0  0  0  0]
 [ 4  1  3 15  0 41  4]
 [14  5 19 39  0 19  6]]

DT
Classification_report:
             precision    recall  f1-score   support

          B       0.51      0.43      0.47       179
          C       0.10      0.10      0.10        20
          G       0.11      0.11      0.11        36
          M       0.17      0.15      0.16        59
          O       0.00      0.00      0.00         1
          P       0.37      0.41      0.39        68
          R       0.28      0.34      0.31       102

avg / total       0.34      0.33      0.34       465

[[77  7 14 21  1 16 43]
 [ 7  2  1  0  0  3  7]
 [15  0  4  3  0  7  7]
 [12  2  5  9  0 10 21]
 [ 1  0  0  0  0  0  0]
 [13  3  3  8  0 28 13]
 [27  6 10 12  1 11 35]]

CRF
Classification_report:
             precision    recall  f1-score   support

          B       0.65      0.87      0.74       179
          C       0.71      0.60      0.65        20
          G       0.38      0.14      0.20        36
          M       0.37      0.22      0.28        59
          O       0.00      0.00      0.00         1
          P       0.48      0.37      0.42        68
          R       0.47      0.51      0.49       102

avg / total       0.53      0.56      0.53       465

CRF 2.0
Classification_report:
             precision    recall  f1-score   support

          B       0.63      0.93      0.75       179
          C       0.56      0.25      0.34        20
          G       1.00      0.06      0.11        36
          M       0.67      0.34      0.45        59
          O       0.00      0.00      0.00         1
          P       0.69      0.49      0.57        68
          R       0.51      0.57      0.54       102

avg / total       0.64      0.61      0.57       465


SVM RBF
Classification_report:
             precision    recall  f1-score   support

          B       0.36      0.82      0.50       256
          C       0.00      0.00      0.00        40
          G       0.00      0.00      0.00        72
          M       0.00      0.00      0.00       104
          O       0.00      0.00      0.00         7
          P       0.00      0.00      0.00       133
          R       0.37      0.43      0.40       219

avg / total       0.21      0.37      0.26       831

[[210   0   0   0   0   0  46]
 [ 15   0   0   0   0   0  25]
 [ 61   0   0   0   0   0  11]
 [ 64   0   0   0   0   0  40]
 [  4   0   0   0   0   0   3]
 [101   0   0   0   0   0  32]
 [125   0   0   0   0   0  94]]

SVM linear
Classification_report:
             precision    recall  f1-score   support

          B       0.57      0.79      0.66       256
          C       0.25      0.05      0.08        40
          G       0.58      0.10      0.17        72
          M       0.38      0.17      0.24       104
          O       0.00      0.00      0.00         7
          P       0.76      0.65      0.70       133
          R       0.49      0.66      0.56       219

avg / total       0.54      0.55      0.51       831

[[202   0   4   7   0   5  38]
 [  9   2   0   0   0   2  27]
 [ 55   0   7   0   0   0  10]
 [ 27   0   1  18   0   5  53]
 [  0   1   0   1   0   3   2]
 [ 22   0   0   4   0  86  21]
 [ 40   5   0  17   0  12 145]]

KNN
Classification_report:
             precision    recall  f1-score   support

          B       0.42      0.50      0.45       256
          C       0.14      0.17      0.16        40
          G       0.16      0.26      0.20        72
          M       0.10      0.05      0.07       104
          O       0.00      0.00      0.00         7
          P       0.44      0.50      0.47       133
          R       0.39      0.27      0.32       219

avg / total       0.33      0.34      0.33       831

[[127  11  45  10   0  33  30]
 [ 16   7   2   3   0   5   7]
 [ 31   1  19   1   0   8  12]
 [ 34   7  15   5   0  13  30]
 [  1   0   1   0   0   3   2]
 [ 31   2   9  10   0  67  14]
 [ 64  21  30  19   0  25  60]]

NB
Classification_report:
             precision    recall  f1-score   support

          B       0.49      0.17      0.26       256
          C       0.17      0.33      0.22        40
          G       0.17      0.65      0.27        72
          M       0.28      0.48      0.36       104
          O       0.00      0.00      0.00         7
          P       0.59      0.53      0.56       133
          R       0.33      0.12      0.17       219

avg / total       0.39      0.30      0.29       831

[[ 44  16 120  39   5  23   9]
 [  2  13   7   3   1   4  10]
 [ 13   3  47   4   0   3   2]
 [  8   4  22  50   0   5  15]
 [  1   0   0   0   0   1   5]
 [  8  16   6  18   2  71  12]
 [ 13  26  70  63   7  14  26]]

DT
Classification_report:
             precision    recall  f1-score   support

          B       0.43      0.44      0.43       256
          C       0.05      0.05      0.05        40
          G       0.12      0.12      0.12        72
          M       0.19      0.21      0.20       104
          O       0.00      0.00      0.00         7
          P       0.52      0.48      0.50       133
          R       0.28      0.28      0.28       219

avg / total       0.33      0.32      0.33       831

[[112   8  28  30   1  15  62]
 [  9   2   5   5   0   5  14]
 [ 33   2   9   7   0   0  21]
 [ 24   5   8  22   1   9  35]
 [  2   0   0   0   0   5   0]
 [ 23   3   0  16   3  64  24]
 [ 56  18  23  37   0  24  61]]

CRF
Classification_report:
             precision    recall  f1-score   support

          B       0.57      0.77      0.65       256
          C       0.45      0.35      0.39        40
          G       0.17      0.01      0.03        72
          M       0.10      0.03      0.05       104
          O       0.00      0.00      0.00         7
          P       0.57      0.45      0.50       133
          R       0.50      0.72      0.59       219

avg / total       0.45      0.52      0.47       831

CRF 2.0
Classification_report:
             precision    recall  f1-score   support

          B       0.64      0.85      0.73       256
          C       0.39      0.17      0.24        40
          G       0.35      0.11      0.17        72
          M       0.39      0.22      0.28       104
          O       0.00      0.00      0.00         7
          P       0.76      0.60      0.67       133
          R       0.53      0.69      0.60       219

avg / total       0.56      0.59      0.55       831
