SVM RBF
Classification_report:
             precision    recall  f1-score   support

          B       0.00      0.00      0.00        77
          C       0.00      0.00      0.00        20
          G       0.00      0.00      0.00        36
          M       0.00      0.00      0.00        45
          O       0.00      0.00      0.00         6
          P       0.00      0.00      0.00        65
          R       0.32      1.00      0.48       117

avg / total       0.10      0.32      0.15       366

[[  0   0   0   0   0   0  77]
 [  0   0   0   0   0   0  20]
 [  0   0   0   0   0   0  36]
 [  0   0   0   0   0   0  45]
 [  0   0   0   0   0   0   6]
 [  0   0   0   0   0   0  65]
 [  0   0   0   0   0   0 117]]

SVM linear
Classification_report:
             precision    recall  f1-score   support

          B       0.60      0.71      0.65        77
          C       1.00      0.10      0.18        20
          G       0.50      0.19      0.28        36
          M       0.38      0.13      0.20        45
          O       1.00      0.33      0.50         6
          P       0.73      0.63      0.68        65
          R       0.50      0.79      0.62       117

avg / total       0.58      0.56      0.52       366

[[55  0  3  1  0  3 15]
 [ 0  2  0  0  0  3 15]
 [18  0  7  0  0  0 11]
 [ 7  0  1  6  0  2 29]
 [ 0  0  0  0  2  1  3]
 [ 3  0  2  0  0 41 19]
 [ 8  0  1  9  0  6 93]]

KNN
Classification_report:
             precision    recall  f1-score   support

          B       0.45      0.51      0.48        77
          C       0.04      0.10      0.05        20
          G       0.16      0.22      0.19        36
          M       0.35      0.13      0.19        45
          O       0.00      0.00      0.00         6
          P       0.39      0.51      0.44        65
          R       0.52      0.32      0.40       117

avg / total       0.39      0.34      0.35       366

[[39  6 10  2  0 12  8]
 [ 2  2  2  2  0  7  5]
 [10  6  8  1  0  5  6]
 [ 9  8  8  6  0  6  8]
 [ 0  1  1  0  0  3  1]
 [ 8 10  5  2  0 33  7]
 [18 22 16  4  0 19 38]]

NB
Classification_report:
             precision    recall  f1-score   support

          B       0.41      0.36      0.39        77
          C       0.42      0.25      0.31        20
          G       0.23      0.58      0.33        36
          M       0.30      0.42      0.35        45
          O       0.10      0.33      0.15         6
          P       0.63      0.60      0.61        65
          R       0.39      0.16      0.23       117

avg / total       0.41      0.36      0.36       366

[[28  0 27  5  4  9  4]
 [ 0  5  4  0  1  1  9]
 [11  0 21  2  0  1  1]
 [ 5  3  7 19  2  2  7]
 [ 0  0  0  0  2  0  4]
 [10  0  1  8  2 39  5]
 [14  4 32 29  9 10 19]]

DT
Classification_report:
             precision    recall  f1-score   support

          B       0.53      0.38      0.44        77
          C       0.07      0.10      0.08        20
          G       0.11      0.11      0.11        36
          M       0.17      0.20      0.19        45
          O       0.00      0.00      0.00         6
          P       0.56      0.58      0.57        65
          R       0.44      0.46      0.45       117

avg / total       0.39      0.37      0.38       366

[[29  4 10  9  0  8 17]
 [ 2  2  3  4  0  1  8]
 [ 6  5  4  7  0  4 10]
 [ 6  2  3  9  0  2 23]
 [ 0  0  1  0  0  5  0]
 [ 4  4  3  4  2 38 10]
 [ 8 12 13 19  1 10 54]]

CRF
Classification_report:
             precision    recall  f1-score   support

          B       0.61      0.57      0.59        77
          C       0.45      0.45      0.45        20
          G       0.24      0.11      0.15        36
          M       0.14      0.04      0.07        45
          O       0.00      0.00      0.00         6
          P       0.64      0.52      0.58        65
          R       0.53      0.86      0.66       117

avg / total       0.48      0.53      0.48       366

CRF 2.0
Classification_report:
             precision    recall  f1-score   support

          B       0.64      0.65      0.65        77
          C       0.00      0.00      0.00        20
          G       0.41      0.19      0.26        36
          M       0.00      0.00      0.00        45
          O       0.00      0.00      0.00         6
          P       0.83      0.66      0.74        65
          R       0.48      0.86      0.62       117

avg / total       0.48      0.55      0.49       366


SVM RBF
Classification_report:
             precision    recall  f1-score   support

          B       0.42      0.95      0.58       179
          C       0.00      0.00      0.00        20
          G       0.00      0.00      0.00        36
          M       0.00      0.00      0.00        59
          O       0.00      0.00      0.00         1
          P       0.00      0.00      0.00        68
          R       0.39      0.22      0.28       102

avg / total       0.25      0.41      0.28       465

[[170   0   0   0   0   0   9]
 [ 13   0   0   0   0   0   7]
 [ 35   0   0   0   0   0   1]
 [ 46   0   0   0   0   0  13]
 [  1   0   0   0   0   0   0]
 [ 64   0   0   0   0   0   4]
 [ 80   0   0   0   0   0  22]]

SVM linear
Classification_report:
             precision    recall  f1-score   support

          B       0.59      0.83      0.69       179
          C       0.17      0.05      0.08        20
          G       0.50      0.06      0.10        36
          M       0.31      0.17      0.22        59
          O       0.00      0.00      0.00         1
          P       0.68      0.47      0.56        68
          R       0.43      0.51      0.46       102

avg / total       0.50      0.53      0.49       465

[[149   0   1   8   0   3  18]
 [  6   1   0   1   0   2  10]
 [ 32   0   2   0   0   0   2]
 [ 15   2   0  10   0   2  30]
 [  0   0   0   0   0   1   0]
 [ 21   0   1   4   0  32  10]
 [ 31   3   0   9   0   7  52]]

KNN
Classification_report:
             precision    recall  f1-score   support

          B       0.42      0.65      0.51       179
          C       0.33      0.20      0.25        20
          G       0.16      0.11      0.13        36
          M       0.11      0.07      0.08        59
          O       0.00      0.00      0.00         1
          P       0.28      0.22      0.25        68
          R       0.32      0.19      0.24       102

avg / total       0.31      0.35      0.32       465

[[117   1  15  12   0  19  15]
 [  7   4   0   2   0   3   4]
 [ 23   0   4   4   0   4   1]
 [ 37   2   2   4   0   3  11]
 [  0   0   0   0   0   1   0]
 [ 39   0   2   3   0  15   9]
 [ 56   5   2  11   0   9  19]]

NB
Classification_report:
             precision    recall  f1-score   support

          B       0.57      0.22      0.31       179
          C       0.21      0.15      0.18        20
          G       0.18      0.67      0.29        36
          M       0.26      0.53      0.34        59
          O       0.00      0.00      0.00         1
          P       0.41      0.63      0.50        68
          R       0.27      0.07      0.11       102

avg / total       0.39      0.32      0.29       465

[[39  3 78 30  0 26  3]
 [ 3  3  2  5  0  2  5]
 [ 7  0 24  3  0  0  2]
 [ 3  2  5 31  0 13  5]
 [ 1  0  0  0  0  0  0]
 [ 4  1  3 13  0 43  4]
 [12  5 19 39  0 20  7]]

DT
Classification_report:
             precision    recall  f1-score   support

          B       0.44      0.40      0.42       179
          C       0.00      0.00      0.00        20
          G       0.06      0.08      0.07        36
          M       0.18      0.19      0.18        59
          O       0.00      0.00      0.00         1
          P       0.42      0.37      0.39        68
          R       0.23      0.25      0.24       102

avg / total       0.31      0.29      0.30       465

[[71  8 25 25  0 12 38]
 [ 5  0  2  5  0  3  5]
 [20  1  3  3  0  2  7]
 [16  0  6 11  0  3 23]
 [ 0  1  0  0  0  0  0]
 [17  3  2  7  0 25 14]
 [33  7 12 10  0 14 26]]

CRF
Classification_report:
             precision    recall  f1-score   support

          B       0.65      0.87      0.74       179
          C       0.63      0.60      0.62        20
          G       0.33      0.11      0.17        36
          M       0.32      0.20      0.25        59
          O       0.00      0.00      0.00         1
          P       0.46      0.34      0.39        68
          R       0.53      0.56      0.55       102

avg / total       0.53      0.57      0.53       465

CRF 2.0
Classification_report:
             precision    recall  f1-score   support

          B       0.61      0.92      0.73       179
          C       0.62      0.25      0.36        20
          G       0.60      0.08      0.15        36
          M       0.60      0.31      0.40        59
          O       0.00      0.00      0.00         1
          P       0.60      0.44      0.51        68
          R       0.48      0.48      0.48       102

avg / total       0.58      0.58      0.54       465


SVM RBF
Classification_report:
             precision    recall  f1-score   support

          B       0.36      0.82      0.50       256
          C       0.00      0.00      0.00        40
          G       0.00      0.00      0.00        72
          M       0.00      0.00      0.00       104
          O       0.00      0.00      0.00         7
          P       0.00      0.00      0.00       133
          R       0.37      0.43      0.40       219

avg / total       0.21      0.37      0.26       831

[[210   0   0   0   0   0  46]
 [ 15   0   0   0   0   0  25]
 [ 61   0   0   0   0   0  11]
 [ 64   0   0   0   0   0  40]
 [  4   0   0   0   0   0   3]
 [101   0   0   0   0   0  32]
 [125   0   0   0   0   0  94]]

SVM linear
Classification_report:
             precision    recall  f1-score   support

          B       0.58      0.77      0.66       256
          C       0.38      0.07      0.12        40
          G       0.56      0.12      0.20        72
          M       0.42      0.18      0.26       104
          O       0.00      0.00      0.00         7
          P       0.76      0.62      0.68       133
          R       0.47      0.67      0.55       219

avg / total       0.54      0.55      0.51       831

[[197   0   6   5   0   4  44]
 [  7   3   0   1   0   3  26]
 [ 55   0   9   1   0   0   7]
 [ 19   1   1  19   0   4  60]
 [  0   1   0   0   0   2   4]
 [ 23   1   0   2   0  82  25]
 [ 41   2   0  17   0  13 146]]

KNN
Classification_report:
             precision    recall  f1-score   support

          B       0.42      0.52      0.46       256
          C       0.16      0.23      0.19        40
          G       0.15      0.24      0.18        72
          M       0.20      0.08      0.11       104
          O       0.00      0.00      0.00         7
          P       0.42      0.45      0.43       133
          R       0.38      0.28      0.32       219

avg / total       0.34      0.35      0.34       831

[[132   8  45   6   0  36  29]
 [ 12   9   1   3   0   6   9]
 [ 34   3  17   0   0   6  12]
 [ 33   6  11   8   0  14  32]
 [  1   1   1   1   0   1   2]
 [ 35   3  10   8   0  60  17]
 [ 69  26  28  14   0  20  62]]

NB
Classification_report:
             precision    recall  f1-score   support

          B       0.48      0.18      0.26       256
          C       0.17      0.33      0.22        40
          G       0.17      0.65      0.27        72
          M       0.27      0.46      0.34       104
          O       0.00      0.00      0.00         7
          P       0.59      0.53      0.56       133
          R       0.32      0.11      0.17       219

avg / total       0.39      0.30      0.29       831

[[ 45  14 120  40   5  23   9]
 [  2  13   7   3   1   4  10]
 [ 13   3  47   4   0   3   2]
 [  8   4  24  48   0   5  15]
 [  1   0   0   0   0   1   5]
 [  8  16   5  19   2  71  12]
 [ 16  27  69  62   7  13  25]]

DT
Classification_report:
             precision    recall  f1-score   support

          B       0.44      0.46      0.45       256
          C       0.10      0.15      0.12        40
          G       0.08      0.08      0.08        72
          M       0.20      0.16      0.18       104
          O       0.00      0.00      0.00         7
          P       0.49      0.49      0.49       133
          R       0.30      0.28      0.29       219

avg / total       0.33      0.33      0.33       831

[[118  15  33  17   2  26  45]
 [  9   6   2   3   1   6  13]
 [ 40   1   6   6   0   7  12]
 [ 25   2  12  17   1   7  40]
 [  2   1   0   0   0   2   2]
 [ 16   8   5   4   3  65  32]
 [ 57  25  16  38   3  19  61]]

CRF
Classification_report:
             precision    recall  f1-score   support

          B       0.61      0.82      0.70       256
          C       0.48      0.33      0.39        40
          G       0.14      0.01      0.03        72
          M       0.09      0.03      0.04       104
          O       0.00      0.00      0.00         7
          P       0.59      0.47      0.53       133
          R       0.51      0.72      0.60       219

avg / total       0.46      0.54      0.48       831

CRF 2.0
Classification_report:
             precision    recall  f1-score   support

          B       0.67      0.87      0.75       256
          C       0.29      0.17      0.22        40
          G       0.43      0.14      0.21        72
          M       0.49      0.32      0.38       104
          O       0.00      0.00      0.00         7
          P       0.76      0.61      0.68       133
          R       0.54      0.68      0.60       219

avg / total       0.58      0.61      0.58       831
