SVM RBF
Classification_report:
             precision    recall  f1-score   support

          B       0.37      0.74      0.49        77
          C       0.00      0.00      0.00        20
          G       0.00      0.00      0.00        36
          M       0.00      0.00      0.00        45
          O       0.00      0.00      0.00         6
          P       0.00      0.00      0.00        65
          R       0.41      0.74      0.53       117

avg / total       0.21      0.39      0.27       366

[[57  0  0  0  0  0 20]
 [ 1  0  0  0  0  0 19]
 [19  0  0  0  0  0 17]
 [12  0  0  0  0  0 33]
 [ 0  0  0  0  0  0  6]
 [35  0  0  0  0  0 30]
 [30  0  0  0  0  0 87]]

SVM linear
Classification_report:
             precision    recall  f1-score   support

          B       0.54      0.75      0.63        77
          C       0.00      0.00      0.00        20
          G       0.43      0.08      0.14        36
          M       1.00      0.04      0.09        45
          O       0.00      0.00      0.00         6
          P       0.73      0.55      0.63        65
          R       0.50      0.85      0.63       117

avg / total       0.57      0.54      0.47       366

[[ 58   0   1   0   0   5  13]
 [  0   0   0   0   0   1  19]
 [ 23   0   3   0   0   0  10]
 [  7   0   1   2   0   1  34]
 [  0   0   0   0   0   0   6]
 [  8   0   2   0   0  36  19]
 [ 11   0   0   0   0   6 100]]

KNN
Classification_report:
             precision    recall  f1-score   support

          B       0.36      0.51      0.42        77
          C       0.12      0.15      0.13        20
          G       0.19      0.14      0.16        36
          M       0.28      0.16      0.20        45
          O       0.00      0.00      0.00         6
          P       0.52      0.42      0.46        65
          R       0.49      0.55      0.52       117

avg / total       0.39      0.40      0.38       366

[[39  3  7  2  0 13 13]
 [ 5  3  1  3  0  2  6]
 [16  0  5  1  0  3 11]
 [12  2  5  7  0  1 18]
 [ 1  2  0  0  0  1  2]
 [12  6  2  2  0 27 16]
 [22  9  7 10  0  5 64]]

NB
Classification_report:
             precision    recall  f1-score   support

          B       0.48      0.34      0.40        77
          C       0.36      0.25      0.29        20
          G       0.17      0.64      0.27        36
          M       0.34      0.29      0.31        45
          O       0.10      0.33      0.15         6
          P       0.64      0.63      0.64        65
          R       0.35      0.13      0.19       117

avg / total       0.41      0.34      0.34       366

[[26  0 32  2  4  9  4]
 [ 0  5  4  0  1  1  9]
 [ 9  0 23  2  0  1  1]
 [ 3  3 15 13  2  2  7]
 [ 0  0  0  0  2  0  4]
 [ 9  1  3  6  2 41  3]
 [ 7  5 56 15  9 10 15]]

DT
Classification_report:
             precision    recall  f1-score   support

          B       0.46      0.48      0.47        77
          C       0.18      0.15      0.16        20
          G       0.29      0.25      0.27        36
          M       0.18      0.16      0.17        45
          O       0.00      0.00      0.00         6
          P       0.61      0.54      0.57        65
          R       0.40      0.47      0.43       117

avg / total       0.39      0.40      0.39       366

[[37  3  8  3  0  6 20]
 [ 1  3  1  2  0  1 12]
 [10  2  9  3  0  2 10]
 [ 6  2  3  7  0  2 25]
 [ 0  0  1  0  0  3  2]
 [ 8  1  0  4  2 35 15]
 [19  6  9 19  1  8 55]]

CRF
Classification_report:
             precision    recall  f1-score   support

          B       0.57      0.52      0.54        77
          C       0.40      0.50      0.44        20
          G       0.15      0.06      0.08        36
          M       0.20      0.04      0.07        45
          O       0.00      0.00      0.00         6
          P       0.54      0.43      0.48        65
          R       0.51      0.85      0.64       117

avg / total       0.44      0.50      0.45       366

CRF 2.0
Classification_report:
             precision    recall  f1-score   support

          B       0.64      0.61      0.63        77
          C       0.11      0.05      0.07        20
          G       0.50      0.28      0.36        36
          M       0.27      0.09      0.13        45
          O       0.00      0.00      0.00         6
          P       0.77      0.63      0.69        65
          R       0.48      0.80      0.60       117

avg / total       0.51      0.54      0.50       366


SVM RBF
Classification_report:
             precision    recall  f1-score   support

          B       0.42      0.96      0.58       179
          C       0.00      0.00      0.00        20
          G       0.00      0.00      0.00        36
          M       0.00      0.00      0.00        59
          O       0.00      0.00      0.00         1
          P       0.00      0.00      0.00        68
          R       0.38      0.20      0.26       102

avg / total       0.24      0.41      0.28       465

[[172   0   0   0   0   0   7]
 [ 13   0   0   0   0   0   7]
 [ 35   0   0   0   0   0   1]
 [ 46   0   0   0   0   0  13]
 [  1   0   0   0   0   0   0]
 [ 64   0   0   0   0   0   4]
 [ 82   0   0   0   0   0  20]]

SVM linear
Classification_report:
             precision    recall  f1-score   support

          B       0.52      0.89      0.66       179
          C       0.00      0.00      0.00        20
          G       0.00      0.00      0.00        36
          M       0.43      0.05      0.09        59
          O       0.00      0.00      0.00         1
          P       0.74      0.41      0.53        68
          R       0.38      0.43      0.41       102

avg / total       0.45      0.50      0.43       465

[[159   0   0   0   0   1  19]
 [  6   0   0   0   0   2  12]
 [ 35   0   0   0   0   0   1]
 [ 26   0   0   3   0   2  28]
 [  0   0   0   0   0   1   0]
 [ 27   1   0   1   0  28  11]
 [ 51   0   0   3   0   4  44]]

KNN
Classification_report:
             precision    recall  f1-score   support

          B       0.45      0.78      0.57       179
          C       0.23      0.15      0.18        20
          G       0.25      0.08      0.12        36
          M       0.12      0.05      0.07        59
          O       0.00      0.00      0.00         1
          P       0.29      0.15      0.19        68
          R       0.32      0.22      0.26       102

avg / total       0.33      0.39      0.33       465

[[139   1   7   7   0   8  17]
 [ 11   3   0   1   0   2   3]
 [ 27   0   3   0   0   4   2]
 [ 34   2   0   3   0   5  15]
 [  0   0   0   0   0   1   0]
 [ 40   2   1   5   0  10  10]
 [ 60   5   1   9   0   5  22]]

NB
Classification_report:
             precision    recall  f1-score   support

          B       0.53      0.17      0.26       179
          C       0.20      0.15      0.17        20
          G       0.17      0.67      0.27        36
          M       0.25      0.56      0.34        59
          O       0.00      0.00      0.00         1
          P       0.39      0.53      0.45        68
          R       0.24      0.06      0.09       102

avg / total       0.37      0.29      0.26       465

[[31  4 85 33  0 23  3]
 [ 3  3  2  5  0  2  5]
 [ 5  0 24  4  0  1  2]
 [ 2  2  6 33  0 11  5]
 [ 1  0  0  0  0  0  0]
 [ 4  1  3 20  0 36  4]
 [12  5 20 39  0 20  6]]

DT
Classification_report:
             precision    recall  f1-score   support

          B       0.54      0.45      0.49       179
          C       0.00      0.00      0.00        20
          G       0.18      0.17      0.17        36
          M       0.16      0.20      0.18        59
          O       0.00      0.00      0.00         1
          P       0.49      0.50      0.49        68
          R       0.24      0.28      0.26       102

avg / total       0.36      0.35      0.35       465

[[80  7 16 21  0 16 39]
 [ 2  0  1  2  0  2 13]
 [19  0  6  4  0  0  7]
 [13  4  3 12  0  6 21]
 [ 0  0  0  0  0  0  1]
 [12  3  2  4  1 34 12]
 [23  2  6 30  0 12 29]]

CRF
Classification_report:
             precision    recall  f1-score   support

          B       0.63      0.87      0.73       179
          C       0.60      0.60      0.60        20
          G       0.38      0.14      0.20        36
          M       0.33      0.22      0.27        59
          O       0.00      0.00      0.00         1
          P       0.46      0.35      0.40        68
          R       0.47      0.44      0.46       102

avg / total       0.51      0.55      0.51       465

CRF 2.0
Classification_report:
             precision    recall  f1-score   support

          B       0.67      0.93      0.78       179
          C       0.50      0.30      0.37        20
          G       0.67      0.11      0.19        36
          M       0.43      0.22      0.29        59
          O       0.00      0.00      0.00         1
          P       0.71      0.51      0.60        68
          R       0.47      0.55      0.51       102

avg / total       0.59      0.60      0.57       465


SVM RBF
Classification_report:
             precision    recall  f1-score   support

          B       0.38      0.75      0.51       256
          C       0.00      0.00      0.00        40
          G       0.00      0.00      0.00        72
          M       0.00      0.00      0.00       104
          O       0.00      0.00      0.00         7
          P       0.00      0.00      0.00       133
          R       0.34      0.52      0.41       219

avg / total       0.21      0.37      0.26       831

[[191   0   0   0   0   0  65]
 [  8   0   0   0   0   0  32]
 [ 54   0   0   0   0   0  18]
 [ 47   0   0   0   0   0  57]
 [  2   0   0   0   0   0   5]
 [ 92   0   0   0   0   0  41]
 [105   0   0   0   0   0 114]]

SVM linear
Classification_report:
             precision    recall  f1-score   support

          B       0.56      0.83      0.67       256
          C       0.00      0.00      0.00        40
          G       0.00      0.00      0.00        72
          M       0.33      0.02      0.04       104
          O       0.00      0.00      0.00         7
          P       0.82      0.58      0.68       133
          R       0.45      0.72      0.55       219

avg / total       0.46      0.54      0.46       831

[[213   0   0   0   0   1  42]
 [  8   0   0   0   0   1  31]
 [ 65   0   0   0   0   0   7]
 [ 26   0   0   2   0   3  73]
 [  0   0   0   0   0   2   5]
 [ 22   0   0   1   0  77  33]
 [ 48   1   0   3   0  10 157]]

KNN
Classification_report:
             precision    recall  f1-score   support

          B       0.43      0.58      0.49       256
          C       0.15      0.20      0.17        40
          G       0.10      0.10      0.10        72
          M       0.19      0.13      0.16       104
          O       0.00      0.00      0.00         7
          P       0.50      0.34      0.40       133
          R       0.40      0.36      0.38       219

avg / total       0.36      0.36      0.35       831

[[149   4  35   9   0  25  34]
 [ 15   8   1   4   0   2  10]
 [ 43   5   7   2   0   7   8]
 [ 36   7   5  14   0   2  40]
 [  1   2   0   1   0   1   2]
 [ 38   7   5  14   0  45  24]
 [ 67  20  17  28   0   8  79]]

NB
Classification_report:
             precision    recall  f1-score   support

          B       0.48      0.16      0.24       256
          C       0.13      0.33      0.18        40
          G       0.16      0.65      0.26        72
          M       0.27      0.38      0.32       104
          O       0.00      0.00      0.00         7
          P       0.57      0.47      0.52       133
          R       0.32      0.11      0.16       219

avg / total       0.38      0.27      0.27       831

[[ 42  21 126  33   5  20   9]
 [  2  13   9   1   2   4   9]
 [ 13   3  47   4   0   3   2]
 [  9   7  30  39   0   5  14]
 [  1   0   0   0   0   1   5]
 [  8  24   6  17   3  63  12]
 [ 13  34  78  48   8  14  24]]

DT
Classification_report:
             precision    recall  f1-score   support

          B       0.46      0.43      0.44       256
          C       0.13      0.10      0.11        40
          G       0.15      0.17      0.16        72
          M       0.23      0.24      0.23       104
          O       0.29      0.29      0.29         7
          P       0.52      0.50      0.51       133
          R       0.40      0.43      0.41       219

avg / total       0.38      0.38      0.38       831

[[110  10  41  28   0  18  49]
 [ 11   4   2   8   0   5  10]
 [ 37   2  12   3   0   1  17]
 [ 17   3   8  25   0  10  41]
 [  0   0   0   0   2   3   2]
 [ 21   3   5  12   3  66  23]
 [ 43   9  12  34   2  25  94]]

CRF
Classification_report:
             precision    recall  f1-score   support

          B       0.55      0.78      0.65       256
          C       0.41      0.28      0.33        40
          G       0.25      0.01      0.03        72
          M       0.12      0.03      0.05       104
          O       0.00      0.00      0.00         7
          P       0.59      0.47      0.53       133
          R       0.48      0.68      0.56       219

avg / total       0.45      0.51      0.46       831

CRF 2.0
Classification_report:
             precision    recall  f1-score   support

          B       0.67      0.85      0.75       256
          C       0.56      0.25      0.34        40
          G       0.41      0.15      0.22        72
          M       0.32      0.21      0.25       104
          O       0.00      0.00      0.00         7
          P       0.85      0.65      0.74       133
          R       0.50      0.67      0.57       219

avg / total       0.58      0.59      0.57       831
