SVM RBF
Classification_report:
             precision    recall  f1-score   support

          B       0.43      0.38      0.40        77
          C       0.00      0.00      0.00        20
          G       0.00      0.00      0.00        36
          M       0.00      0.00      0.00        45
          O       0.00      0.00      0.00         6
          P       0.00      0.00      0.00        65
          R       0.36      0.91      0.52       117

avg / total       0.20      0.37      0.25       366

[[ 29   0   0   0   0   0  48]
 [  0   0   0   0   0   0  20]
 [  5   0   0   0   0   0  31]
 [  4   0   0   0   0   0  41]
 [  0   0   0   0   0   0   6]
 [ 20   0   0   0   0   0  45]
 [ 10   0   0   0   0   0 107]]

SVM linear
Classification_report:
             precision    recall  f1-score   support

          B       0.56      0.70      0.62        77
          C       0.00      0.00      0.00        20
          G       0.50      0.11      0.18        36
          M       0.44      0.09      0.15        45
          O       1.00      0.17      0.29         6
          P       0.78      0.62      0.69        65
          R       0.49      0.84      0.62       117

avg / total       0.53      0.55      0.49       366

[[54  0  2  1  0  2 18]
 [ 0  0  0  0  0  2 18]
 [21  0  4  0  0  0 11]
 [ 3  0  1  4  0  1 36]
 [ 0  0  0  0  1  1  4]
 [ 8  0  1  0  0 40 16]
 [10  0  0  4  0  5 98]]

KNN
Classification_report:
             precision    recall  f1-score   support

          B       0.43      0.47      0.45        77
          C       0.05      0.10      0.07        20
          G       0.16      0.28      0.21        36
          M       0.20      0.13      0.16        45
          O       0.00      0.00      0.00         6
          P       0.37      0.46      0.41        65
          R       0.54      0.32      0.40       117

avg / total       0.37      0.33      0.34       366

[[36  4 14  5  0 10  8]
 [ 2  2  0  3  0  7  6]
 [10  3 10  2  0  6  5]
 [ 8  7 10  6  0  6  8]
 [ 0  1  1  0  0  3  1]
 [13  6  6  5  0 30  5]
 [15 15 20  9  0 20 38]]

NB
Classification_report:
             precision    recall  f1-score   support

          B       0.45      0.34      0.39        77
          C       0.38      0.25      0.30        20
          G       0.19      0.58      0.28        36
          M       0.35      0.40      0.37        45
          O       0.10      0.33      0.15         6
          P       0.65      0.65      0.65        65
          R       0.35      0.14      0.20       117

avg / total       0.40      0.36      0.35       366

[[26  0 30  4  4  9  4]
 [ 0  5  4  0  1  1  9]
 [11  0 21  2  0  1  1]
 [ 3  3 10 18  2  2  7]
 [ 0  0  0  0  2  0  4]
 [ 9  0  2  5  2 42  5]
 [ 9  5 45 23  9 10 16]]

DT
Classification_report:
             precision    recall  f1-score   support

          B       0.31      0.35      0.33        77
          C       0.27      0.20      0.23        20
          G       0.09      0.11      0.10        36
          M       0.23      0.22      0.23        45
          O       0.00      0.00      0.00         6
          P       0.58      0.58      0.58        65
          R       0.36      0.33      0.35       117

avg / total       0.34      0.33      0.33       366

[[27  0 16  6  0  4 24]
 [ 3  4  3  3  0  0  7]
 [13  1  4  3  0  5 10]
 [ 7  2  4 10  0  5 17]
 [ 0  0  0  1  0  3  2]
 [ 9  1  3  4  1 38  9]
 [27  7 17 16  1 10 39]]

CRF
Classification_report:
             precision    recall  f1-score   support

          B       0.62      0.56      0.59        77
          C       0.47      0.45      0.46        20
          G       0.19      0.11      0.14        36
          M       0.25      0.07      0.11        45
          O       0.00      0.00      0.00         6
          P       0.58      0.46      0.51        65
          R       0.52      0.86      0.65       117

avg / total       0.48      0.52      0.48       366

CRF 2.0
Classification_report:
             precision    recall  f1-score   support

          B       0.60      0.69      0.64        77
          C       0.43      0.15      0.22        20
          G       0.47      0.19      0.27        36
          M       0.40      0.04      0.08        45
          O       0.00      0.00      0.00         6
          P       0.87      0.69      0.77        65
          R       0.51      0.85      0.63       117

avg / total       0.56      0.57      0.52       366


SVM RBF
Classification_report:
             precision    recall  f1-score   support

          B       0.42      0.95      0.58       179
          C       0.00      0.00      0.00        20
          G       0.00      0.00      0.00        36
          M       0.00      0.00      0.00        59
          O       0.00      0.00      0.00         1
          P       0.00      0.00      0.00        68
          R       0.39      0.22      0.28       102

avg / total       0.25      0.41      0.28       465

[[170   0   0   0   0   0   9]
 [ 13   0   0   0   0   0   7]
 [ 35   0   0   0   0   0   1]
 [ 46   0   0   0   0   0  13]
 [  1   0   0   0   0   0   0]
 [ 64   0   0   0   0   0   4]
 [ 80   0   0   0   0   0  22]]

SVM linear
Classification_report:
             precision    recall  f1-score   support

          B       0.56      0.83      0.67       179
          C       0.25      0.05      0.08        20
          G       0.00      0.00      0.00        36
          M       0.43      0.17      0.24        59
          O       0.00      0.00      0.00         1
          P       0.70      0.49      0.57        68
          R       0.43      0.52      0.47       102

avg / total       0.48      0.53      0.48       465

[[149   0   1   5   0   2  22]
 [  5   1   0   1   0   3  10]
 [ 34   0   0   0   0   0   2]
 [ 19   1   0  10   0   2  27]
 [  0   0   0   0   0   0   1]
 [ 24   0   0   2   0  33   9]
 [ 35   2   0   5   0   7  53]]

KNN
Classification_report:
             precision    recall  f1-score   support

          B       0.42      0.65      0.51       179
          C       0.33      0.20      0.25        20
          G       0.15      0.11      0.13        36
          M       0.09      0.05      0.06        59
          O       0.00      0.00      0.00         1
          P       0.27      0.19      0.22        68
          R       0.30      0.20      0.24       102

avg / total       0.30      0.35      0.31       465

[[117   0  16  11   0  18  17]
 [  9   4   1   1   0   2   3]
 [ 21   0   4   3   0   3   5]
 [ 37   1   3   3   0   3  12]
 [  0   0   0   0   0   1   0]
 [ 38   2   0   5   0  13  10]
 [ 54   5   2  12   0   9  20]]

NB
Classification_report:
             precision    recall  f1-score   support

          B       0.52      0.19      0.28       179
          C       0.21      0.15      0.18        20
          G       0.18      0.67      0.28        36
          M       0.25      0.54      0.34        59
          O       0.00      0.00      0.00         1
          P       0.41      0.57      0.48        68
          R       0.24      0.06      0.09       102

avg / total       0.37      0.30      0.27       465

[[34  3 82 32  0 25  3]
 [ 4  3  2  5  0  2  4]
 [ 6  0 24  4  0  0  2]
 [ 3  2  6 32  0 10  6]
 [ 1  0  0  0  0  0  0]
 [ 4  1  3 17  0 39  4]
 [13  5 20 38  0 20  6]]

DT
Classification_report:
             precision    recall  f1-score   support

          B       0.50      0.47      0.49       179
          C       0.00      0.00      0.00        20
          G       0.15      0.14      0.14        36
          M       0.10      0.08      0.09        59
          O       0.00      0.00      0.00         1
          P       0.48      0.44      0.46        68
          R       0.21      0.26      0.24       102

avg / total       0.33      0.32      0.33       465

[[84  7 19 12  2 14 41]
 [ 6  0  1  3  0  3  7]
 [18  2  5  2  0  1  8]
 [19  2  2  5  0  4 27]
 [ 0  0  0  1  0  0  0]
 [15  4  1  2  0 30 16]
 [25  9  5 25  0 11 27]]

CRF
Classification_report:
             precision    recall  f1-score   support

          B       0.63      0.88      0.73       179
          C       0.72      0.65      0.68        20
          G       0.38      0.17      0.23        36
          M       0.35      0.20      0.26        59
          O       0.00      0.00      0.00         1
          P       0.49      0.38      0.43        68
          R       0.48      0.44      0.46       102

avg / total       0.53      0.56      0.53       465

CRF 2.0
Classification_report:
             precision    recall  f1-score   support

          B       0.64      0.92      0.76       179
          C       0.71      0.25      0.37        20
          G       0.50      0.06      0.10        36
          M       0.54      0.34      0.42        59
          O       0.00      0.00      0.00         1
          P       0.70      0.51      0.59        68
          R       0.53      0.57      0.55       102

avg / total       0.60      0.61      0.57       465


SVM RBF
Classification_report:
             precision    recall  f1-score   support

          B       0.36      0.82      0.50       256
          C       0.00      0.00      0.00        40
          G       0.00      0.00      0.00        72
          M       0.00      0.00      0.00       104
          O       0.00      0.00      0.00         7
          P       0.00      0.00      0.00       133
          R       0.37      0.44      0.40       219

avg / total       0.21      0.37      0.26       831

[[209   0   0   0   0   0  47]
 [ 15   0   0   0   0   0  25]
 [ 60   0   0   0   0   0  12]
 [ 62   0   0   0   0   0  42]
 [  3   0   0   0   0   0   4]
 [101   0   0   0   0   0  32]
 [123   0   0   0   0   0  96]]

SVM linear
Classification_report:
             precision    recall  f1-score   support

          B       0.56      0.77      0.64       256
          C       0.50      0.03      0.05        40
          G       0.71      0.07      0.13        72
          M       0.36      0.12      0.19       104
          O       0.00      0.00      0.00         7
          P       0.75      0.60      0.67       133
          R       0.45      0.67      0.53       219

avg / total       0.54      0.53      0.48       831

[[196   0   2   4   0   5  49]
 [  8   1   0   2   0   4  25]
 [ 56   0   5   1   0   0  10]
 [ 26   0   0  13   0   3  62]
 [  0   1   0   0   0   2   4]
 [ 20   0   0   2   0  80  31]
 [ 47   0   0  14   0  12 146]]

KNN
Classification_report:
             precision    recall  f1-score   support

          B       0.41      0.49      0.45       256
          C       0.16      0.20      0.18        40
          G       0.17      0.29      0.22        72
          M       0.15      0.08      0.10       104
          O       0.00      0.00      0.00         7
          P       0.46      0.47      0.46       133
          R       0.39      0.29      0.34       219

avg / total       0.34      0.35      0.34       831

[[125   9  48  10   0  31  33]
 [ 14   8   2   1   0   6   9]
 [ 33   1  21   2   0   6   9]
 [ 30   8  12   8   0  13  33]
 [  2   0   1   1   0   1   2]
 [ 32   5  10  10   0  63  13]
 [ 69  20  27  21   0  18  64]]

NB
Classification_report:
             precision    recall  f1-score   support

          B       0.49      0.17      0.25       256
          C       0.15      0.33      0.21        40
          G       0.16      0.65      0.26        72
          M       0.27      0.41      0.33       104
          O       0.00      0.00      0.00         7
          P       0.58      0.50      0.54       133
          R       0.32      0.11      0.17       219

avg / total       0.38      0.29      0.28       831

[[ 43  19 125  34   5  21   9]
 [  2  13   8   2   2   4   9]
 [ 13   3  47   4   0   3   2]
 [  8   5  28  43   0   5  15]
 [  1   0   0   0   0   1   5]
 [  8  18   6  20   2  67  12]
 [ 13  28  75  56   7  15  25]]

DT
Classification_report:
             precision    recall  f1-score   support

          B       0.45      0.42      0.43       256
          C       0.08      0.07      0.08        40
          G       0.15      0.14      0.14        72
          M       0.14      0.16      0.15       104
          O       0.00      0.00      0.00         7
          P       0.51      0.52      0.52       133
          R       0.30      0.31      0.31       219

avg / total       0.34      0.33      0.33       831

[[108  13  22  34   3  18  58]
 [ 10   3   2   7   0   7  11]
 [ 32   3  10  10   0   3  14]
 [ 26   5   7  17   0   8  41]
 [  0   0   0   1   0   4   2]
 [ 15   4   4   8   4  69  29]
 [ 50  11  21  43   1  25  68]]

CRF
Classification_report:
             precision    recall  f1-score   support

          B       0.56      0.79      0.65       256
          C       0.37      0.28      0.31        40
          G       0.17      0.01      0.03        72
          M       0.12      0.02      0.03       104
          O       0.00      0.00      0.00         7
          P       0.57      0.45      0.50       133
          R       0.48      0.68      0.56       219

avg / total       0.44      0.51      0.45       831

CRF 2.0
Classification_report:
             precision    recall  f1-score   support

          B       0.62      0.89      0.73       256
          C       0.40      0.20      0.27        40
          G       0.45      0.12      0.20        72
          M       0.47      0.24      0.32       104
          O       0.00      0.00      0.00         7
          P       0.80      0.65      0.72       133
          R       0.53      0.64      0.58       219

avg / total       0.58      0.60      0.56       831
