SVM RBF
Classification_report:
             precision    recall  f1-score   support

          B       0.37      0.69      0.48        77
          C       0.00      0.00      0.00        20
          G       0.00      0.00      0.00        36
          M       0.00      0.00      0.00        45
          O       0.00      0.00      0.00         6
          P       0.00      0.00      0.00        65
          R       0.40      0.77      0.53       117

avg / total       0.21      0.39      0.27       366

[[53  0  0  0  0  0 24]
 [ 1  0  0  0  0  0 19]
 [18  0  0  0  0  0 18]
 [11  0  0  0  0  0 34]
 [ 0  0  0  0  0  0  6]
 [33  0  0  0  0  0 32]
 [27  0  0  0  0  0 90]]

SVM linear
Classification_report:
             precision    recall  f1-score   support

          B       0.54      0.69      0.61        77
          C       0.00      0.00      0.00        20
          G       0.50      0.14      0.22        36
          M       0.75      0.07      0.12        45
          O       1.00      0.17      0.29         6
          P       0.76      0.57      0.65        65
          R       0.50      0.86      0.63       117

avg / total       0.56      0.55      0.48       366

[[ 53   0   3   0   0   5  16]
 [  2   0   0   0   0   0  18]
 [ 22   0   5   0   0   0   9]
 [  5   0   1   3   0   1  35]
 [  0   0   0   0   1   1   4]
 [  6   0   1   0   0  37  21]
 [ 10   0   0   1   0   5 101]]

KNN
Classification_report:
             precision    recall  f1-score   support

          B       0.43      0.51      0.46        77
          C       0.05      0.10      0.06        20
          G       0.19      0.19      0.19        36
          M       0.29      0.11      0.16        45
          O       0.00      0.00      0.00         6
          P       0.39      0.43      0.41        65
          R       0.48      0.44      0.46       117

avg / total       0.37      0.36      0.36       366

[[39  4  9  2  0 11 12]
 [ 1  2  2  3  0  6  6]
 [10  6  7  0  0  4  9]
 [11  7  5  5  0  4 13]
 [ 0  2  1  0  0  2  1]
 [11  7  3  1  0 28 15]
 [19 16  9  6  0 16 51]]

NB
Classification_report:
             precision    recall  f1-score   support

          B       0.47      0.34      0.39        77
          C       0.38      0.25      0.30        20
          G       0.18      0.64      0.28        36
          M       0.37      0.36      0.36        45
          O       0.10      0.33      0.15         6
          P       0.64      0.63      0.64        65
          R       0.34      0.13      0.19       117

avg / total       0.41      0.35      0.35       366

[[26  0 32  2  4  9  4]
 [ 0  5  4  0  1  1  9]
 [ 9  0 23  2  0  1  1]
 [ 2  3 13 16  2  2  7]
 [ 0  0  0  0  2  0  4]
 [ 9  0  3  6  2 41  4]
 [ 9  5 52 17  9 10 15]]

DT
Classification_report:
             precision    recall  f1-score   support

          B       0.51      0.45      0.48        77
          C       0.14      0.10      0.12        20
          G       0.16      0.14      0.15        36
          M       0.25      0.29      0.27        45
          O       0.20      0.17      0.18         6
          P       0.54      0.65      0.59        65
          R       0.38      0.38      0.38       117

avg / total       0.38      0.39      0.39       366

[[35  4  9  7  0  7 15]
 [ 2  2  1  4  0  0 11]
 [ 5  3  5  3  1  2 17]
 [ 5  1  3 13  1  5 17]
 [ 0  0  0  0  1  4  1]
 [ 8  1  0  1  2 42 11]
 [14  3 13 24  0 18 45]]

CRF
Classification_report:
             precision    recall  f1-score   support

          B       0.58      0.53      0.55        77
          C       0.40      0.50      0.44        20
          G       0.14      0.06      0.08        36
          M       0.20      0.07      0.10        45
          O       0.00      0.00      0.00         6
          P       0.56      0.45      0.50        65
          R       0.52      0.84      0.64       117

avg / total       0.45      0.50      0.45       366

CRF 2.0
Classification_report:
             precision    recall  f1-score   support

          B       0.58      0.56      0.57        77
          C       0.00      0.00      0.00        20
          G       0.33      0.17      0.22        36
          M       0.25      0.11      0.15        45
          O       0.00      0.00      0.00         6
          P       0.71      0.55      0.62        65
          R       0.47      0.79      0.59       117

avg / total       0.46      0.50      0.46       366


SVM RBF
Classification_report:
             precision    recall  f1-score   support

          B       0.41      0.95      0.58       179
          C       0.00      0.00      0.00        20
          G       0.00      0.00      0.00        36
          M       0.00      0.00      0.00        59
          O       0.00      0.00      0.00         1
          P       0.00      0.00      0.00        68
          R       0.37      0.20      0.26       102

avg / total       0.24      0.41      0.28       465

[[170   0   0   0   0   0   9]
 [ 13   0   0   0   0   0   7]
 [ 35   0   0   0   0   0   1]
 [ 46   0   0   0   0   0  13]
 [  1   0   0   0   0   0   0]
 [ 64   0   0   0   0   0   4]
 [ 82   0   0   0   0   0  20]]

SVM linear
Classification_report:
             precision    recall  f1-score   support

          B       0.56      0.85      0.67       179
          C       0.25      0.05      0.08        20
          G       0.00      0.00      0.00        36
          M       0.32      0.14      0.19        59
          O       0.00      0.00      0.00         1
          P       0.76      0.50      0.60        68
          R       0.40      0.46      0.43       102

avg / total       0.46      0.52      0.47       465

[[152   0   1   5   0   1  20]
 [  5   1   0   1   0   2  11]
 [ 34   0   0   0   0   0   2]
 [ 21   1   0   8   0   1  28]
 [  0   0   0   0   0   1   0]
 [ 21   1   0   3   0  34   9]
 [ 40   1   0   8   0   6  47]]

KNN
Classification_report:
             precision    recall  f1-score   support

          B       0.41      0.68      0.51       179
          C       0.31      0.20      0.24        20
          G       0.18      0.11      0.14        36
          M       0.06      0.03      0.04        59
          O       0.00      0.00      0.00         1
          P       0.22      0.13      0.17        68
          R       0.36      0.22      0.27       102

avg / total       0.30      0.35      0.31       465

[[121   1  15  11   0  16  15]
 [  9   4   0   2   0   2   3]
 [ 24   0   4   4   0   3   1]
 [ 38   2   1   2   0   3  13]
 [  0   0   0   0   0   1   0]
 [ 49   1   0   2   0   9   7]
 [ 54   5   2  12   0   7  22]]

NB
Classification_report:
             precision    recall  f1-score   support

          B       0.54      0.18      0.28       179
          C       0.21      0.15      0.18        20
          G       0.17      0.67      0.27        36
          M       0.25      0.54      0.34        59
          O       0.00      0.00      0.00         1
          P       0.41      0.57      0.48        68
          R       0.24      0.06      0.09       102

avg / total       0.37      0.29      0.27       465

[[33  3 85 31  0 24  3]
 [ 3  3  2  5  0  2  5]
 [ 5  0 24  5  0  0  2]
 [ 3  2  6 32  0 11  5]
 [ 1  0  0  0  0  0  0]
 [ 4  1  3 17  0 39  4]
 [12  5 20 39  0 20  6]]

DT
Classification_report:
             precision    recall  f1-score   support

          B       0.52      0.51      0.52       179
          C       0.10      0.10      0.10        20
          G       0.17      0.19      0.18        36
          M       0.17      0.19      0.18        59
          O       0.00      0.00      0.00         1
          P       0.37      0.37      0.37        68
          R       0.30      0.29      0.30       102

avg / total       0.36      0.36      0.36       465

[[91  9 20 16  0 10 33]
 [ 5  2  0  3  0  5  5]
 [15  0  7  7  0  3  4]
 [17  3  6 11  0  8 14]
 [ 0  0  0  0  0  1  0]
 [14  3  4  9  0 25 13]
 [32  3  3 19  0 15 30]]

CRF
Classification_report:
             precision    recall  f1-score   support

          B       0.63      0.90      0.74       179
          C       0.65      0.65      0.65        20
          G       0.36      0.14      0.20        36
          M       0.34      0.20      0.26        59
          O       0.00      0.00      0.00         1
          P       0.47      0.35      0.40        68
          R       0.51      0.45      0.48       102

avg / total       0.52      0.56      0.53       465

CRF 2.0
Classification_report:
             precision    recall  f1-score   support

          B       0.64      0.88      0.74       179
          C       0.55      0.30      0.39        20
          G       0.50      0.11      0.18        36
          M       0.44      0.25      0.32        59
          O       0.00      0.00      0.00         1
          P       0.62      0.49      0.55        68
          R       0.45      0.49      0.47       102

avg / total       0.55      0.57      0.54       465


SVM RBF
Classification_report:
             precision    recall  f1-score   support

          B       0.37      0.80      0.51       256
          C       0.00      0.00      0.00        40
          G       0.00      0.00      0.00        72
          M       0.00      0.00      0.00       104
          O       0.00      0.00      0.00         7
          P       0.00      0.00      0.00       133
          R       0.37      0.47      0.42       219

avg / total       0.21      0.37      0.27       831

[[205   0   0   0   0   0  51]
 [ 13   0   0   0   0   0  27]
 [ 59   0   0   0   0   0  13]
 [ 58   0   0   0   0   0  46]
 [  3   0   0   0   0   0   4]
 [ 99   0   0   0   0   0  34]
 [115   0   0   0   0   0 104]]

SVM linear
Classification_report:
             precision    recall  f1-score   support

          B       0.55      0.77      0.64       256
          C       0.00      0.00      0.00        40
          G       0.60      0.04      0.08        72
          M       0.45      0.10      0.16       104
          O       0.00      0.00      0.00         7
          P       0.75      0.59      0.66       133
          R       0.44      0.68      0.53       219

avg / total       0.51      0.53      0.47       831

[[197   0   2   3   0   4  50]
 [  7   0   0   0   0   3  30]
 [ 61   0   3   0   0   0   8]
 [ 22   0   0  10   0   3  69]
 [  0   0   0   0   0   2   5]
 [ 21   0   0   2   0  79  31]
 [ 49   0   0   7   0  14 149]]

KNN
Classification_report:
             precision    recall  f1-score   support

          B       0.43      0.53      0.47       256
          C       0.14      0.23      0.17        40
          G       0.16      0.21      0.18        72
          M       0.20      0.11      0.14       104
          O       0.00      0.00      0.00         7
          P       0.45      0.39      0.42       133
          R       0.39      0.32      0.35       219

avg / total       0.35      0.35      0.35       831

[[136   7  43   6   0  29  35]
 [ 11   9   2   2   0   6  10]
 [ 34   3  15   0   0   9  11]
 [ 31  14   7  11   0   6  35]
 [  0   2   1   1   0   1   2]
 [ 36   8   6  11   0  52  20]
 [ 71  23  17  25   0  12  71]]

NB
Classification_report:
             precision    recall  f1-score   support

          B       0.48      0.16      0.24       256
          C       0.13      0.33      0.19        40
          G       0.16      0.65      0.26        72
          M       0.28      0.39      0.33       104
          O       0.00      0.00      0.00         7
          P       0.57      0.48      0.52       133
          R       0.33      0.11      0.17       219

avg / total       0.38      0.28      0.28       831

[[ 42  21 126  33   5  20   9]
 [  2  13   9   1   2   4   9]
 [ 13   3  47   4   0   3   2]
 [  9   6  29  41   0   5  14]
 [  1   0   0   0   0   1   5]
 [  8  23   6  18   2  64  12]
 [ 12  31  77  51   8  15  25]]

DT
Classification_report:
             precision    recall  f1-score   support

          B       0.44      0.44      0.44       256
          C       0.04      0.05      0.04        40
          G       0.15      0.15      0.15        72
          M       0.14      0.14      0.14       104
          O       0.00      0.00      0.00         7
          P       0.53      0.54      0.54       133
          R       0.36      0.33      0.34       219

avg / total       0.35      0.34      0.35       831

[[113  17  32  29   0  21  44]
 [ 10   2   7   3   0   6  12]
 [ 31   5  11   9   0   5  11]
 [ 29  11   6  15   0   8  35]
 [  0   2   0   0   0   3   2]
 [ 17   3   6   7   3  72  25]
 [ 56  11  11  48   1  20  72]]

CRF
Classification_report:
             precision    recall  f1-score   support

          B       0.54      0.76      0.63       256
          C       0.48      0.30      0.37        40
          G       0.17      0.01      0.03        72
          M       0.10      0.03      0.04       104
          O       0.00      0.00      0.00         7
          P       0.56      0.44      0.49       133
          R       0.50      0.69      0.58       219

avg / total       0.44      0.51      0.45       831

CRF 2.0
Classification_report:
             precision    recall  f1-score   support

          B       0.63      0.88      0.73       256
          C       0.38      0.28      0.32        40
          G       0.33      0.10      0.15        72
          M       0.36      0.22      0.27       104
          O       0.00      0.00      0.00         7
          P       0.72      0.59      0.65       133
          R       0.52      0.60      0.56       219

avg / total       0.54      0.57      0.54       831
