SVM RBF
Classification_report:
             precision    recall  f1-score   support

          B       0.37      0.69      0.48        77
          C       0.00      0.00      0.00        20
          G       0.00      0.00      0.00        36
          M       0.00      0.00      0.00        45
          O       0.00      0.00      0.00         6
          P       0.00      0.00      0.00        65
          R       0.40      0.77      0.53       117

avg / total       0.21      0.39      0.27       366

[[53  0  0  0  0  0 24]
 [ 1  0  0  0  0  0 19]
 [18  0  0  0  0  0 18]
 [11  0  0  0  0  0 34]
 [ 0  0  0  0  0  0  6]
 [33  0  0  0  0  0 32]
 [27  0  0  0  0  0 90]]

SVM linear
Classification_report:
             precision    recall  f1-score   support

          B       0.57      0.71      0.63        77
          C       0.00      0.00      0.00        20
          G       0.50      0.11      0.18        36
          M       0.40      0.04      0.08        45
          O       1.00      0.17      0.29         6
          P       0.81      0.60      0.69        65
          R       0.49      0.87      0.63       117

avg / total       0.54      0.55      0.49       366

[[ 55   0   2   1   0   4  15]
 [  1   0   0   0   0   0  19]
 [ 21   0   4   0   0   0  11]
 [  2   0   1   2   0   1  39]
 [  0   0   0   0   1   1   4]
 [  8   0   1   0   0  39  17]
 [ 10   0   0   2   0   3 102]]

KNN
Classification_report:
             precision    recall  f1-score   support

          B       0.41      0.49      0.45        77
          C       0.08      0.15      0.11        20
          G       0.21      0.28      0.24        36
          M       0.18      0.13      0.15        45
          O       0.00      0.00      0.00         6
          P       0.42      0.42      0.42        65
          R       0.48      0.38      0.42       117

avg / total       0.36      0.35      0.35       366

[[38  4 10  3  0 10 12]
 [ 3  3  0  3  0  5  6]
 [11  4 10  1  0  3  7]
 [ 8  6 10  6  0  6  9]
 [ 0  2  0  0  0  2  2]
 [12  5  4  6  0 27 11]
 [20 13 14 14  0 12 44]]

NB
Classification_report:
             precision    recall  f1-score   support

          B       0.47      0.34      0.39        77
          C       0.38      0.25      0.30        20
          G       0.18      0.64      0.28        36
          M       0.35      0.31      0.33        45
          O       0.10      0.33      0.15         6
          P       0.65      0.65      0.65        65
          R       0.34      0.13      0.19       117

avg / total       0.41      0.35      0.34       366

[[26  0 32  2  4  9  4]
 [ 0  5  4  0  1  1  9]
 [ 9  0 23  2  0  1  1]
 [ 3  3 14 14  2  2  7]
 [ 0  0  0  0  2  0  4]
 [ 9  0  2  6  2 42  4]
 [ 8  5 54 16  9 10 15]]

DT
Classification_report:
             precision    recall  f1-score   support

          B       0.43      0.38      0.40        77
          C       0.16      0.15      0.15        20
          G       0.15      0.19      0.17        36
          M       0.11      0.11      0.11        45
          O       0.14      0.17      0.15         6
          P       0.54      0.62      0.58        65
          R       0.39      0.36      0.37       117

avg / total       0.35      0.35      0.35       366

[[29  2 14  9  1  6 16]
 [ 2  3  2  5  0  0  8]
 [11  2  7  1  0  5 10]
 [ 9  1  5  5  0  4 21]
 [ 0  0  0  1  1  4  0]
 [ 7  0  2  1  4 40 11]
 [10 11 16 22  1 15 42]]

CRF
Classification_report:
             precision    recall  f1-score   support

          B       0.56      0.52      0.54        77
          C       0.45      0.50      0.48        20
          G       0.12      0.06      0.08        36
          M       0.18      0.04      0.07        45
          O       0.00      0.00      0.00         6
          P       0.52      0.42      0.46        65
          R       0.51      0.85      0.64       117

avg / total       0.43      0.49      0.44       366

CRF 2.0
Classification_report:
             precision    recall  f1-score   support

          B       0.58      0.62      0.60        77
          C       0.20      0.05      0.08        20
          G       0.38      0.17      0.23        36
          M       0.50      0.09      0.15        45
          O       0.00      0.00      0.00         6
          P       0.86      0.66      0.75        65
          R       0.50      0.87      0.64       117

avg / total       0.54      0.56      0.51       366


SVM RBF
Classification_report:
             precision    recall  f1-score   support

          B       0.41      0.95      0.58       179
          C       0.00      0.00      0.00        20
          G       0.00      0.00      0.00        36
          M       0.00      0.00      0.00        59
          O       0.00      0.00      0.00         1
          P       0.00      0.00      0.00        68
          R       0.37      0.20      0.26       102

avg / total       0.24      0.41      0.28       465

[[170   0   0   0   0   0   9]
 [ 13   0   0   0   0   0   7]
 [ 35   0   0   0   0   0   1]
 [ 46   0   0   0   0   0  13]
 [  1   0   0   0   0   0   0]
 [ 64   0   0   0   0   0   4]
 [ 82   0   0   0   0   0  20]]

SVM linear
Classification_report:
             precision    recall  f1-score   support

          B       0.54      0.87      0.66       179
          C       1.00      0.05      0.10        20
          G       0.00      0.00      0.00        36
          M       0.44      0.12      0.19        59
          O       0.00      0.00      0.00         1
          P       0.71      0.44      0.55        68
          R       0.41      0.47      0.44       102

avg / total       0.50      0.52      0.46       465

[[155   0   0   3   0   1  20]
 [  5   1   0   1   0   2  11]
 [ 34   0   0   0   0   0   2]
 [ 22   0   0   7   0   3  27]
 [  0   0   0   0   0   1   0]
 [ 26   0   0   2   0  30  10]
 [ 46   0   0   3   0   5  48]]

KNN
Classification_report:
             precision    recall  f1-score   support

          B       0.42      0.66      0.51       179
          C       0.31      0.20      0.24        20
          G       0.21      0.14      0.17        36
          M       0.00      0.00      0.00        59
          O       0.00      0.00      0.00         1
          P       0.29      0.21      0.24        68
          R       0.34      0.25      0.28       102

avg / total       0.31      0.36      0.32       465

[[118   0  17   8   0  17  19]
 [ 10   4   0   1   0   2   3]
 [ 22   0   5   1   0   4   4]
 [ 39   3   1   0   0   3  13]
 [  0   0   0   0   0   1   0]
 [ 39   1   1   3   0  14  10]
 [ 52   5   0  12   0   8  25]]

NB
Classification_report:
             precision    recall  f1-score   support

          B       0.55      0.18      0.28       179
          C       0.21      0.15      0.18        20
          G       0.17      0.67      0.27        36
          M       0.25      0.56      0.35        59
          O       0.00      0.00      0.00         1
          P       0.41      0.57      0.48        68
          R       0.23      0.06      0.09       102

avg / total       0.38      0.30      0.27       465

[[33  3 85 32  0 23  3]
 [ 3  3  2  5  0  2  5]
 [ 5  0 24  4  0  1  2]
 [ 2  2  6 33  0 10  6]
 [ 1  0  0  0  0  0  0]
 [ 4  1  3 17  0 39  4]
 [12  5 20 39  0 20  6]]

DT
Classification_report:
             precision    recall  f1-score   support

          B       0.48      0.48      0.48       179
          C       0.00      0.00      0.00        20
          G       0.13      0.14      0.14        36
          M       0.18      0.19      0.18        59
          O       0.00      0.00      0.00         1
          P       0.46      0.49      0.47        68
          R       0.22      0.22      0.22       102

avg / total       0.33      0.34      0.34       465

[[86  5 21 20  0 16 31]
 [ 6  0  2  2  0  4  6]
 [18  1  5  3  0  3  6]
 [19  2  2 11  1  5 19]
 [ 0  0  0  0  0  1  0]
 [11  4  1  5  0 33 14]
 [40  4  7 19  0 10 22]]

CRF
Classification_report:
             precision    recall  f1-score   support

          B       0.65      0.89      0.75       179
          C       0.61      0.55      0.58        20
          G       0.40      0.17      0.24        36
          M       0.31      0.22      0.26        59
          O       0.00      0.00      0.00         1
          P       0.51      0.38      0.44        68
          R       0.54      0.48      0.51       102

avg / total       0.54      0.57      0.54       465

CRF 2.0
Classification_report:
             precision    recall  f1-score   support

          B       0.62      0.87      0.72       179
          C       0.75      0.30      0.43        20
          G       0.25      0.03      0.05        36
          M       0.56      0.37      0.45        59
          O       0.00      0.00      0.00         1
          P       0.65      0.47      0.55        68
          R       0.48      0.55      0.51       102

avg / total       0.56      0.58      0.55       465


SVM RBF
Classification_report:
             precision    recall  f1-score   support

          B       0.37      0.80      0.51       256
          C       0.00      0.00      0.00        40
          G       0.00      0.00      0.00        72
          M       0.00      0.00      0.00       104
          O       0.00      0.00      0.00         7
          P       0.00      0.00      0.00       133
          R       0.37      0.47      0.41       219

avg / total       0.21      0.37      0.26       831

[[205   0   0   0   0   0  51]
 [ 13   0   0   0   0   0  27]
 [ 59   0   0   0   0   0  13]
 [ 58   0   0   0   0   0  46]
 [  3   0   0   0   0   0   4]
 [100   0   0   0   0   0  33]
 [117   0   0   0   0   0 102]]

SVM linear
Classification_report:
             precision    recall  f1-score   support

          B       0.54      0.79      0.64       256
          C       1.00      0.03      0.05        40
          G       0.75      0.08      0.15        72
          M       0.35      0.08      0.13       104
          O       0.00      0.00      0.00         7
          P       0.78      0.57      0.66       133
          R       0.45      0.67      0.54       219

avg / total       0.57      0.53      0.47       831

[[202   0   2   3   0   3  46]
 [  8   1   0   1   0   2  28]
 [ 59   0   6   0   0   0   7]
 [ 24   0   0   8   0   2  70]
 [  0   0   0   0   0   3   4]
 [ 31   0   0   2   0  76  24]
 [ 53   0   0   9   0  11 146]]

KNN
Classification_report:
             precision    recall  f1-score   support

          B       0.43      0.54      0.48       256
          C       0.18      0.23      0.20        40
          G       0.17      0.24      0.20        72
          M       0.24      0.15      0.19       104
          O       0.00      0.00      0.00         7
          P       0.48      0.40      0.43       133
          R       0.40      0.32      0.36       219

avg / total       0.37      0.37      0.36       831

[[139   9  37  11   0  26  34]
 [ 14   9   2   1   0   5   9]
 [ 32   1  17   1   0   7  14]
 [ 27   9  12  16   0   8  32]
 [  2   0   0   1   0   1   3]
 [ 42   6   7  11   0  53  14]
 [ 69  17  25  26   0  11  71]]

NB
Classification_report:
             precision    recall  f1-score   support

          B       0.48      0.16      0.24       256
          C       0.14      0.33      0.19        40
          G       0.16      0.65      0.26        72
          M       0.26      0.38      0.31       104
          O       0.00      0.00      0.00         7
          P       0.59      0.49      0.53       133
          R       0.33      0.11      0.17       219

avg / total       0.38      0.28      0.28       831

[[ 42  21 126  33   5  20   9]
 [  2  13   9   1   2   4   9]
 [ 13   3  47   4   0   3   2]
 [  9   7  30  39   0   5  14]
 [  1   0   0   0   0   1   5]
 [  8  22   6  18   2  65  12]
 [ 12  29  78  54   8  13  25]]

DT
Classification_report:
             precision    recall  f1-score   support

          B       0.44      0.37      0.40       256
          C       0.11      0.12      0.12        40
          G       0.20      0.22      0.21        72
          M       0.13      0.14      0.14       104
          O       0.00      0.00      0.00         7
          P       0.54      0.60      0.57       133
          R       0.33      0.34      0.33       219

avg / total       0.35      0.34      0.34       831

[[94  9 38 30  1 23 61]
 [ 4  5  1  4  0  7 19]
 [28  4 16  7  0  2 15]
 [24  9  7 15  1 14 34]
 [ 2  0  0  1  0  3  1]
 [10  4  3 11  3 80 22]
 [50 15 14 45  3 18 74]]

CRF
Classification_report:
             precision    recall  f1-score   support

          B       0.55      0.80      0.65       256
          C       0.43      0.33      0.37        40
          G       0.11      0.01      0.02        72
          M       0.05      0.01      0.02       104
          O       0.00      0.00      0.00         7
          P       0.57      0.45      0.50       133
          R       0.49      0.66      0.56       219

avg / total       0.43      0.51      0.45       831

CRF 2.0
Classification_report:
             precision    recall  f1-score   support

          B       0.60      0.87      0.71       256
          C       0.47      0.23      0.31        40
          G       0.32      0.11      0.16        72
          M       0.41      0.23      0.29       104
          O       0.00      0.00      0.00         7
          P       0.78      0.62      0.69       133
          R       0.54      0.62      0.58       219

avg / total       0.55      0.58      0.55       831
