SVM RBF
Classification_report:
             precision    recall  f1-score   support

          B       0.00      0.00      0.00        77
          C       0.00      0.00      0.00        20
          G       0.00      0.00      0.00        36
          M       0.00      0.00      0.00        45
          O       0.00      0.00      0.00         6
          P       0.00      0.00      0.00        65
          R       0.32      1.00      0.48       117

avg / total       0.10      0.32      0.15       366

[[  0   0   0   0   0   0  77]
 [  0   0   0   0   0   0  20]
 [  0   0   0   0   0   0  36]
 [  0   0   0   0   0   0  45]
 [  0   0   0   0   0   0   6]
 [  0   0   0   0   0   0  65]
 [  0   0   0   0   0   0 117]]

SVM linear
Classification_report:
             precision    recall  f1-score   support

          B       0.40      0.43      0.41        77
          C       0.00      0.00      0.00        20
          G       0.21      0.11      0.15        36
          M       0.33      0.13      0.19        45
          O       0.33      0.17      0.22         6
          P       0.39      0.42      0.40        65
          R       0.42      0.62      0.50       117

avg / total       0.35      0.39      0.36       366

[[33  0  7  5  1  7 24]
 [ 2  0  0  1  0  7 10]
 [19  0  4  0  0  1 12]
 [ 5  0  1  6  0  6 27]
 [ 0  0  0  0  1  2  3]
 [ 8  0  3  2  0 27 25]
 [16  0  4  4  1 19 73]]

KNN
Classification_report:
             precision    recall  f1-score   support

          B       0.30      0.39      0.34        77
          C       0.10      0.25      0.15        20
          G       0.29      0.33      0.31        36
          M       0.26      0.27      0.26        45
          O       0.67      0.33      0.44         6
          P       0.34      0.34      0.34        65
          R       0.55      0.31      0.40       117

avg / total       0.38      0.33      0.34       366

[[30 11 10  8  0 11  7]
 [ 5  5  2  0  0  5  3]
 [13  4 12  3  0  2  2]
 [11  2  3 12  0  7 10]
 [ 0  0  0  1  2  3  0]
 [14 12  4  6  0 22  7]
 [26 14 10 16  1 14 36]]

NB
Classification_report:
             precision    recall  f1-score   support

          B       0.42      0.36      0.39        77
          C       0.17      0.15      0.16        20
          G       0.38      0.39      0.38        36
          M       0.28      0.33      0.31        45
          O       0.25      0.17      0.20         6
          P       0.36      0.52      0.42        65
          R       0.40      0.32      0.35       117

avg / total       0.37      0.36      0.36       366

[[28  2 10  6  0 11 20]
 [ 2  3  1  1  0  9  4]
 [11  3 14  1  0  2  5]
 [ 2  0  2 15  0 10 16]
 [ 0  1  0  1  1  1  2]
 [ 4  5  3 10  1 34  8]
 [20  4  7 19  2 28 37]]

DT
Classification_report:
             precision    recall  f1-score   support

          B       0.21      0.22      0.22        77
          C       0.10      0.10      0.10        20
          G       0.10      0.11      0.11        36
          M       0.23      0.27      0.25        45
          O       0.00      0.00      0.00         6
          P       0.24      0.23      0.24        65
          R       0.29      0.26      0.27       117

avg / total       0.22      0.22      0.22       366

[[17  2 17  5  2  6 28]
 [ 5  2  5  2  0  2  4]
 [ 9  3  4  4  0  6 10]
 [ 7  1  0 12  1  8 16]
 [ 1  0  0  0  0  2  3]
 [18  3  3 11  1 15 14]
 [24  9 10 18  3 23 30]]

CRF
Classification_report:
             precision    recall  f1-score   support

          B       0.00      0.00      0.00        77
          C       0.00      0.00      0.00        20
          G       0.00      0.00      0.00        36
          M       0.00      0.00      0.00        45
          O       0.00      0.00      0.00         6
          P       0.46      0.37      0.41        65
          R       0.37      1.00      0.54       117

avg / total       0.20      0.39      0.25       366

CRF 2.0
Classification_report:
             precision    recall  f1-score   support

          B       0.35      0.43      0.38        77
          C       0.31      0.20      0.24        20
          G       0.19      0.17      0.18        36
          M       0.21      0.11      0.14        45
          O       0.00      0.00      0.00         6
          P       0.45      0.38      0.41        65
          R       0.42      0.52      0.46       117

avg / total       0.35      0.37      0.35       366


SVM RBF
Classification_report:
             precision    recall  f1-score   support

          B       0.38      1.00      0.56       179
          C       0.00      0.00      0.00        20
          G       0.00      0.00      0.00        36
          M       0.00      0.00      0.00        59
          O       0.00      0.00      0.00         1
          P       0.00      0.00      0.00        68
          R       0.00      0.00      0.00       102

avg / total       0.15      0.38      0.21       465

[[179   0   0   0   0   0   0]
 [ 20   0   0   0   0   0   0]
 [ 36   0   0   0   0   0   0]
 [ 59   0   0   0   0   0   0]
 [  1   0   0   0   0   0   0]
 [ 68   0   0   0   0   0   0]
 [102   0   0   0   0   0   0]]

SVM linear
Classification_report:
             precision    recall  f1-score   support

          B       0.45      0.69      0.54       179
          C       0.00      0.00      0.00        20
          G       0.00      0.00      0.00        36
          M       0.32      0.22      0.26        59
          O       0.00      0.00      0.00         1
          P       0.52      0.35      0.42        68
          R       0.26      0.26      0.26       102

avg / total       0.35      0.40      0.36       465

[[123   0   0  11   0   5  40]
 [ 11   0   1   0   0   4   4]
 [ 32   0   0   1   0   1   2]
 [ 27   0   0  13   0   3  16]
 [  0   0   0   0   0   0   1]
 [ 25   0   0   6   0  24  13]
 [ 56   0   0  10   0   9  27]]

KNN
Classification_report:
             precision    recall  f1-score   support

          B       0.46      0.61      0.53       179
          C       0.00      0.00      0.00        20
          G       0.02      0.03      0.03        36
          M       0.26      0.17      0.21        59
          O       0.00      0.00      0.00         1
          P       0.30      0.19      0.23        68
          R       0.19      0.16      0.17       102

avg / total       0.30      0.32      0.30       465

[[110   3  22   5   0  13  26]
 [ 12   0   0   2   0   2   4]
 [ 24   0   1   2   0   4   5]
 [ 21   2   5  10   0   4  17]
 [  1   0   0   0   0   0   0]
 [ 20   6   6   7   0  13  16]
 [ 52   6   9  12   0   7  16]]

NB
Classification_report:
             precision    recall  f1-score   support

          B       0.49      0.37      0.42       179
          C       0.06      0.10      0.08        20
          G       0.23      0.33      0.27        36
          M       0.28      0.36      0.31        59
          O       0.00      0.00      0.00         1
          P       0.36      0.47      0.41        68
          R       0.33      0.25      0.29       102

avg / total       0.37      0.34      0.35       465

[[67 14 28 23  0 24 23]
 [ 8  2  2  1  0  3  4]
 [13  2 12  4  0  1  4]
 [11  4  3 21  0  9 11]
 [ 0  0  0  0  0  0  1]
 [12  3  2  9  0 32 10]
 [27  6  5 17  0 21 26]]

DT
Classification_report:
             precision    recall  f1-score   support

          B       0.42      0.38      0.40       179
          C       0.00      0.00      0.00        20
          G       0.10      0.11      0.10        36
          M       0.24      0.25      0.25        59
          O       0.00      0.00      0.00         1
          P       0.30      0.31      0.31        68
          R       0.20      0.21      0.20       102

avg / total       0.29      0.28      0.28       465

[[68 12 26 18  0 21 34]
 [ 8  0  0  5  0  2  5]
 [19  2  4  1  0  3  7]
 [15  3  1 15  1  6 18]
 [ 0  0  0  0  0  0  1]
 [16  4  3  6  0 21 18]
 [37  4  7 17  0 16 21]]

CRF
Classification_report:
             precision    recall  f1-score   support

          B       0.47      0.96      0.63       179
          C       0.00      0.00      0.00        20
          G       0.00      0.00      0.00        36
          M       1.00      0.02      0.03        59
          O       0.00      0.00      0.00         1
          P       0.19      0.15      0.17        68
          R       0.36      0.17      0.23       102

avg / total       0.42      0.43      0.32       465

CRF 2.0
Classification_report:
             precision    recall  f1-score   support

          B       0.61      0.77      0.68       179
          C       0.30      0.15      0.20        20
          G       0.19      0.08      0.12        36
          M       0.30      0.20      0.24        59
          O       0.00      0.00      0.00         1
          P       0.43      0.38      0.41        68
          R       0.37      0.41      0.39       102

avg / total       0.44      0.48      0.45       465


SVM RBF
Classification_report:
             precision    recall  f1-score   support

          B       0.37      0.88      0.52       256
          C       0.00      0.00      0.00        40
          G       0.00      0.00      0.00        72
          M       0.00      0.00      0.00       104
          O       0.00      0.00      0.00         7
          P       1.00      0.02      0.03       133
          R       0.40      0.41      0.41       219

avg / total       0.38      0.38      0.27       831

[[225   0   0   0   0   0  31]
 [ 32   0   0   0   0   0   8]
 [ 70   0   0   0   0   0   2]
 [ 60   0   0   0   0   0  44]
 [  3   0   0   0   0   0   4]
 [ 87   0   0   0   0   2  44]
 [129   0   0   0   0   0  90]]

SVM linear
Classification_report:
             precision    recall  f1-score   support

          B       0.46      0.70      0.56       256
          C       0.00      0.00      0.00        40
          G       0.00      0.00      0.00        72
          M       0.23      0.08      0.12       104
          O       0.00      0.00      0.00         7
          P       0.48      0.39      0.43       133
          R       0.38      0.52      0.44       219

avg / total       0.35      0.42      0.37       831

[[179   0   0   6   1  10  60]
 [ 19   0   0   0   0   8  13]
 [ 57   0   0   0   0   5  10]
 [ 26   0   0   8   0  11  59]
 [  0   0   0   0   0   4   3]
 [ 39   0   0   5   0  52  37]
 [ 69   0   1  16   2  18 113]]

KNN
Classification_report:
             precision    recall  f1-score   support

          B       0.43      0.57      0.49       256
          C       0.05      0.07      0.06        40
          G       0.16      0.12      0.14        72
          M       0.22      0.18      0.20       104
          O       0.00      0.00      0.00         7
          P       0.35      0.32      0.33       133
          R       0.33      0.26      0.29       219

avg / total       0.32      0.33      0.32       831

[[146  13  21  17   0  22  37]
 [ 15   3   2   4   0   8   8]
 [ 38   5   9   2   0   9   9]
 [ 26   6   6  19   0  14  33]
 [  2   1   0   2   0   1   1]
 [ 32  13   6  14   1  42  25]
 [ 77  19  14  28   2  23  56]]

NB
Classification_report:
             precision    recall  f1-score   support

          B       0.47      0.39      0.43       256
          C       0.08      0.10      0.09        40
          G       0.30      0.39      0.34        72
          M       0.23      0.23      0.23       104
          O       0.20      0.14      0.17         7
          P       0.39      0.57      0.46       133
          R       0.35      0.28      0.31       219

avg / total       0.36      0.35      0.35       831

[[99 18 40 25  0 26 48]
 [12  4  5  0  1 12  6]
 [22  7 28  3  0  4  8]
 [19  4  4 24  1 20 32]
 [ 1  0  0  0  1  2  3]
 [14  7  5 14  0 76 17]
 [42 12 11 37  2 54 61]]

DT
Classification_report:
             precision    recall  f1-score   support

          B       0.38      0.36      0.37       256
          C       0.07      0.07      0.07        40
          G       0.15      0.15      0.15        72
          M       0.20      0.23      0.21       104
          O       0.00      0.00      0.00         7
          P       0.27      0.25      0.26       133
          R       0.30      0.31      0.31       219

avg / total       0.28      0.28      0.28       831

[[91 12 31 34  0 23 65]
 [13  3  4  7  0  2 11]
 [27  5 11  4  0 10 15]
 [29  3  7 24  0 18 23]
 [ 0  0  0  1  0  2  4]
 [30  7  1 21  1 33 40]
 [49 12 20 31  3 36 68]]

CRF
Classification_report:
             precision    recall  f1-score   support

          B       0.36      0.46      0.40       256
          C       0.00      0.00      0.00        40
          G       0.00      0.00      0.00        72
          M       0.00      0.00      0.00       104
          O       0.00      0.00      0.00         7
          P       0.35      0.27      0.30       133
          R       0.30      0.55      0.39       219

avg / total       0.25      0.33      0.28       831

CRF 2.0
Classification_report:
             precision    recall  f1-score   support

          B       0.55      0.74      0.63       256
          C       0.36      0.33      0.34        40
          G       0.14      0.06      0.08        72
          M       0.34      0.20      0.25       104
          O       0.00      0.00      0.00         7
          P       0.51      0.42      0.46       133
          R       0.46      0.53      0.49       219

avg / total       0.45      0.48      0.45       831
