SVM RBF
Classification_report:
             precision    recall  f1-score   support

          B       0.00      0.00      0.00        77
          C       0.00      0.00      0.00        20
          G       0.00      0.00      0.00        36
          M       0.00      0.00      0.00        45
          O       0.00      0.00      0.00         6
          P       0.00      0.00      0.00        65
          R       0.32      1.00      0.48       117

avg / total       0.10      0.32      0.15       366

[[  0   0   0   0   0   0  77]
 [  0   0   0   0   0   0  20]
 [  0   0   0   0   0   0  36]
 [  0   0   0   0   0   0  45]
 [  0   0   0   0   0   0   6]
 [  0   0   0   0   0   0  65]
 [  0   0   0   0   0   0 117]]

SVM linear
Classification_report:
             precision    recall  f1-score   support

          B       0.47      0.48      0.47        77
          C       0.00      0.00      0.00        20
          G       0.50      0.03      0.05        36
          M       0.50      0.04      0.08        45
          O       0.00      0.00      0.00         6
          P       0.42      0.34      0.38        65
          R       0.41      0.79      0.54       117

avg / total       0.41      0.42      0.35       366

[[37  0  0  0  0  7 33]
 [ 2  0  0  0  0  3 15]
 [16  0  1  0  0  4 15]
 [ 3  0  0  2  0  4 36]
 [ 0  0  0  0  0  2  4]
 [ 8  0  1  1  0 22 33]
 [13  0  0  1  0 10 93]]

KNN
Classification_report:
             precision    recall  f1-score   support

          B       0.31      0.38      0.34        77
          C       0.11      0.35      0.17        20
          G       0.33      0.28      0.30        36
          M       0.12      0.07      0.08        45
          O       0.00      0.00      0.00         6
          P       0.28      0.28      0.28        65
          R       0.53      0.42      0.47       117

avg / total       0.34      0.32      0.32       366

[[29 13  8  5  0 13  9]
 [ 4  7  0  0  0  3  6]
 [13  5 10  1  0  5  2]
 [ 7  7  2  3  0  7 19]
 [ 0  1  1  0  0  4  0]
 [16 14  4  6  0 18  7]
 [24 14  5 11  0 14 49]]

NB
Classification_report:
             precision    recall  f1-score   support

          B       0.41      0.29      0.34        77
          C       0.07      0.05      0.06        20
          G       0.38      0.42      0.39        36
          M       0.26      0.24      0.25        45
          O       0.00      0.00      0.00         6
          P       0.33      0.51      0.40        65
          R       0.46      0.45      0.46       117

avg / total       0.37      0.37      0.36       366

[[22  4 12  5  0 16 18]
 [ 1  1  2  0  0  9  7]
 [ 7  1 15  1  0  5  7]
 [ 0  0  1 11  0 16 17]
 [ 0  0  0  1  0  2  3]
 [ 6  3  4 10  0 33  9]
 [18  6  6 14  0 20 53]]

DT
Classification_report:
             precision    recall  f1-score   support

          B       0.31      0.32      0.32        77
          C       0.25      0.20      0.22        20
          G       0.07      0.08      0.07        36
          M       0.17      0.16      0.16        45
          O       0.00      0.00      0.00         6
          P       0.25      0.25      0.25        65
          R       0.42      0.43      0.43       117

avg / total       0.29      0.29      0.29       366

[[25  3 16  4  2 11 16]
 [ 3  4  1  3  0  5  4]
 [11  1  3  6  1  8  6]
 [ 4  1  6  7  0  7 20]
 [ 2  0  1  1  0  0  2]
 [14  1  5  9  0 16 20]
 [22  6 12 10  1 16 50]]

CRF
Classification_report:
             precision    recall  f1-score   support

          B       0.56      0.18      0.27        77
          C       0.00      0.00      0.00        20
          G       0.29      0.06      0.09        36
          M       0.00      0.00      0.00        45
          O       0.00      0.00      0.00         6
          P       0.50      0.40      0.44        65
          R       0.41      0.95      0.57       117

avg / total       0.37      0.42      0.33       366

CRF 2.0
Classification_report:
             precision    recall  f1-score   support

          B       0.49      0.52      0.51        77
          C       0.30      0.15      0.20        20
          G       0.43      0.28      0.34        36
          M       0.15      0.04      0.07        45
          O       0.00      0.00      0.00         6
          P       0.56      0.48      0.52        65
          R       0.47      0.74      0.58       117

avg / total       0.43      0.47      0.44       366


SVM RBF
Classification_report:
             precision    recall  f1-score   support

          B       0.38      1.00      0.56       179
          C       0.00      0.00      0.00        20
          G       0.00      0.00      0.00        36
          M       0.00      0.00      0.00        59
          O       0.00      0.00      0.00         1
          P       0.00      0.00      0.00        68
          R       0.00      0.00      0.00       102

avg / total       0.15      0.38      0.21       465

[[179   0   0   0   0   0   0]
 [ 20   0   0   0   0   0   0]
 [ 36   0   0   0   0   0   0]
 [ 59   0   0   0   0   0   0]
 [  1   0   0   0   0   0   0]
 [ 68   0   0   0   0   0   0]
 [102   0   0   0   0   0   0]]

SVM linear
Classification_report:
             precision    recall  f1-score   support

          B       0.45      0.83      0.59       179
          C       0.00      0.00      0.00        20
          G       0.00      0.00      0.00        36
          M       0.50      0.03      0.06        59
          O       0.00      0.00      0.00         1
          P       0.58      0.31      0.40        68
          R       0.25      0.24      0.24       102

avg / total       0.38      0.42      0.35       465

[[149   0   0   0   0   2  28]
 [ 15   0   0   0   0   3   2]
 [ 33   0   0   0   0   0   3]
 [ 28   0   0   2   0   4  25]
 [  1   0   0   0   0   0   0]
 [ 33   0   0   1   0  21  13]
 [ 71   0   0   1   0   6  24]]

KNN
Classification_report:
             precision    recall  f1-score   support

          B       0.46      0.64      0.54       179
          C       0.08      0.10      0.09        20
          G       0.13      0.11      0.12        36
          M       0.34      0.17      0.23        59
          O       0.00      0.00      0.00         1
          P       0.33      0.25      0.29        68
          R       0.24      0.20      0.22       102

avg / total       0.34      0.36      0.34       465

[[114   8  12   8   0  12  25]
 [ 11   2   1   0   0   2   4]
 [ 23   1   4   1   0   1   6]
 [ 18   1   4  10   0   8  18]
 [  0   0   0   0   0   0   1]
 [ 32   4   1   5   0  17   9]
 [ 49   9   8   5   0  11  20]]

NB
Classification_report:
             precision    recall  f1-score   support

          B       0.57      0.49      0.53       179
          C       0.06      0.05      0.06        20
          G       0.23      0.36      0.28        36
          M       0.30      0.36      0.33        59
          O       0.00      0.00      0.00         1
          P       0.43      0.56      0.48        68
          R       0.29      0.23      0.25       102

avg / total       0.40      0.40      0.39       465

[[88  5 29 14  0 17 26]
 [ 7  1  2  2  0  4  4]
 [13  2 13  3  0  1  4]
 [10  2  2 21  0 10 14]
 [ 0  0  0  1  0  0  0]
 [12  3  1  6  0 38  8]
 [25  3  9 23  0 19 23]]

DT
Classification_report:
             precision    recall  f1-score   support

          B       0.44      0.40      0.42       179
          C       0.00      0.00      0.00        20
          G       0.12      0.17      0.14        36
          M       0.21      0.25      0.23        59
          O       0.00      0.00      0.00         1
          P       0.23      0.21      0.22        68
          R       0.18      0.19      0.19       102

avg / total       0.28      0.27      0.27       465

[[71  8 21 23  0 20 36]
 [ 9  0  2  1  0  2  6]
 [ 8  2  6  5  0  4 11]
 [18  1  5 15  0  9 11]
 [ 0  0  0  0  0  0  1]
 [16  2  5 12  0 14 19]
 [39  2 13 17  0 12 19]]

CRF
Classification_report:
             precision    recall  f1-score   support

          B       0.49      0.87      0.62       179
          C       0.33      0.05      0.09        20
          G       0.00      0.00      0.00        36
          M       0.17      0.02      0.03        59
          O       0.00      0.00      0.00         1
          P       0.23      0.18      0.20        68
          R       0.40      0.32      0.36       102

avg / total       0.34      0.44      0.36       465

CRF 2.0
Classification_report:
             precision    recall  f1-score   support

          B       0.63      0.79      0.70       179
          C       0.50      0.30      0.37        20
          G       0.36      0.11      0.17        36
          M       0.38      0.31      0.34        59
          O       0.00      0.00      0.00         1
          P       0.49      0.37      0.42        68
          R       0.41      0.48      0.44       102

avg / total       0.50      0.52      0.50       465


SVM RBF
Classification_report:
             precision    recall  f1-score   support

          B       0.31      1.00      0.47       256
          C       0.00      0.00      0.00        40
          G       0.00      0.00      0.00        72
          M       0.00      0.00      0.00       104
          O       0.00      0.00      0.00         7
          P       0.00      0.00      0.00       133
          R       0.00      0.00      0.00       219

avg / total       0.09      0.31      0.15       831

[[256   0   0   0   0   0   0]
 [ 40   0   0   0   0   0   0]
 [ 72   0   0   0   0   0   0]
 [104   0   0   0   0   0   0]
 [  7   0   0   0   0   0   0]
 [133   0   0   0   0   0   0]
 [219   0   0   0   0   0   0]]

SVM linear
Classification_report:
             precision    recall  f1-score   support

          B       0.47      0.68      0.56       256
          C       0.00      0.00      0.00        40
          G       0.00      0.00      0.00        72
          M       0.00      0.00      0.00       104
          O       0.00      0.00      0.00         7
          P       0.52      0.44      0.48       133
          R       0.41      0.65      0.50       219

avg / total       0.34      0.45      0.38       831

[[174   0   0   0   0  12  70]
 [ 19   0   0   0   0   9  12]
 [ 54   0   0   0   0   3  15]
 [ 20   0   0   0   0  10  74]
 [  0   0   0   0   0   4   3]
 [ 40   0   0   0   0  58  35]
 [ 61   0   0   0   0  15 143]]

KNN
Classification_report:
             precision    recall  f1-score   support

          B       0.43      0.58      0.50       256
          C       0.08      0.15      0.11        40
          G       0.20      0.17      0.18        72
          M       0.20      0.12      0.15       104
          O       0.00      0.00      0.00         7
          P       0.34      0.31      0.32       133
          R       0.38      0.30      0.33       219

avg / total       0.34      0.34      0.33       831

[[148  16  24  10   0  28  30]
 [ 16   6   3   0   0   7   8]
 [ 38   7  12   0   0   6   9]
 [ 27   6   2  13   0  15  41]
 [  2   0   1   0   0   1   3]
 [ 41  19   6  11   1  41  14]
 [ 69  19  12  30   1  23  65]]

NB
Classification_report:
             precision    recall  f1-score   support

          B       0.52      0.43      0.47       256
          C       0.08      0.07      0.08        40
          G       0.23      0.35      0.28        72
          M       0.27      0.22      0.24       104
          O       0.00      0.00      0.00         7
          P       0.40      0.60      0.48       133
          R       0.43      0.37      0.40       219

avg / total       0.39      0.39      0.38       831

[[109   9  50  17   0  33  38]
 [  9   3   5   1   0  14   8]
 [ 27   7  25   2   0   5   6]
 [ 15   2   5  23   0  22  37]
 [  0   0   0   0   0   3   4]
 [ 13   4   8  11   0  80  17]
 [ 37  11  14  32   0  43  82]]

DT
Classification_report:
             precision    recall  f1-score   support

          B       0.37      0.33      0.35       256
          C       0.07      0.07      0.07        40
          G       0.17      0.17      0.17        72
          M       0.17      0.17      0.17       104
          O       0.00      0.00      0.00         7
          P       0.28      0.31      0.29       133
          R       0.28      0.28      0.28       219

avg / total       0.27      0.26      0.27       831

[[84 19 27 30  0 35 61]
 [ 8  3  2  9  1  5 12]
 [21  2 12  5  0  8 24]
 [21  2  7 18  2 17 37]
 [ 4  0  0  0  0  2  1]
 [32  7  7 18  0 41 28]
 [60  9 16 28  5 39 62]]

CRF
Classification_report:
             precision    recall  f1-score   support

          B       0.43      0.62      0.51       256
          C       0.00      0.00      0.00        40
          G       0.00      0.00      0.00        72
          M       0.00      0.00      0.00       104
          O       0.00      0.00      0.00         7
          P       0.36      0.28      0.31       133
          R       0.37      0.60      0.45       219

avg / total       0.29      0.39      0.33       831

CRF 2.0
Classification_report:
             precision    recall  f1-score   support

          B       0.59      0.75      0.66       256
          C       0.45      0.25      0.32        40
          G       0.21      0.08      0.12        72
          M       0.40      0.26      0.31       104
          O       0.00      0.00      0.00         7
          P       0.59      0.47      0.52       133
          R       0.50      0.64      0.56       219

avg / total       0.50      0.53      0.50       831
