SVM RBF
Classification_report:
             precision    recall  f1-score   support

          B       0.00      0.00      0.00        77
          C       0.00      0.00      0.00        20
          G       0.00      0.00      0.00        36
          M       0.00      0.00      0.00        45
          O       0.00      0.00      0.00         6
          P       0.00      0.00      0.00        65
          R       0.32      1.00      0.48       117

avg / total       0.10      0.32      0.15       366

[[  0   0   0   0   0   0  77]
 [  0   0   0   0   0   0  20]
 [  0   0   0   0   0   0  36]
 [  0   0   0   0   0   0  45]
 [  0   0   0   0   0   0   6]
 [  0   0   0   0   0   0  65]
 [  0   0   0   0   0   0 117]]

SVM linear
Classification_report:
             precision    recall  f1-score   support

          B       0.42      0.47      0.44        77
          C       0.00      0.00      0.00        20
          G       0.33      0.03      0.05        36
          M       0.33      0.04      0.08        45
          O       0.00      0.00      0.00         6
          P       0.53      0.43      0.47        65
          R       0.42      0.79      0.55       117

avg / total       0.39      0.43      0.37       366

[[36  0  0  0  0  7 34]
 [ 5  0  0  0  0  2 13]
 [19  0  1  0  0  1 15]
 [ 4  0  0  2  0  5 34]
 [ 0  0  0  0  0  3  3]
 [ 5  0  2  2  0 28 28]
 [16  0  0  2  0  7 92]]

KNN
Classification_report:
             precision    recall  f1-score   support

          B       0.36      0.35      0.36        77
          C       0.10      0.30      0.14        20
          G       0.22      0.14      0.17        36
          M       0.23      0.16      0.19        45
          O       0.00      0.00      0.00         6
          P       0.27      0.35      0.31        65
          R       0.50      0.38      0.43       117

avg / total       0.34      0.31      0.31       366

[[27  8  8  6  0 19  9]
 [ 4  6  1  0  0  3  6]
 [11  6  5  1  0  9  4]
 [ 5  5  1  7  0 12 15]
 [ 0  1  1  0  0  3  1]
 [10 12  1  8  2 23  9]
 [18 25  6  8  0 16 44]]

NB
Classification_report:
             precision    recall  f1-score   support

          B       0.38      0.31      0.34        77
          C       0.15      0.10      0.12        20
          G       0.28      0.36      0.31        36
          M       0.19      0.20      0.19        45
          O       0.00      0.00      0.00         6
          P       0.38      0.51      0.44        65
          R       0.43      0.40      0.42       117

avg / total       0.34      0.35      0.34       366

[[24  4 15  5  0 12 17]
 [ 2  2  3  0  0  7  6]
 [14  2 13  0  0  3  4]
 [ 3  0  1  9  0 12 20]
 [ 0  1  0  0  0  1  4]
 [ 3  1  7 10  0 33 11]
 [17  3  8 24  0 18 47]]

DT
Classification_report:
             precision    recall  f1-score   support

          B       0.31      0.30      0.30        77
          C       0.05      0.05      0.05        20
          G       0.21      0.22      0.21        36
          M       0.20      0.20      0.20        45
          O       0.00      0.00      0.00         6
          P       0.22      0.20      0.21        65
          R       0.30      0.32      0.31       117

avg / total       0.25      0.25      0.25       366

[[23  6  7  7  1  9 24]
 [ 2  1  4  3  0  2  8]
 [ 9  0  8  1  0  5 13]
 [ 7  1  2  9  0  8 18]
 [ 1  0  0  2  0  1  2]
 [13  3  6  9  1 13 20]
 [19  9 12 15  4 21 37]]

CRF
Classification_report:
             precision    recall  f1-score   support

          B       0.00      0.00      0.00        77
          C       0.00      0.00      0.00        20
          G       0.00      0.00      0.00        36
          M       0.00      0.00      0.00        45
          O       0.00      0.00      0.00         6
          P       0.45      0.35      0.40        65
          R       0.36      0.93      0.52       117

avg / total       0.19      0.36      0.24       366

CRF 2.0
Classification_report:
             precision    recall  f1-score   support

          B       0.42      0.44      0.43        77
          C       0.17      0.05      0.08        20
          G       0.32      0.22      0.26        36
          M       0.19      0.07      0.10        45
          O       0.00      0.00      0.00         6
          P       0.50      0.42      0.45        65
          R       0.44      0.70      0.54       117

avg / total       0.38      0.42      0.39       366


SVM RBF
Classification_report:
             precision    recall  f1-score   support

          B       0.38      1.00      0.56       179
          C       0.00      0.00      0.00        20
          G       0.00      0.00      0.00        36
          M       0.00      0.00      0.00        59
          O       0.00      0.00      0.00         1
          P       0.00      0.00      0.00        68
          R       0.00      0.00      0.00       102

avg / total       0.15      0.38      0.21       465

[[179   0   0   0   0   0   0]
 [ 20   0   0   0   0   0   0]
 [ 36   0   0   0   0   0   0]
 [ 59   0   0   0   0   0   0]
 [  1   0   0   0   0   0   0]
 [ 68   0   0   0   0   0   0]
 [102   0   0   0   0   0   0]]

SVM linear
Classification_report:
             precision    recall  f1-score   support

          B       0.47      0.79      0.59       179
          C       0.00      0.00      0.00        20
          G       0.00      0.00      0.00        36
          M       0.45      0.15      0.23        59
          O       0.00      0.00      0.00         1
          P       0.60      0.35      0.44        68
          R       0.32      0.32      0.32       102

avg / total       0.40      0.45      0.39       465

[[142   0   0   4   0   3  30]
 [ 15   0   0   1   0   3   1]
 [ 31   0   0   1   0   0   4]
 [ 23   0   0   9   0   4  23]
 [  1   0   0   0   0   0   0]
 [ 33   0   0   0   0  24  11]
 [ 58   0   0   5   0   6  33]]

KNN
Classification_report:
             precision    recall  f1-score   support

          B       0.52      0.64      0.57       179
          C       0.11      0.10      0.11        20
          G       0.12      0.08      0.10        36
          M       0.35      0.24      0.28        59
          O       0.00      0.00      0.00         1
          P       0.38      0.34      0.36        68
          R       0.25      0.25      0.25       102

avg / total       0.37      0.39      0.37       465

[[114   7   9   4   0  15  30]
 [ 10   2   1   1   0   1   5]
 [ 23   1   3   1   0   1   7]
 [ 16   1   2  14   0   8  18]
 [  0   0   0   0   0   0   1]
 [ 20   3   1   5   0  23  16]
 [ 37   4   8  15   0  13  25]]

NB
Classification_report:
             precision    recall  f1-score   support

          B       0.55      0.50      0.52       179
          C       0.04      0.05      0.05        20
          G       0.22      0.31      0.26        36
          M       0.33      0.44      0.38        59
          O       0.00      0.00      0.00         1
          P       0.41      0.51      0.45        68
          R       0.29      0.19      0.23       102

avg / total       0.40      0.39      0.39       465

[[89  8 23 19  0 21 19]
 [ 8  1  2  1  0  5  3]
 [18  1 11  3  0  0  3]
 [ 8  2  2 26  0  8 13]
 [ 1  0  0  0  0  0  0]
 [ 9  7  4  5  0 35  8]
 [29  5  7 25  0 17 19]]

DT
Classification_report:
             precision    recall  f1-score   support

          B       0.40      0.33      0.36       179
          C       0.13      0.15      0.14        20
          G       0.07      0.08      0.08        36
          M       0.13      0.15      0.14        59
          O       0.00      0.00      0.00         1
          P       0.22      0.22      0.22        68
          R       0.19      0.22      0.20       102

avg / total       0.26      0.24      0.25       465

[[59  8 18 20  1 24 49]
 [ 4  3  1  4  0  4  4]
 [15  0  3  4  0  4 10]
 [23  2  4  9  0  7 14]
 [ 0  0  0  0  0  0  1]
 [16  3  3 15  0 15 16]
 [31  7 13 15  0 14 22]]

CRF
Classification_report:
             precision    recall  f1-score   support

          B       0.50      0.96      0.66       179
          C       0.00      0.00      0.00        20
          G       0.00      0.00      0.00        36
          M       0.00      0.00      0.00        59
          O       0.00      0.00      0.00         1
          P       0.21      0.16      0.18        68
          R       0.47      0.26      0.34       102

avg / total       0.32      0.45      0.35       465

CRF 2.0
Classification_report:
             precision    recall  f1-score   support

          B       0.64      0.85      0.73       179
          C       0.40      0.20      0.27        20
          G       0.38      0.08      0.14        36
          M       0.35      0.37      0.36        59
          O       0.00      0.00      0.00         1
          P       0.47      0.40      0.43        68
          R       0.44      0.39      0.42       102

avg / total       0.50      0.53      0.50       465


SVM RBF
Classification_report:
             precision    recall  f1-score   support

          B       0.31      1.00      0.47       256
          C       0.00      0.00      0.00        40
          G       0.00      0.00      0.00        72
          M       0.00      0.00      0.00       104
          O       0.00      0.00      0.00         7
          P       0.00      0.00      0.00       133
          R       0.00      0.00      0.00       219

avg / total       0.09      0.31      0.15       831

[[256   0   0   0   0   0   0]
 [ 40   0   0   0   0   0   0]
 [ 72   0   0   0   0   0   0]
 [104   0   0   0   0   0   0]
 [  7   0   0   0   0   0   0]
 [133   0   0   0   0   0   0]
 [219   0   0   0   0   0   0]]

SVM linear
Classification_report:
             precision    recall  f1-score   support

          B       0.46      0.70      0.56       256
          C       0.00      0.00      0.00        40
          G       0.00      0.00      0.00        72
          M       0.32      0.06      0.10       104
          O       0.00      0.00      0.00         7
          P       0.53      0.46      0.49       133
          R       0.42      0.60      0.49       219

avg / total       0.38      0.45      0.39       831

[[179   0   1   3   0  15  58]
 [ 21   0   0   1   0   8  10]
 [ 59   0   0   0   0   1  12]
 [ 21   0   0   6   0  12  65]
 [  0   0   0   0   0   4   3]
 [ 38   0   0   2   0  61  32]
 [ 67   0   0   7   0  14 131]]

KNN
Classification_report:
             precision    recall  f1-score   support

          B       0.46      0.52      0.49       256
          C       0.07      0.17      0.10        40
          G       0.15      0.14      0.15        72
          M       0.26      0.14      0.19       104
          O       0.00      0.00      0.00         7
          P       0.33      0.35      0.34       133
          R       0.38      0.30      0.34       219

avg / total       0.34      0.33      0.33       831

[[132  26  30   7   0  31  30]
 [  9   7   3   0   0   6  15]
 [ 36   8  10   0   0  11   7]
 [ 24   6   4  15   1  14  40]
 [  3   1   1   0   0   1   1]
 [ 23  22   8  17   0  47  16]
 [ 60  29   9  19   3  33  66]]

NB
Classification_report:
             precision    recall  f1-score   support

          B       0.52      0.41      0.46       256
          C       0.13      0.17      0.15        40
          G       0.24      0.40      0.30        72
          M       0.22      0.23      0.23       104
          O       0.00      0.00      0.00         7
          P       0.42      0.59      0.50       133
          R       0.37      0.28      0.32       219

avg / total       0.38      0.37      0.37       831

[[105   9  57  25   0  28  32]
 [  8   7   4   1   0  13   7]
 [ 23   5  29   3   0   5   7]
 [ 14   1   6  24   1  23  35]
 [  0   1   0   0   0   2   4]
 [ 11  11   5  10   0  79  17]
 [ 41  19  18  44   0  36  61]]

DT
Classification_report:
             precision    recall  f1-score   support

          B       0.44      0.43      0.44       256
          C       0.07      0.10      0.08        40
          G       0.15      0.18      0.17        72
          M       0.13      0.13      0.13       104
          O       0.00      0.00      0.00         7
          P       0.27      0.26      0.26       133
          R       0.29      0.28      0.29       219

avg / total       0.29      0.28      0.29       831

[[109  16  33  29   0  28  41]
 [ 12   4   2   6   1   5  10]
 [ 23   3  13   7   0   7  19]
 [ 25   5   5  14   0  19  36]
 [  0   0   0   2   0   3   2]
 [ 24  10  12  13   2  34  38]
 [ 52  17  20  35   3  31  61]]

CRF
Classification_report:
             precision    recall  f1-score   support

          B       0.39      0.52      0.45       256
          C       0.00      0.00      0.00        40
          G       0.00      0.00      0.00        72
          M       0.00      0.00      0.00       104
          O       0.00      0.00      0.00         7
          P       0.34      0.26      0.30       133
          R       0.32      0.56      0.41       219

avg / total       0.26      0.35      0.29       831

CRF 2.0
Classification_report:
             precision    recall  f1-score   support

          B       0.65      0.80      0.72       256
          C       0.40      0.20      0.27        40
          G       0.36      0.21      0.26        72
          M       0.33      0.27      0.30       104
          O       0.00      0.00      0.00         7
          P       0.59      0.47      0.53       133
          R       0.49      0.59      0.54       219

avg / total       0.52      0.54      0.52       831
