SVM RBF
Classification_report:
             precision    recall  f1-score   support

          B       0.00      0.00      0.00        77
          C       0.00      0.00      0.00        20
          G       0.00      0.00      0.00        36
          M       0.00      0.00      0.00        45
          O       0.00      0.00      0.00         6
          P       0.00      0.00      0.00        65
          R       0.32      1.00      0.48       117

avg / total       0.10      0.32      0.15       366

[[  0   0   0   0   0   0  77]
 [  0   0   0   0   0   0  20]
 [  0   0   0   0   0   0  36]
 [  0   0   0   0   0   0  45]
 [  0   0   0   0   0   0   6]
 [  0   0   0   0   0   0  65]
 [  0   0   0   0   0   0 117]]

SVM linear
Classification_report:
             precision    recall  f1-score   support

          B       0.41      0.47      0.44        77
          C       0.00      0.00      0.00        20
          G       0.50      0.17      0.25        36
          M       0.35      0.13      0.19        45
          O       0.00      0.00      0.00         6
          P       0.59      0.54      0.56        65
          R       0.45      0.73      0.56       117

avg / total       0.43      0.46      0.42       366

[[36  0  5  3  0  6 27]
 [ 3  0  0  0  0  1 16]
 [21  0  6  0  0  0  9]
 [ 4  0  0  6  0  4 31]
 [ 0  0  0  0  0  5  1]
 [ 8  0  1  1  0 35 20]
 [16  1  0  7  0  8 85]]

KNN
Classification_report:
             precision    recall  f1-score   support

          B       0.36      0.32      0.34        77
          C       0.09      0.40      0.14        20
          G       0.31      0.28      0.29        36
          M       0.24      0.24      0.24        45
          O       0.50      0.17      0.25         6
          P       0.33      0.32      0.33        65
          R       0.50      0.26      0.35       117

avg / total       0.37      0.29      0.31       366

[[25 21  8  6  0 10  7]
 [ 2  8  1  0  0  4  5]
 [ 9 11 10  1  0  4  1]
 [ 5  5  7 11  0  5 12]
 [ 0  3  0  0  1  2  0]
 [14 15  2  6  1 21  6]
 [15 29  4 21  0 17 31]]

NB
Classification_report:
             precision    recall  f1-score   support

          B       0.49      0.44      0.46        77
          C       0.22      0.20      0.21        20
          G       0.41      0.50      0.45        36
          M       0.28      0.33      0.31        45
          O       0.00      0.00      0.00         6
          P       0.46      0.58      0.51        65
          R       0.47      0.39      0.43       117

avg / total       0.42      0.42      0.42       366

[[34  2 14  7  0 11  9]
 [ 3  4  1  1  0  4  7]
 [ 9  2 18  0  0  1  6]
 [ 2  0  3 15  0  5 20]
 [ 0  0  0  0  0  3  3]
 [ 4  4  5  7  0 38  7]
 [18  6  3 23  0 21 46]]

DT
Classification_report:
             precision    recall  f1-score   support

          B       0.22      0.19      0.21        77
          C       0.04      0.05      0.05        20
          G       0.15      0.14      0.14        36
          M       0.17      0.18      0.18        45
          O       0.00      0.00      0.00         6
          P       0.23      0.20      0.21        65
          R       0.34      0.37      0.35       117

avg / total       0.23      0.23      0.23       366

[[15  7 11  8  1  9 26]
 [ 1  1  1  0  1  5 11]
 [ 8  3  5  3  1  5 11]
 [ 8  2  5  8  0  8 14]
 [ 1  1  1  1  0  0  2]
 [14  1  3  9  4 13 21]
 [22  8  7 17  3 17 43]]

CRF
Classification_report:
             precision    recall  f1-score   support

          B       0.00      0.00      0.00        77
          C       0.00      0.00      0.00        20
          G       0.00      0.00      0.00        36
          M       1.00      0.02      0.04        45
          O       0.00      0.00      0.00         6
          P       0.46      0.35      0.40        65
          R       0.37      0.91      0.52       117

avg / total       0.32      0.36      0.24       366

CRF 2.0
Classification_report:
             precision    recall  f1-score   support

          B       0.45      0.49      0.47        77
          C       0.20      0.05      0.08        20
          G       0.32      0.19      0.24        36
          M       0.15      0.09      0.11        45
          O       0.00      0.00      0.00         6
          P       0.58      0.46      0.51        65
          R       0.46      0.70      0.56       117

avg / total       0.41      0.44      0.41       366


SVM RBF
Classification_report:
             precision    recall  f1-score   support

          B       0.38      1.00      0.56       179
          C       0.00      0.00      0.00        20
          G       0.00      0.00      0.00        36
          M       0.00      0.00      0.00        59
          O       0.00      0.00      0.00         1
          P       0.00      0.00      0.00        68
          R       0.00      0.00      0.00       102

avg / total       0.15      0.38      0.21       465

[[179   0   0   0   0   0   0]
 [ 20   0   0   0   0   0   0]
 [ 36   0   0   0   0   0   0]
 [ 59   0   0   0   0   0   0]
 [  1   0   0   0   0   0   0]
 [ 68   0   0   0   0   0   0]
 [102   0   0   0   0   0   0]]

SVM linear
Classification_report:
             precision    recall  f1-score   support

          B       0.49      0.75      0.59       179
          C       0.00      0.00      0.00        20
          G       0.33      0.03      0.05        36
          M       0.32      0.19      0.24        59
          O       0.00      0.00      0.00         1
          P       0.63      0.46      0.53        68
          R       0.36      0.36      0.36       102

avg / total       0.43      0.46      0.42       465

[[134   0   1   7   0   6  31]
 [ 11   0   1   2   0   2   4]
 [ 31   0   1   2   0   0   2]
 [ 27   0   0  11   0   3  18]
 [  0   0   0   0   0   0   1]
 [ 23   0   0   3   0  31  11]
 [ 48   1   0   9   0   7  37]]

KNN
Classification_report:
             precision    recall  f1-score   support

          B       0.50      0.58      0.54       179
          C       0.05      0.05      0.05        20
          G       0.12      0.08      0.10        36
          M       0.30      0.15      0.20        59
          O       0.00      0.00      0.00         1
          P       0.27      0.26      0.27        68
          R       0.27      0.31      0.29       102

avg / total       0.34      0.36      0.35       465

[[104   5   9   2   0  24  35]
 [  9   1   1   0   0   4   5]
 [ 22   1   3   0   0   2   8]
 [ 15   4   3   9   0   4  24]
 [  1   0   0   0   0   0   0]
 [ 23   3   2   8   0  18  14]
 [ 32   5   7  11   0  15  32]]

NB
Classification_report:
             precision    recall  f1-score   support

          B       0.49      0.44      0.46       179
          C       0.05      0.05      0.05        20
          G       0.18      0.31      0.23        36
          M       0.29      0.36      0.32        59
          O       0.00      0.00      0.00         1
          P       0.49      0.54      0.52        68
          R       0.30      0.23      0.26       102

avg / total       0.38      0.37      0.37       465

[[78  7 33 19  0 13 29]
 [ 8  1  3  1  0  3  4]
 [19  2 11  2  0  0  2]
 [13  0  3 21  0 10 12]
 [ 0  0  0  0  0  0  1]
 [10  5  3  7  0 37  6]
 [31  5  8 23  0 12 23]]

DT
Classification_report:
             precision    recall  f1-score   support

          B       0.45      0.42      0.44       179
          C       0.00      0.00      0.00        20
          G       0.09      0.11      0.10        36
          M       0.21      0.20      0.21        59
          O       0.00      0.00      0.00         1
          P       0.29      0.28      0.28        68
          R       0.28      0.29      0.29       102

avg / total       0.31      0.30      0.31       465

[[76  8 20 16  1 23 35]
 [ 5  0  2  4  0  3  6]
 [19  1  4  5  0  1  6]
 [12  1  6 12  0 10 18]
 [ 0  0  0  0  0  0  1]
 [20  3  6  8  1 19 11]
 [36  5  8 13  0 10 30]]

CRF
Classification_report:
             precision    recall  f1-score   support

          B       0.48      0.96      0.64       179
          C       0.00      0.00      0.00        20
          G       0.00      0.00      0.00        36
          M       0.50      0.02      0.03        59
          O       0.00      0.00      0.00         1
          P       0.19      0.15      0.17        68
          R       0.40      0.20      0.26       102

avg / total       0.36      0.44      0.33       465

CRF 2.0
Classification_report:
             precision    recall  f1-score   support

          B       0.62      0.85      0.72       179
          C       0.67      0.30      0.41        20
          G       0.22      0.06      0.09        36
          M       0.43      0.37      0.40        59
          O       0.00      0.00      0.00         1
          P       0.60      0.44      0.51        68
          R       0.44      0.43      0.43       102

avg / total       0.52      0.55      0.52       465


SVM RBF
Classification_report:
             precision    recall  f1-score   support

          B       0.31      1.00      0.47       256
          C       0.00      0.00      0.00        40
          G       0.00      0.00      0.00        72
          M       0.00      0.00      0.00       104
          O       0.00      0.00      0.00         7
          P       0.00      0.00      0.00       133
          R       0.00      0.00      0.00       219

avg / total       0.09      0.31      0.15       831

[[256   0   0   0   0   0   0]
 [ 40   0   0   0   0   0   0]
 [ 72   0   0   0   0   0   0]
 [104   0   0   0   0   0   0]
 [  7   0   0   0   0   0   0]
 [133   0   0   0   0   0   0]
 [219   0   0   0   0   0   0]]

SVM linear
Classification_report:
             precision    recall  f1-score   support

          B       0.48      0.69      0.57       256
          C       0.00      0.00      0.00        40
          G       0.77      0.14      0.24        72
          M       0.45      0.18      0.26       104
          O       0.00      0.00      0.00         7
          P       0.66      0.56      0.60       133
          R       0.43      0.58      0.50       219

avg / total       0.49      0.49      0.46       831

[[177   0   3   6   0   7  63]
 [ 17   0   0   1   0   7  15]
 [ 55   0  10   0   0   1   6]
 [ 23   0   0  19   0   7  55]
 [  0   0   0   0   0   4   3]
 [ 32   0   0   2   0  74  25]
 [ 64   0   0  14   1  12 128]]

KNN
Classification_report:
             precision    recall  f1-score   support

          B       0.46      0.50      0.48       256
          C       0.05      0.15      0.08        40
          G       0.27      0.24      0.25        72
          M       0.31      0.21      0.25       104
          O       0.00      0.00      0.00         7
          P       0.40      0.43      0.41       133
          R       0.38      0.28      0.32       219

avg / total       0.37      0.35      0.36       831

[[128  31  26   7   0  26  38]
 [ 10   6   3   2   0   7  12]
 [ 32   5  17   4   0   7   7]
 [ 28   8   5  22   0  13  28]
 [  1   3   0   0   0   3   0]
 [ 24  23   3  11   1  57  14]
 [ 56  34   9  26   2  31  61]]

NB
Classification_report:
             precision    recall  f1-score   support

          B       0.53      0.43      0.47       256
          C       0.11      0.23      0.15        40
          G       0.27      0.46      0.34        72
          M       0.23      0.27      0.25       104
          O       0.00      0.00      0.00         7
          P       0.47      0.55      0.51       133
          R       0.42      0.28      0.34       219

avg / total       0.41      0.38      0.38       831

[[109  19  57  27   0  19  25]
 [ 11   9   8   1   0   6   5]
 [ 22   8  33   2   0   1   6]
 [ 17   3   6  28   0  17  33]
 [  0   1   0   0   0   3   3]
 [ 13  18   4  14   0  73  11]
 [ 34  26  15  48   0  35  61]]

DT
Classification_report:
             precision    recall  f1-score   support

          B       0.45      0.40      0.42       256
          C       0.10      0.15      0.12        40
          G       0.13      0.14      0.13        72
          M       0.14      0.14      0.14       104
          O       0.00      0.00      0.00         7
          P       0.30      0.32      0.31       133
          R       0.35      0.35      0.35       219

avg / total       0.31      0.30      0.31       831

[[103  20  25  28   1  28  51]
 [  8   6   1   9   0   4  12]
 [ 26   6  10   4   0  10  16]
 [ 24   5   9  15   0  23  28]
 [  2   0   0   2   0   1   2]
 [ 20  10  11  15   3  42  32]
 [ 46  13  21  31   0  32  76]]

CRF
Classification_report:
             precision    recall  f1-score   support

          B       0.36      0.48      0.41       256
          C       0.00      0.00      0.00        40
          G       0.00      0.00      0.00        72
          M       0.00      0.00      0.00       104
          O       0.00      0.00      0.00         7
          P       0.35      0.27      0.30       133
          R       0.32      0.56      0.41       219

avg / total       0.25      0.34      0.28       831

CRF 2.0
Classification_report:
             precision    recall  f1-score   support

          B       0.62      0.84      0.71       256
          C       0.39      0.17      0.24        40
          G       0.38      0.15      0.22        72
          M       0.41      0.33      0.36       104
          O       0.00      0.00      0.00         7
          P       0.62      0.49      0.55       133
          R       0.53      0.60      0.57       219

avg / total       0.53      0.56      0.53       831
