SVM RBF
Classification_report:
             precision    recall  f1-score   support

          B       0.00      0.00      0.00        77
          C       0.00      0.00      0.00        20
          G       0.00      0.00      0.00        36
          M       0.00      0.00      0.00        45
          O       0.00      0.00      0.00         6
          P       0.00      0.00      0.00        65
          R       0.32      1.00      0.48       117

avg / total       0.10      0.32      0.15       366

[[  0   0   0   0   0   0  77]
 [  0   0   0   0   0   0  20]
 [  0   0   0   0   0   0  36]
 [  0   0   0   0   0   0  45]
 [  0   0   0   0   0   0   6]
 [  0   0   0   0   0   0  65]
 [  0   0   0   0   0   0 117]]

SVM linear
Classification_report:
             precision    recall  f1-score   support

          B       0.45      0.52      0.48        77
          C       0.00      0.00      0.00        20
          G       0.20      0.03      0.05        36
          M       0.36      0.09      0.14        45
          O       0.00      0.00      0.00         6
          P       0.42      0.35      0.38        65
          R       0.43      0.75      0.54       117

avg / total       0.37      0.43      0.37       366

[[40  0  1  1  0  5 30]
 [ 2  0  0  0  0  4 14]
 [21  0  1  0  0  3 11]
 [ 4  0  0  4  0  6 31]
 [ 0  0  0  0  0  3  3]
 [ 8  0  3  1  0 23 30]
 [13  0  0  5  0 11 88]]

KNN
Classification_report:
             precision    recall  f1-score   support

          B       0.33      0.40      0.36        77
          C       0.07      0.15      0.09        20
          G       0.31      0.31      0.31        36
          M       0.31      0.29      0.30        45
          O       0.00      0.00      0.00         6
          P       0.34      0.34      0.34        65
          R       0.52      0.38      0.44       117

avg / total       0.37      0.34      0.35       366

[[31  6 10  3  0 14 13]
 [ 4  3  2  1  0  3  7]
 [13  5 11  1  0  3  3]
 [ 7  3  3 13  0  8 11]
 [ 0  2  1  0  0  2  1]
 [16  9  3  9  1 22  5]
 [23 16  5 15  1 13 44]]

NB
Classification_report:
             precision    recall  f1-score   support

          B       0.44      0.35      0.39        77
          C       0.08      0.10      0.09        20
          G       0.38      0.42      0.40        36
          M       0.25      0.29      0.27        45
          O       0.50      0.17      0.25         6
          P       0.35      0.45      0.39        65
          R       0.43      0.39      0.41       117

avg / total       0.38      0.36      0.37       366

[[27  3 10  9  0 12 16]
 [ 0  2  1  1  0  7  9]
 [ 7  3 15  0  0  5  6]
 [ 4  0  2 13  0  9 17]
 [ 0  1  0  0  1  1  3]
 [ 4  5  7 10  1 29  9]
 [19 10  4 19  0 19 46]]

DT
Classification_report:
             precision    recall  f1-score   support

          B       0.31      0.30      0.30        77
          C       0.09      0.10      0.09        20
          G       0.24      0.22      0.23        36
          M       0.24      0.18      0.20        45
          O       0.00      0.00      0.00         6
          P       0.20      0.22      0.21        65
          R       0.34      0.37      0.36       117

avg / total       0.27      0.27      0.27       366

[[23  4 10  4  1 15 20]
 [ 2  2  1  1  0  4 10]
 [10  0  8  3  0  6  9]
 [ 6  1  1  8  1  6 22]
 [ 0  0  0  2  0  2  2]
 [14  7  5  5  1 14 19]
 [20  9  8 11  4 22 43]]

CRF
Classification_report:
             precision    recall  f1-score   support

          B       0.75      0.04      0.07        77
          C       0.00      0.00      0.00        20
          G       0.00      0.00      0.00        36
          M       0.00      0.00      0.00        45
          O       0.00      0.00      0.00         6
          P       0.46      0.37      0.41        65
          R       0.38      0.98      0.54       117

avg / total       0.36      0.39      0.26       366

CRF 2.0
Classification_report:
             precision    recall  f1-score   support

          B       0.48      0.51      0.49        77
          C       0.33      0.10      0.15        20
          G       0.25      0.14      0.18        36
          M       0.16      0.13      0.14        45
          O       0.00      0.00      0.00         6
          P       0.57      0.49      0.53        65
          R       0.46      0.64      0.53       117

avg / total       0.41      0.43      0.41       366


SVM RBF
Classification_report:
             precision    recall  f1-score   support

          B       0.38      1.00      0.56       179
          C       0.00      0.00      0.00        20
          G       0.00      0.00      0.00        36
          M       0.00      0.00      0.00        59
          O       0.00      0.00      0.00         1
          P       0.00      0.00      0.00        68
          R       0.00      0.00      0.00       102

avg / total       0.15      0.38      0.21       465

[[179   0   0   0   0   0   0]
 [ 20   0   0   0   0   0   0]
 [ 36   0   0   0   0   0   0]
 [ 59   0   0   0   0   0   0]
 [  1   0   0   0   0   0   0]
 [ 68   0   0   0   0   0   0]
 [102   0   0   0   0   0   0]]

SVM linear
Classification_report:
             precision    recall  f1-score   support

          B       0.45      0.76      0.56       179
          C       0.00      0.00      0.00        20
          G       0.00      0.00      0.00        36
          M       0.45      0.15      0.23        59
          O       0.00      0.00      0.00         1
          P       0.51      0.35      0.42        68
          R       0.27      0.25      0.26       102

avg / total       0.36      0.42      0.37       465

[[136   0   0   3   0   6  34]
 [ 14   0   0   0   0   3   3]
 [ 34   0   0   1   0   0   1]
 [ 24   0   0   9   0   6  20]
 [  0   0   0   0   0   0   1]
 [ 32   0   0   2   0  24  10]
 [ 63   0   0   5   0   8  26]]

KNN
Classification_report:
             precision    recall  f1-score   support

          B       0.48      0.59      0.53       179
          C       0.00      0.00      0.00        20
          G       0.05      0.06      0.05        36
          M       0.25      0.22      0.24        59
          O       0.00      0.00      0.00         1
          P       0.27      0.19      0.22        68
          R       0.19      0.16      0.17       102

avg / total       0.30      0.32      0.31       465

[[105   8  17   4   0  16  29]
 [  8   0   2   1   0   3   6]
 [ 26   1   2   1   0   3   3]
 [ 16   1   5  13   0   6  18]
 [  0   0   0   0   0   0   1]
 [ 24   6   3   9   0  13  13]
 [ 41   5  10  23   0   7  16]]

NB
Classification_report:
             precision    recall  f1-score   support

          B       0.52      0.45      0.48       179
          C       0.12      0.15      0.13        20
          G       0.22      0.31      0.26        36
          M       0.29      0.32      0.30        59
          O       0.00      0.00      0.00         1
          P       0.44      0.53      0.48        68
          R       0.28      0.24      0.26       102

avg / total       0.38      0.37      0.38       465

[[81  8 25 15  0 17 33]
 [ 9  3  1  3  0  2  2]
 [15  2 11  4  0  1  3]
 [10  2  4 19  0  8 16]
 [ 1  0  0  0  0  0  0]
 [11  6  2  6  0 36  7]
 [29  5  7 19  0 18 24]]

DT
Classification_report:
             precision    recall  f1-score   support

          B       0.46      0.46      0.46       179
          C       0.00      0.00      0.00        20
          G       0.12      0.14      0.13        36
          M       0.15      0.15      0.15        59
          O       0.00      0.00      0.00         1
          P       0.27      0.28      0.27        68
          R       0.22      0.22      0.22       102

avg / total       0.29      0.29      0.29       465

[[82  7 17 15  1 22 35]
 [ 9  0  1  2  0  3  5]
 [19  2  5  3  0  1  6]
 [15  2  6  9  0 11 16]
 [ 0  0  0  1  0  0  0]
 [18  1  4  9  0 19 17]
 [35  2  7 20  1 15 22]]

CRF
Classification_report:
             precision    recall  f1-score   support

          B       0.50      0.98      0.66       179
          C       0.00      0.00      0.00        20
          G       0.00      0.00      0.00        36
          M       0.25      0.03      0.06        59
          O       0.00      0.00      0.00         1
          P       0.27      0.21      0.23        68
          R       0.46      0.25      0.33       102

avg / total       0.36      0.47      0.37       465

CRF 2.0
Classification_report:
             precision    recall  f1-score   support

          B       0.60      0.82      0.69       179
          C       0.56      0.25      0.34        20
          G       0.21      0.08      0.12        36
          M       0.49      0.41      0.44        59
          O       0.00      0.00      0.00         1
          P       0.43      0.32      0.37        68
          R       0.40      0.37      0.38       102

avg / total       0.48      0.51      0.49       465


SVM RBF
Classification_report:
             precision    recall  f1-score   support

          B       0.32      1.00      0.48       256
          C       0.00      0.00      0.00        40
          G       0.00      0.00      0.00        72
          M       0.00      0.00      0.00       104
          O       0.00      0.00      0.00         7
          P       0.00      0.00      0.00       133
          R       0.43      0.05      0.08       219

avg / total       0.21      0.32      0.17       831

[[255   0   0   0   0   0   1]
 [ 40   0   0   0   0   0   0]
 [ 72   0   0   0   0   0   0]
 [ 98   0   0   0   0   0   6]
 [  7   0   0   0   0   0   0]
 [127   0   0   0   0   0   6]
 [209   0   0   0   0   0  10]]

SVM linear
Classification_report:
             precision    recall  f1-score   support

          B       0.47      0.71      0.56       256
          C       0.00      0.00      0.00        40
          G       0.00      0.00      0.00        72
          M       0.43      0.06      0.10       104
          O       0.00      0.00      0.00         7
          P       0.48      0.41      0.45       133
          R       0.41      0.59      0.48       219

avg / total       0.38      0.45      0.38       831

[[181   0   0   3   0  12  60]
 [ 22   0   0   0   0   8  10]
 [ 57   0   0   0   0   4  11]
 [ 19   0   0   6   0  12  67]
 [  0   0   0   0   0   3   4]
 [ 41   0   0   1   0  55  36]
 [ 66   0   0   4   0  20 129]]

KNN
Classification_report:
             precision    recall  f1-score   support

          B       0.41      0.55      0.47       256
          C       0.00      0.00      0.00        40
          G       0.19      0.19      0.19        72
          M       0.21      0.17      0.19       104
          O       0.17      0.14      0.15         7
          P       0.36      0.29      0.32       133
          R       0.33      0.24      0.28       219

avg / total       0.31      0.32      0.31       831

[[140  13  26  18   0  24  35]
 [ 13   0   4   2   0   8  13]
 [ 44   5  14   0   0   4   5]
 [ 27   6   8  18   1  14  30]
 [  2   1   1   1   1   0   1]
 [ 36  10   7  14   2  39  25]
 [ 77  20  13  34   2  20  53]]

NB
Classification_report:
             precision    recall  f1-score   support

          B       0.54      0.43      0.48       256
          C       0.13      0.23      0.17        40
          G       0.27      0.40      0.32        72
          M       0.24      0.20      0.22       104
          O       0.50      0.14      0.22         7
          P       0.42      0.61      0.50       133
          R       0.41      0.32      0.36       219

avg / total       0.41      0.39      0.39       831

[[110  19  50  21   0  29  27]
 [  7   9   3   1   0  12   8]
 [ 21   7  29   0   0   6   9]
 [ 13   4   7  21   1  19  39]
 [  0   0   0   0   1   2   4]
 [ 11  11   6  10   0  81  14]
 [ 41  17  14  33   0  44  70]]

DT
Classification_report:
             precision    recall  f1-score   support

          B       0.41      0.38      0.40       256
          C       0.06      0.07      0.07        40
          G       0.07      0.08      0.08        72
          M       0.12      0.12      0.12       104
          O       0.00      0.00      0.00         7
          P       0.29      0.33      0.31       133
          R       0.32      0.29      0.31       219

avg / total       0.28      0.27      0.28       831

[[97 12 43 23  4 29 48]
 [11  3  5  5  0  7  9]
 [32  4  6  6  0  4 20]
 [22  7  8 13  0 23 31]
 [ 0  2  1  0  0  1  3]
 [34  6  5 21  0 44 23]
 [39 15 17 37  3 44 64]]

CRF
Classification_report:
             precision    recall  f1-score   support

          B       0.40      0.61      0.49       256
          C       0.00      0.00      0.00        40
          G       0.00      0.00      0.00        72
          M       0.00      0.00      0.00       104
          O       0.00      0.00      0.00         7
          P       0.37      0.29      0.32       133
          R       0.33      0.51      0.40       219

avg / total       0.27      0.37      0.31       831

CRF 2.0
Classification_report:
             precision    recall  f1-score   support

          B       0.59      0.78      0.67       256
          C       0.29      0.17      0.22        40
          G       0.18      0.08      0.11        72
          M       0.39      0.21      0.28       104
          O       0.00      0.00      0.00         7
          P       0.55      0.44      0.49       133
          R       0.48      0.59      0.53       219

avg / total       0.47      0.51      0.48       831
