SVM RBF
Classification_report:
             precision    recall  f1-score   support

          B       0.00      0.00      0.00        77
          C       0.00      0.00      0.00        20
          G       0.00      0.00      0.00        36
          M       0.00      0.00      0.00        45
          O       0.00      0.00      0.00         6
          P       0.00      0.00      0.00        65
          R       0.32      1.00      0.48       117

avg / total       0.10      0.32      0.15       366

[[  0   0   0   0   0   0  77]
 [  0   0   0   0   0   0  20]
 [  0   0   0   0   0   0  36]
 [  0   0   0   0   0   0  45]
 [  0   0   0   0   0   0   6]
 [  0   0   0   0   0   0  65]
 [  0   0   0   0   0   0 117]]

SVM linear
Classification_report:
             precision    recall  f1-score   support

          B       0.40      0.44      0.42        77
          C       0.29      0.10      0.15        20
          G       0.36      0.25      0.30        36
          M       0.26      0.18      0.21        45
          O       0.00      0.00      0.00         6
          P       0.65      0.63      0.64        65
          R       0.49      0.64      0.55       117

avg / total       0.44      0.46      0.44       366

[[34  3  8  5  0  5 22]
 [ 6  2  1  0  0  0 11]
 [17  1  9  0  0  1  8]
 [ 7  0  1  8  0  4 25]
 [ 0  0  0  0  0  5  1]
 [ 8  0  3  1  0 41 12]
 [14  1  3 17  0  7 75]]

KNN
Classification_report:
             precision    recall  f1-score   support

          B       0.34      0.34      0.34        77
          C       0.08      0.50      0.14        20
          G       0.21      0.22      0.22        36
          M       0.25      0.16      0.19        45
          O       0.00      0.00      0.00         6
          P       0.34      0.32      0.33        65
          R       0.49      0.17      0.25       117

avg / total       0.34      0.25      0.26       366

[[26 25 10  3  0  9  4]
 [ 4 10  3  0  0  1  2]
 [10 13  8  0  0  4  1]
 [ 6  9  6  7  0  8  9]
 [ 0  5  0  0  0  1  0]
 [15 19  4  1  0 21  5]
 [16 40  7 17  0 17 20]]

NB
Classification_report:
             precision    recall  f1-score   support

          B       0.44      0.40      0.42        77
          C       0.10      0.10      0.10        20
          G       0.31      0.39      0.35        36
          M       0.27      0.27      0.27        45
          O       0.00      0.00      0.00         6
          P       0.55      0.63      0.59        65
          R       0.47      0.44      0.45       117

avg / total       0.41      0.41      0.41       366

[[31  4 14  6  0  8 14]
 [ 5  2  4  1  0  1  7]
 [13  4 14  0  0  0  5]
 [ 3  0  3 12  0  7 20]
 [ 0  1  0  0  0  1  4]
 [ 3  4  3  6  0 41  8]
 [16  6  7 20  0 17 51]]

DT
Classification_report:
             precision    recall  f1-score   support

          B       0.30      0.29      0.29        77
          C       0.00      0.00      0.00        20
          G       0.14      0.14      0.14        36
          M       0.09      0.09      0.09        45
          O       0.00      0.00      0.00         6
          P       0.27      0.29      0.28        65
          R       0.46      0.44      0.45       117

avg / total       0.28      0.28      0.28       366

[[22  6 13 11  1 15  9]
 [ 6  0  2  2  0  5  5]
 [ 7  4  5  1  2  7 10]
 [ 5  5  2  4  1  9 19]
 [ 1  0  0  0  0  2  3]
 [ 8  2  8 12  1 19 15]
 [24  3  7 17  1 13 52]]

CRF
Classification_report:
             precision    recall  f1-score   support

          B       0.00      0.00      0.00        77
          C       0.00      0.00      0.00        20
          G       0.00      0.00      0.00        36
          M       0.00      0.00      0.00        45
          O       0.00      0.00      0.00         6
          P       0.43      0.34      0.38        65
          R       0.35      0.91      0.51       117

avg / total       0.19      0.35      0.23       366

CRF 2.0
Classification_report:
             precision    recall  f1-score   support

          B       0.46      0.49      0.47        77
          C       0.38      0.15      0.21        20
          G       0.36      0.22      0.28        36
          M       0.22      0.04      0.07        45
          O       0.00      0.00      0.00         6
          P       0.64      0.52      0.58        65
          R       0.48      0.79      0.60       117

avg / total       0.45      0.48      0.44       366


SVM RBF
Classification_report:
             precision    recall  f1-score   support

          B       0.38      1.00      0.56       179
          C       0.00      0.00      0.00        20
          G       0.00      0.00      0.00        36
          M       0.00      0.00      0.00        59
          O       0.00      0.00      0.00         1
          P       0.00      0.00      0.00        68
          R       0.00      0.00      0.00       102

avg / total       0.15      0.38      0.21       465

[[179   0   0   0   0   0   0]
 [ 20   0   0   0   0   0   0]
 [ 36   0   0   0   0   0   0]
 [ 59   0   0   0   0   0   0]
 [  1   0   0   0   0   0   0]
 [ 68   0   0   0   0   0   0]
 [102   0   0   0   0   0   0]]

SVM linear
Classification_report:
             precision    recall  f1-score   support

          B       0.51      0.69      0.59       179
          C       0.00      0.00      0.00        20
          G       0.21      0.08      0.12        36
          M       0.27      0.24      0.25        59
          O       0.00      0.00      0.00         1
          P       0.58      0.49      0.53        68
          R       0.43      0.40      0.41       102

avg / total       0.43      0.46      0.44       465

[[124   1   9  14   0   9  22]
 [ 11   0   1   3   0   3   2]
 [ 31   0   3   1   0   0   1]
 [ 25   1   0  14   0   3  16]
 [  0   0   0   0   0   0   1]
 [ 17   0   1   4   0  33  13]
 [ 34   2   0  16   0   9  41]]

KNN
Classification_report:
             precision    recall  f1-score   support

          B       0.48      0.57      0.52       179
          C       0.08      0.05      0.06        20
          G       0.10      0.06      0.07        36
          M       0.24      0.08      0.12        59
          O       0.00      0.00      0.00         1
          P       0.29      0.38      0.33        68
          R       0.26      0.27      0.27       102

avg / total       0.32      0.35      0.33       465

[[102   4  10   3   0  30  30]
 [ 11   1   0   0   0   4   4]
 [ 22   2   2   0   0   2   8]
 [ 22   2   1   5   0   8  21]
 [  1   0   0   0   0   0   0]
 [ 18   1   3   4   0  26  16]
 [ 38   3   5   9   0  19  28]]

NB
Classification_report:
             precision    recall  f1-score   support

          B       0.55      0.51      0.53       179
          C       0.11      0.10      0.11        20
          G       0.18      0.31      0.23        36
          M       0.36      0.41      0.38        59
          O       0.00      0.00      0.00         1
          P       0.44      0.47      0.46        68
          R       0.31      0.25      0.27       102

avg / total       0.41      0.40      0.40       465

[[92  7 29 10  0 14 27]
 [ 9  2  4  1  0  3  1]
 [17  1 11  4  0  0  3]
 [10  1  3 24  0  9 12]
 [ 0  0  0  0  0  0  1]
 [13  2  4  6  0 32 11]
 [27  5  9 22  0 14 25]]

DT
Classification_report:
             precision    recall  f1-score   support

          B       0.39      0.35      0.37       179
          C       0.12      0.15      0.13        20
          G       0.06      0.06      0.06        36
          M       0.09      0.10      0.10        59
          O       0.00      0.00      0.00         1
          P       0.30      0.32      0.31        68
          R       0.25      0.26      0.26       102

avg / total       0.27      0.26      0.27       465

[[62 10 16 28  0 21 42]
 [ 5  3  2  4  0  2  4]
 [20  3  2  3  0  3  5]
 [22  4  2  6  0 10 15]
 [ 1  0  0  0  0  0  0]
 [19  1  4  9  0 22 13]
 [31  5  8 16  0 15 27]]

CRF
Classification_report:
             precision    recall  f1-score   support

          B       0.47      0.96      0.63       179
          C       0.00      0.00      0.00        20
          G       0.00      0.00      0.00        36
          M       0.50      0.02      0.03        59
          O       0.00      0.00      0.00         1
          P       0.17      0.13      0.15        68
          R       0.37      0.17      0.23       102

avg / total       0.35      0.43      0.32       465

CRF 2.0
Classification_report:
             precision    recall  f1-score   support

          B       0.58      0.80      0.67       179
          C       0.50      0.20      0.29        20
          G       0.31      0.11      0.16        36
          M       0.52      0.29      0.37        59
          O       0.00      0.00      0.00         1
          P       0.53      0.40      0.45        68
          R       0.45      0.49      0.47       102

avg / total       0.51      0.53      0.50       465


SVM RBF
Classification_report:
             precision    recall  f1-score   support

          B       0.31      1.00      0.47       256
          C       0.00      0.00      0.00        40
          G       0.00      0.00      0.00        72
          M       0.00      0.00      0.00       104
          O       0.00      0.00      0.00         7
          P       0.00      0.00      0.00       133
          R       0.00      0.00      0.00       219

avg / total       0.09      0.31      0.15       831

[[256   0   0   0   0   0   0]
 [ 40   0   0   0   0   0   0]
 [ 72   0   0   0   0   0   0]
 [104   0   0   0   0   0   0]
 [  7   0   0   0   0   0   0]
 [133   0   0   0   0   0   0]
 [219   0   0   0   0   0   0]]

SVM linear
Classification_report:
             precision    recall  f1-score   support

          B       0.51      0.64      0.56       256
          C       0.25      0.05      0.08        40
          G       0.42      0.24      0.30        72
          M       0.39      0.27      0.32       104
          O       0.25      0.14      0.18         7
          P       0.60      0.59      0.60       133
          R       0.45      0.53      0.49       219

avg / total       0.47      0.49      0.47       831

[[163   0  19  10   0  14  50]
 [ 18   2   0   1   0   5  14]
 [ 48   1  17   1   0   1   4]
 [ 18   2   2  28   0   9  45]
 [  0   0   0   0   1   4   2]
 [ 22   0   1   5   1  79  25]
 [ 52   3   1  26   2  20 115]]

KNN
Classification_report:
             precision    recall  f1-score   support

          B       0.45      0.43      0.44       256
          C       0.08      0.35      0.13        40
          G       0.20      0.21      0.21        72
          M       0.33      0.13      0.19       104
          O       0.00      0.00      0.00         7
          P       0.37      0.44      0.41       133
          R       0.40      0.26      0.31       219

avg / total       0.37      0.32      0.33       831

[[109  52  30   4   0  32  29]
 [  8  14   4   1   0   5   8]
 [ 26  13  15   1   0  11   6]
 [ 23  15   7  14   0  19  26]
 [  0   4   0   0   0   3   0]
 [ 25  20   4   8   2  59  15]
 [ 51  52  14  15   2  29  56]]

NB
Classification_report:
             precision    recall  f1-score   support

          B       0.52      0.42      0.46       256
          C       0.15      0.33      0.21        40
          G       0.24      0.44      0.31        72
          M       0.28      0.29      0.28       104
          O       0.00      0.00      0.00         7
          P       0.53      0.56      0.55       133
          R       0.44      0.31      0.36       219

avg / total       0.42      0.39      0.40       831

[[108  19  58  23   0  18  30]
 [  8  13   9   1   0   3   6]
 [ 25   8  32   1   0   2   4]
 [ 17   4   6  30   0  16  31]
 [  0   1   0   0   0   3   3]
 [ 10  15  10  12   0  75  11]
 [ 41  25  20  41   0  25  67]]

DT
Classification_report:
             precision    recall  f1-score   support

          B       0.38      0.34      0.36       256
          C       0.10      0.15      0.12        40
          G       0.10      0.12      0.11        72
          M       0.19      0.20      0.19       104
          O       0.12      0.14      0.13         7
          P       0.30      0.32      0.31       133
          R       0.28      0.25      0.26       219

avg / total       0.28      0.27      0.27       831

[[87 23 29 31  3 27 56]
 [ 8  6  6  5  0  8  7]
 [27  2  9  9  0  6 19]
 [22  5  8 21  1 18 29]
 [ 3  0  0  0  1  1  2]
 [30 13 12 10  1 43 24]
 [49 13 25 37  2 39 54]]

CRF
Classification_report:
             precision    recall  f1-score   support

          B       0.36      0.50      0.42       256
          C       0.00      0.00      0.00        40
          G       0.00      0.00      0.00        72
          M       0.00      0.00      0.00       104
          O       0.00      0.00      0.00         7
          P       0.32      0.25      0.28       133
          R       0.31      0.52      0.39       219

avg / total       0.24      0.33      0.28       831

CRF 2.0
Classification_report:
             precision    recall  f1-score   support

          B       0.58      0.82      0.68       256
          C       0.40      0.20      0.27        40
          G       0.31      0.14      0.19        72
          M       0.47      0.30      0.36       104
          O       0.00      0.00      0.00         7
          P       0.65      0.54      0.59       133
          R       0.53      0.58      0.55       219

avg / total       0.53      0.55      0.52       831
