SVM RBF
Classification_report:
             precision    recall  f1-score   support

          B       0.00      0.00      0.00        77
          C       0.00      0.00      0.00        20
          G       0.00      0.00      0.00        36
          M       0.00      0.00      0.00        45
          O       0.00      0.00      0.00         6
          P       0.00      0.00      0.00        65
          R       0.32      1.00      0.48       117

avg / total       0.10      0.32      0.15       366

[[  0   0   0   0   0   0  77]
 [  0   0   0   0   0   0  20]
 [  0   0   0   0   0   0  36]
 [  0   0   0   0   0   0  45]
 [  0   0   0   0   0   0   6]
 [  0   0   0   0   0   0  65]
 [  0   0   0   0   0   0 117]]

SVM linear
Classification_report:
             precision    recall  f1-score   support

          B       0.39      0.45      0.42        77
          C       0.20      0.25      0.22        20
          G       0.46      0.44      0.45        36
          M       0.29      0.31      0.30        45
          O       0.75      0.50      0.60         6
          P       0.60      0.52      0.56        65
          R       0.50      0.45      0.47       117

avg / total       0.45      0.44      0.44       366

[[35  6 10  5  0  5 16]
 [ 6  5  0  1  0  2  6]
 [14  2 16  0  0  0  4]
 [ 9  1  2 14  0  3 16]
 [ 0  0  0  0  3  2  1]
 [ 8  2  5  4  1 34 11]
 [17  9  2 25  0 11 53]]

KNN
Classification_report:
             precision    recall  f1-score   support

          B       0.29      0.32      0.31        77
          C       0.12      0.45      0.18        20
          G       0.42      0.36      0.39        36
          M       0.25      0.27      0.26        45
          O       0.17      0.17      0.17         6
          P       0.46      0.43      0.44        65
          R       0.54      0.26      0.35       117

avg / total       0.39      0.32      0.34       366

[[25 19  8  8  1  9  7]
 [ 3  9  2  1  0  2  3]
 [12  5 13  2  0  3  1]
 [10  4  2 12  0  7 10]
 [ 1  2  0  1  1  1  0]
 [10 11  1  8  2 28  5]
 [25 28  5 16  2 11 30]]

NB
Classification_report:
             precision    recall  f1-score   support

          B       0.45      0.35      0.39        77
          C       0.23      0.15      0.18        20
          G       0.33      0.47      0.39        36
          M       0.20      0.24      0.22        45
          O       0.00      0.00      0.00         6
          P       0.42      0.65      0.51        65
          R       0.48      0.36      0.41       117

avg / total       0.39      0.39      0.38       366

[[27  1 16  8  0 12 13]
 [ 0  3  3  1  0  8  5]
 [11  1 17  1  0  3  3]
 [ 2  1  3 11  0 13 15]
 [ 0  0  0  1  0  2  3]
 [ 1  2  7  6  0 42  7]
 [19  5  5 26  0 20 42]]

DT
Classification_report:
             precision    recall  f1-score   support

          B       0.33      0.30      0.31        77
          C       0.11      0.15      0.13        20
          G       0.22      0.19      0.21        36
          M       0.15      0.18      0.16        45
          O       0.00      0.00      0.00         6
          P       0.25      0.26      0.26        65
          R       0.37      0.37      0.37       117

avg / total       0.28      0.28      0.28       366

[[23  7  8  8  0  8 23]
 [ 5  3  2  1  0  3  6]
 [10  3  7  1  1  7  7]
 [ 9  4  3  8  0  7 14]
 [ 1  0  0  1  0  3  1]
 [ 9  3  2 13  0 17 21]
 [13  7 10 21  1 22 43]]

CRF
Classification_report:
             precision    recall  f1-score   support

          B       0.00      0.00      0.00        77
          C       0.00      0.00      0.00        20
          G       0.00      0.00      0.00        36
          M       0.00      0.00      0.00        45
          O       0.00      0.00      0.00         6
          P       0.46      0.37      0.41        65
          R       0.37      1.00      0.54       117

avg / total       0.20      0.39      0.25       366

CRF 2.0
Classification_report:
             precision    recall  f1-score   support

          B       0.62      0.64      0.63        77
          C       0.40      0.30      0.34        20
          G       0.43      0.36      0.39        36
          M       0.28      0.24      0.26        45
          O       0.00      0.00      0.00         6
          P       0.70      0.68      0.69        65
          R       0.58      0.69      0.63       117

avg / total       0.54      0.56      0.55       366


SVM RBF
Classification_report:
             precision    recall  f1-score   support

          B       0.39      1.00      0.56       179
          C       0.00      0.00      0.00        20
          G       0.00      0.00      0.00        36
          M       0.00      0.00      0.00        59
          O       0.00      0.00      0.00         1
          P       1.00      0.04      0.08        68
          R       0.00      0.00      0.00       102

avg / total       0.30      0.39      0.23       465

[[179   0   0   0   0   0   0]
 [ 20   0   0   0   0   0   0]
 [ 36   0   0   0   0   0   0]
 [ 59   0   0   0   0   0   0]
 [  1   0   0   0   0   0   0]
 [ 65   0   0   0   0   3   0]
 [102   0   0   0   0   0   0]]

SVM linear
Classification_report:
             precision    recall  f1-score   support

          B       0.53      0.59      0.56       179
          C       0.04      0.05      0.05        20
          G       0.33      0.19      0.25        36
          M       0.23      0.29      0.26        59
          O       0.00      0.00      0.00         1
          P       0.51      0.53      0.52        68
          R       0.29      0.23      0.26       102

avg / total       0.40      0.41      0.40       465

[[105  12  11  23   0   9  19]
 [  9   1   1   1   0   6   2]
 [ 22   1   7   1   0   0   5]
 [ 15   1   0  17   0   6  20]
 [  0   0   0   0   0   0   1]
 [ 15   2   1   6   0  36   8]
 [ 33   7   1  25   0  13  23]]

KNN
Classification_report:
             precision    recall  f1-score   support

          B       0.53      0.59      0.56       179
          C       0.14      0.15      0.15        20
          G       0.04      0.03      0.03        36
          M       0.32      0.17      0.22        59
          O       0.00      0.00      0.00         1
          P       0.33      0.38      0.36        68
          R       0.27      0.29      0.28       102

avg / total       0.36      0.38      0.37       465

[[105   7  15   3   0  17  32]
 [  4   3   2   2   0   3   6]
 [ 21   0   1   0   0   3  11]
 [ 15   3   2  10   0   8  21]
 [  0   0   0   1   0   0   0]
 [ 18   6   2   5   0  26  11]
 [ 34   2   5  10   0  21  30]]

NB
Classification_report:
             precision    recall  f1-score   support

          B       0.55      0.40      0.46       179
          C       0.00      0.00      0.00        20
          G       0.21      0.44      0.28        36
          M       0.30      0.41      0.35        59
          O       0.00      0.00      0.00         1
          P       0.44      0.51      0.47        68
          R       0.30      0.22      0.25       102

avg / total       0.39      0.36      0.37       465

[[71  7 40 24  0 16 21]
 [ 5  0  3  1  0  3  8]
 [13  1 16  3  0  0  3]
 [ 9  2  3 24  0  9 12]
 [ 0  0  0  1  0  0  0]
 [ 8  8  5  5  0 35  7]
 [24  6 11 22  0 17 22]]

DT
Classification_report:
             precision    recall  f1-score   support

          B       0.44      0.42      0.43       179
          C       0.04      0.05      0.04        20
          G       0.06      0.06      0.06        36
          M       0.21      0.22      0.21        59
          O       0.00      0.00      0.00         1
          P       0.23      0.21      0.22        68
          R       0.24      0.25      0.25       102

avg / total       0.29      0.28      0.29       465

[[75 12 21 20  0 15 36]
 [ 6  1  1  2  0  4  6]
 [22  2  2  2  0  4  4]
 [18  2  2 13  0  9 15]
 [ 0  0  0  1  0  0  0]
 [13  6  2 11  0 14 22]
 [35  5  8 13  0 15 26]]

CRF
Classification_report:
             precision    recall  f1-score   support

          B       0.47      0.96      0.63       179
          C       0.00      0.00      0.00        20
          G       0.00      0.00      0.00        36
          M       1.00      0.02      0.03        59
          O       0.00      0.00      0.00         1
          P       0.19      0.15      0.17        68
          R       0.36      0.17      0.23       102

avg / total       0.42      0.43      0.32       465

CRF 2.0
Classification_report:
             precision    recall  f1-score   support

          B       0.63      0.79      0.70       179
          C       0.57      0.20      0.30        20
          G       0.17      0.11      0.13        36
          M       0.42      0.42      0.42        59
          O       0.00      0.00      0.00         1
          P       0.55      0.41      0.47        68
          R       0.45      0.44      0.45       102

avg / total       0.51      0.53      0.51       465


SVM RBF
Classification_report:
             precision    recall  f1-score   support

          B       0.40      0.87      0.55       256
          C       0.00      0.00      0.00        40
          G       0.00      0.00      0.00        72
          M       0.00      0.00      0.00       104
          O       0.00      0.00      0.00         7
          P       0.85      0.17      0.29       133
          R       0.45      0.49      0.47       219

avg / total       0.38      0.43      0.34       831

[[223   0   0   0   0   0  33]
 [ 31   0   0   0   0   0   9]
 [ 71   0   0   0   0   0   1]
 [ 48   0   0   0   0   1  55]
 [  1   0   0   0   0   1   5]
 [ 79   0   0   0   0  23  31]
 [109   0   0   0   0   2 108]]

SVM linear
Classification_report:
             precision    recall  f1-score   support

          B       0.48      0.54      0.51       256
          C       0.11      0.12      0.12        40
          G       0.31      0.25      0.27        72
          M       0.35      0.35      0.35       104
          O       0.20      0.14      0.17         7
          P       0.62      0.62      0.62       133
          R       0.45      0.42      0.43       219

avg / total       0.44      0.45      0.44       831

[[137  15  34  19   0  11  40]
 [ 16   5   1   1   0   7  10]
 [ 43   3  18   1   0   1   6]
 [ 17   3   1  36   0   8  39]
 [  0   2   0   0   1   2   2]
 [ 17   5   3   9   2  82  15]
 [ 54  12   2  36   2  22  91]]

KNN
Classification_report:
             precision    recall  f1-score   support

          B       0.46      0.50      0.48       256
          C       0.09      0.23      0.13        40
          G       0.26      0.24      0.25        72
          M       0.22      0.16      0.19       104
          O       0.00      0.00      0.00         7
          P       0.40      0.41      0.40       133
          R       0.36      0.28      0.31       219

avg / total       0.36      0.34      0.35       831

[[128  23  34  17   1  20  33]
 [  7   9   1   2   0  10  11]
 [ 30   5  17   2   0   7  11]
 [ 22  10   2  17   0  17  36]
 [  1   3   0   0   0   2   1]
 [ 24  20   5  12   1  54  17]
 [ 65  30   7  26   4  26  61]]

NB
Classification_report:
             precision    recall  f1-score   support

          B       0.56      0.34      0.42       256
          C       0.17      0.23      0.20        40
          G       0.22      0.53      0.31        72
          M       0.22      0.26      0.24       104
          O       0.00      0.00      0.00         7
          P       0.45      0.63      0.52       133
          R       0.41      0.26      0.31       219

avg / total       0.41      0.36      0.36       831

[[87  8 73 33  0 28 27]
 [ 1  9 13  2  0  9  6]
 [18  6 38  3  0  2  5]
 [14  4 10 27  0 18 31]
 [ 0  0  0  0  0  4  3]
 [ 6  9 14 10  0 84 10]
 [30 16 28 46  0 43 56]]

DT
Classification_report:
             precision    recall  f1-score   support

          B       0.41      0.40      0.41       256
          C       0.02      0.03      0.02        40
          G       0.17      0.14      0.15        72
          M       0.24      0.28      0.26       104
          O       0.00      0.00      0.00         7
          P       0.36      0.35      0.35       133
          R       0.30      0.30      0.30       219

avg / total       0.31      0.31      0.31       831

[[103  16  21  27   2  31  56]
 [ 13   1   5   2   0   6  13]
 [ 27   5  10   7   0   6  17]
 [ 19   5   8  29   1  14  28]
 [  2   0   0   1   0   1   3]
 [ 29   3   5  14   2  47  33]
 [ 57  18  11  40   1  27  65]]

CRF
Classification_report:
             precision    recall  f1-score   support

          B       0.36      0.46      0.40       256
          C       0.00      0.00      0.00        40
          G       0.00      0.00      0.00        72
          M       0.00      0.00      0.00       104
          O       0.00      0.00      0.00         7
          P       0.35      0.27      0.30       133
          R       0.30      0.55      0.39       219

avg / total       0.25      0.33      0.28       831

CRF 2.0
Classification_report:
             precision    recall  f1-score   support

          B       0.62      0.70      0.66       256
          C       0.36      0.25      0.29        40
          G       0.31      0.26      0.29        72
          M       0.34      0.30      0.32       104
          O       0.00      0.00      0.00         7
          P       0.65      0.60      0.62       133
          R       0.54      0.58      0.56       219

avg / total       0.52      0.54      0.53       831
