SVM RBF
Classification_report:
             precision    recall  f1-score   support

          B       0.00      0.00      0.00        77
          C       0.00      0.00      0.00        20
          G       0.00      0.00      0.00        36
          M       0.00      0.00      0.00        45
          O       0.00      0.00      0.00         6
          P       0.00      0.00      0.00        65
          R       0.32      1.00      0.48       117

avg / total       0.10      0.32      0.15       366

[[  0   0   0   0   0   0  77]
 [  0   0   0   0   0   0  20]
 [  0   0   0   0   0   0  36]
 [  0   0   0   0   0   0  45]
 [  0   0   0   0   0   0   6]
 [  0   0   0   0   0   0  65]
 [  0   0   0   0   0   0 117]]

SVM linear
Classification_report:
             precision    recall  f1-score   support

          B       0.42      0.44      0.43        77
          C       0.00      0.00      0.00        20
          G       0.00      0.00      0.00        36
          M       1.00      0.04      0.09        45
          O       0.00      0.00      0.00         6
          P       0.52      0.26      0.35        65
          R       0.38      0.82      0.52       117

avg / total       0.43      0.41      0.33       366

[[34  0  0  0  0  3 40]
 [ 1  0  0  0  0  3 16]
 [19  0  0  0  0  0 17]
 [ 2  0  0  2  0  3 38]
 [ 0  0  0  0  0  0  6]
 [10  0  0  0  0 17 38]
 [14  0  0  0  0  7 96]]

KNN
Classification_report:
             precision    recall  f1-score   support

          B       0.28      0.35      0.31        77
          C       0.09      0.30      0.13        20
          G       0.33      0.39      0.36        36
          M       0.29      0.31      0.30        45
          O       0.33      0.17      0.22         6
          P       0.32      0.23      0.27        65
          R       0.53      0.27      0.36       117

avg / total       0.36      0.30      0.31       366

[[27 18  8 10  0  7  7]
 [ 4  6  2  0  0  3  5]
 [ 9  9 14  0  0  4  0]
 [12  4  3 14  1  2  9]
 [ 1  2  0  2  1  0  0]
 [14 17  4  8  0 15  7]
 [29 13 11 15  1 16 32]]

NB
Classification_report:
             precision    recall  f1-score   support

          B       0.37      0.35      0.36        77
          C       0.00      0.00      0.00        20
          G       0.33      0.36      0.35        36
          M       0.21      0.27      0.24        45
          O       1.00      0.17      0.29         6
          P       0.37      0.52      0.43        65
          R       0.46      0.32      0.38       117

avg / total       0.36      0.34      0.34       366

[[27  6 13  9  0 11 11]
 [ 4  0  2  2  0  6  6]
 [11  2 13  0  0  6  4]
 [ 3  1  2 12  0 12 15]
 [ 0  1  0  0  1  1  3]
 [ 5  4  5 11  0 34  6]
 [23  7  4 22  0 23 38]]

DT
Classification_report:
             precision    recall  f1-score   support

          B       0.38      0.34      0.36        77
          C       0.00      0.00      0.00        20
          G       0.23      0.19      0.21        36
          M       0.11      0.11      0.11        45
          O       0.33      0.33      0.33         6
          P       0.24      0.25      0.24        65
          R       0.38      0.39      0.38       117

avg / total       0.29      0.28      0.28       366

[[26  4  6  4  1 17 19]
 [ 0  0  4  4  1  3  8]
 [ 9  1  7  1  1  7 10]
 [ 6  4  2  5  0  8 20]
 [ 0  0  0  0  2  1  3]
 [ 8  8  5 11  1 16 16]
 [19 11  6 20  0 15 46]]

CRF
Classification_report:
             precision    recall  f1-score   support

          B       0.00      0.00      0.00        77
          C       0.00      0.00      0.00        20
          G       0.00      0.00      0.00        36
          M       0.00      0.00      0.00        45
          O       0.00      0.00      0.00         6
          P       0.46      0.37      0.41        65
          R       0.37      0.99      0.54       117

avg / total       0.20      0.38      0.25       366

CRF 2.0
Classification_report:
             precision    recall  f1-score   support

          B       0.57      0.49      0.53        77
          C       0.00      0.00      0.00        20
          G       0.38      0.25      0.30        36
          M       0.11      0.04      0.06        45
          O       0.00      0.00      0.00         6
          P       0.60      0.48      0.53        65
          R       0.46      0.79      0.58       117

avg / total       0.42      0.47      0.43       366


SVM RBF
Classification_report:
             precision    recall  f1-score   support

          B       0.38      1.00      0.56       179
          C       0.00      0.00      0.00        20
          G       0.00      0.00      0.00        36
          M       0.00      0.00      0.00        59
          O       0.00      0.00      0.00         1
          P       0.00      0.00      0.00        68
          R       0.00      0.00      0.00       102

avg / total       0.15      0.38      0.21       465

[[179   0   0   0   0   0   0]
 [ 20   0   0   0   0   0   0]
 [ 36   0   0   0   0   0   0]
 [ 59   0   0   0   0   0   0]
 [  1   0   0   0   0   0   0]
 [ 68   0   0   0   0   0   0]
 [102   0   0   0   0   0   0]]

SVM linear
Classification_report:
             precision    recall  f1-score   support

          B       0.43      0.87      0.58       179
          C       0.00      0.00      0.00        20
          G       0.00      0.00      0.00        36
          M       0.00      0.00      0.00        59
          O       0.00      0.00      0.00         1
          P       0.48      0.29      0.36        68
          R       0.28      0.18      0.22       102

avg / total       0.30      0.42      0.32       465

[[155   0   0   0   0   5  19]
 [ 14   0   0   0   0   3   3]
 [ 35   0   0   0   0   0   1]
 [ 39   0   0   0   0   5  15]
 [  0   0   0   0   0   0   1]
 [ 41   0   0   0   0  20   7]
 [ 75   0   0   0   0   9  18]]

KNN
Classification_report:
             precision    recall  f1-score   support

          B       0.48      0.60      0.53       179
          C       0.03      0.05      0.04        20
          G       0.15      0.14      0.14        36
          M       0.33      0.19      0.24        59
          O       0.00      0.00      0.00         1
          P       0.39      0.32      0.35        68
          R       0.25      0.22      0.23       102

avg / total       0.35      0.36      0.35       465

[[107   8  10   7   0  20  27]
 [  6   1   3   3   0   2   5]
 [ 22   1   5   2   0   1   5]
 [ 18   5   5  11   0   4  16]
 [  0   0   0   0   0   0   1]
 [ 19  11   2   3   0  22  11]
 [ 51   6   8   7   0   8  22]]

NB
Classification_report:
             precision    recall  f1-score   support

          B       0.55      0.41      0.47       179
          C       0.00      0.00      0.00        20
          G       0.21      0.36      0.27        36
          M       0.28      0.36      0.32        59
          O       0.00      0.00      0.00         1
          P       0.38      0.53      0.44        68
          R       0.27      0.21      0.23       102

avg / total       0.38      0.35      0.36       465

[[73 11 26 22  0 25 22]
 [ 4  0  4  3  0  4  5]
 [13  2 13  4  0  2  2]
 [ 9  2  3 21  0  7 17]
 [ 0  0  0  0  0  0  1]
 [ 8  6  3  6  0 36  9]
 [26  5 12 18  0 20 21]]

DT
Classification_report:
             precision    recall  f1-score   support

          B       0.50      0.45      0.48       179
          C       0.00      0.00      0.00        20
          G       0.12      0.14      0.13        36
          M       0.10      0.10      0.10        59
          O       0.00      0.00      0.00         1
          P       0.29      0.31      0.30        68
          R       0.23      0.22      0.22       102

avg / total       0.31      0.29      0.30       465

[[81 11 18 21  2 18 28]
 [ 3  0  3  5  0  2  7]
 [16  2  5  3  0  4  6]
 [12  2  4  6  1 14 20]
 [ 0  0  0  0  0  1  0]
 [18  4  6  5  0 21 14]
 [32  7  7 22  0 12 22]]

CRF
Classification_report:
             precision    recall  f1-score   support

          B       0.48      0.94      0.64       179
          C       0.00      0.00      0.00        20
          G       0.00      0.00      0.00        36
          M       0.00      0.00      0.00        59
          O       0.00      0.00      0.00         1
          P       0.27      0.21      0.23        68
          R       0.40      0.24      0.30       102

avg / total       0.31      0.45      0.35       465

CRF 2.0
Classification_report:
             precision    recall  f1-score   support

          B       0.61      0.85      0.71       179
          C       0.67      0.20      0.31        20
          G       0.17      0.06      0.08        36
          M       0.47      0.39      0.43        59
          O       0.00      0.00      0.00         1
          P       0.47      0.35      0.40        68
          R       0.48      0.46      0.47       102

avg / total       0.51      0.54      0.51       465


SVM RBF
Classification_report:
             precision    recall  f1-score   support

          B       0.31      1.00      0.47       256
          C       0.00      0.00      0.00        40
          G       0.00      0.00      0.00        72
          M       0.00      0.00      0.00       104
          O       0.00      0.00      0.00         7
          P       0.00      0.00      0.00       133
          R       0.00      0.00      0.00       219

avg / total       0.09      0.31      0.15       831

[[256   0   0   0   0   0   0]
 [ 40   0   0   0   0   0   0]
 [ 72   0   0   0   0   0   0]
 [104   0   0   0   0   0   0]
 [  7   0   0   0   0   0   0]
 [133   0   0   0   0   0   0]
 [219   0   0   0   0   0   0]]

SVM linear
Classification_report:
             precision    recall  f1-score   support

          B       0.44      0.68      0.53       256
          C       0.00      0.00      0.00        40
          G       0.00      0.00      0.00        72
          M       0.50      0.01      0.02       104
          O       0.00      0.00      0.00         7
          P       0.61      0.41      0.49       133
          R       0.39      0.62      0.48       219

avg / total       0.40      0.44      0.37       831

[[174   0   0   0   0   9  73]
 [ 22   0   0   0   0   2  16]
 [ 60   0   0   0   0   3   9]
 [ 29   0   0   1   0   9  65]
 [  0   0   0   0   0   1   6]
 [ 41   0   0   0   0  54  38]
 [ 73   0   0   1   0  10 135]]

KNN
Classification_report:
             precision    recall  f1-score   support

          B       0.45      0.57      0.50       256
          C       0.08      0.15      0.10        40
          G       0.15      0.14      0.14        72
          M       0.27      0.18      0.22       104
          O       0.14      0.14      0.14         7
          P       0.42      0.38      0.40       133
          R       0.32      0.23      0.27       219

avg / total       0.34      0.34      0.33       831

[[146  19  26   8   1  21  35]
 [ 12   6   5   3   0   4  10]
 [ 35   9  10   3   0   8   7]
 [ 25   9   6  19   0  15  30]
 [  1   2   0   0   1   2   1]
 [ 30  10   5  11   2  51  24]
 [ 79  24  16  27   3  20  50]]

NB
Classification_report:
             precision    recall  f1-score   support

          B       0.48      0.34      0.39       256
          C       0.11      0.17      0.14        40
          G       0.27      0.46      0.34        72
          M       0.21      0.25      0.23       104
          O       0.67      0.29      0.40         7
          P       0.37      0.59      0.45       133
          R       0.35      0.21      0.26       219

avg / total       0.36      0.33      0.33       831

[[86 18 58 28  0 36 30]
 [11  7  5  3  0 10  4]
 [20  6 33  2  0  7  4]
 [14  5  4 26  0 24 31]
 [ 0  0  0  0  2  2  3]
 [10  8  8 15  1 78 13]
 [39 19 16 47  0 53 45]]

DT
Classification_report:
             precision    recall  f1-score   support

          B       0.34      0.30      0.32       256
          C       0.07      0.07      0.07        40
          G       0.12      0.12      0.12        72
          M       0.21      0.19      0.20       104
          O       0.00      0.00      0.00         7
          P       0.23      0.24      0.24       133
          R       0.31      0.34      0.32       219

avg / total       0.26      0.26      0.26       831

[[76 12 30 21  3 44 70]
 [ 9  3  6  2  1  4 15]
 [28  6  9  5  2  9 13]
 [32  4  4 20  3 17 24]
 [ 0  2  0  1  0  2  2]
 [29  7  8 15  2 32 40]
 [51 10 21 32  1 30 74]]

CRF
Classification_report:
             precision    recall  f1-score   support

          B       0.41      0.56      0.47       256
          C       0.00      0.00      0.00        40
          G       0.00      0.00      0.00        72
          M       0.00      0.00      0.00       104
          O       0.00      0.00      0.00         7
          P       0.39      0.31      0.35       133
          R       0.35      0.60      0.44       219

avg / total       0.28      0.38      0.32       831

CRF 2.0
Classification_report:
             precision    recall  f1-score   support

          B       0.60      0.85      0.70       256
          C       0.50      0.23      0.31        40
          G       0.38      0.15      0.22        72
          M       0.35      0.27      0.31       104
          O       0.00      0.00      0.00         7
          P       0.64      0.49      0.55       133
          R       0.51      0.57      0.54       219

avg / total       0.52      0.55      0.52       831
