SVM RBF
Classification_report:
             precision    recall  f1-score   support

          B       0.00      0.00      0.00        77
          C       0.00      0.00      0.00        20
          G       0.00      0.00      0.00        36
          M       0.00      0.00      0.00        45
          O       0.00      0.00      0.00         6
          P       0.00      0.00      0.00        65
          R       0.32      1.00      0.48       117

avg / total       0.10      0.32      0.15       366

[[  0   0   0   0   0   0  77]
 [  0   0   0   0   0   0  20]
 [  0   0   0   0   0   0  36]
 [  0   0   0   0   0   0  45]
 [  0   0   0   0   0   0   6]
 [  0   0   0   0   0   0  65]
 [  0   0   0   0   0   0 117]]

SVM linear
Classification_report:
             precision    recall  f1-score   support

          B       0.44      0.49      0.47        77
          C       0.00      0.00      0.00        20
          G       0.00      0.00      0.00        36
          M       0.50      0.04      0.08        45
          O       0.00      0.00      0.00         6
          P       0.59      0.49      0.54        65
          R       0.42      0.80      0.55       117

avg / total       0.40      0.45      0.38       366

[[38  0  0  0  0  5 34]
 [ 3  0  0  0  0  1 16]
 [19  0  0  0  0  1 16]
 [ 3  0  0  2  0  3 37]
 [ 0  0  0  0  0  5  1]
 [ 9  0  0  0  0 32 24]
 [14  0  0  2  0  7 94]]

KNN
Classification_report:
             precision    recall  f1-score   support

          B       0.28      0.27      0.28        77
          C       0.06      0.30      0.10        20
          G       0.28      0.36      0.31        36
          M       0.28      0.20      0.23        45
          O       0.00      0.00      0.00         6
          P       0.44      0.46      0.45        65
          R       0.62      0.25      0.35       117

avg / total       0.40      0.30      0.32       366

[[21 26 14  3  0 10  3]
 [ 5  6  5  0  0  2  2]
 [ 6  5 13  0  0  9  3]
 [ 5 13  5  9  0  7  6]
 [ 1  5  0  0  0  0  0]
 [14 12  2  3  0 30  4]
 [23 30  8 17  0 10 29]]

NB
Classification_report:
             precision    recall  f1-score   support

          B       0.45      0.40      0.42        77
          C       0.07      0.05      0.06        20
          G       0.25      0.36      0.29        36
          M       0.19      0.16      0.17        45
          O       0.00      0.00      0.00         6
          P       0.39      0.51      0.44        65
          R       0.47      0.44      0.45       117

avg / total       0.36      0.37      0.36       366

[[31  3 14  9  0  9 11]
 [ 0  1  5  0  0  6  8]
 [ 8  2 13  0  0  6  7]
 [ 3  0  2  7  0 15 18]
 [ 0  0  1  0  0  2  3]
 [ 4  2 10  5  0 33 11]
 [23  6  8 15  0 14 51]]

DT
Classification_report:
             precision    recall  f1-score   support

          B       0.33      0.32      0.33        77
          C       0.11      0.10      0.10        20
          G       0.12      0.14      0.13        36
          M       0.09      0.09      0.09        45
          O       0.00      0.00      0.00         6
          P       0.30      0.26      0.28        65
          R       0.42      0.43      0.42       117

avg / total       0.29      0.28      0.28       366

[[25  5 14  9  1  7 16]
 [ 3  2  3  2  0  3  7]
 [11  2  5  6  0  4  8]
 [ 6  3  4  4  0 11 17]
 [ 2  0  0  0  0  1  3]
 [10  2  3  8  6 17 19]
 [18  5 11 18  2 13 50]]

CRF
Classification_report:
             precision    recall  f1-score   support

          B       0.00      0.00      0.00        77
          C       0.00      0.00      0.00        20
          G       0.00      0.00      0.00        36
          M       0.00      0.00      0.00        45
          O       0.00      0.00      0.00         6
          P       0.43      0.34      0.38        65
          R       0.35      0.90      0.50       117

avg / total       0.19      0.35      0.23       366

CRF 2.0
Classification_report:
             precision    recall  f1-score   support

          B       0.48      0.53      0.50        77
          C       0.25      0.05      0.08        20
          G       0.24      0.11      0.15        36
          M       0.67      0.09      0.16        45
          O       0.00      0.00      0.00         6
          P       0.65      0.49      0.56        65
          R       0.49      0.81      0.61       117

avg / total       0.49      0.48      0.44       366


SVM RBF
Classification_report:
             precision    recall  f1-score   support

          B       0.38      1.00      0.56       179
          C       0.00      0.00      0.00        20
          G       0.00      0.00      0.00        36
          M       0.00      0.00      0.00        59
          O       0.00      0.00      0.00         1
          P       0.00      0.00      0.00        68
          R       0.00      0.00      0.00       102

avg / total       0.15      0.38      0.21       465

[[179   0   0   0   0   0   0]
 [ 20   0   0   0   0   0   0]
 [ 36   0   0   0   0   0   0]
 [ 59   0   0   0   0   0   0]
 [  1   0   0   0   0   0   0]
 [ 68   0   0   0   0   0   0]
 [102   0   0   0   0   0   0]]

SVM linear
Classification_report:
             precision    recall  f1-score   support

          B       0.47      0.84      0.60       179
          C       0.00      0.00      0.00        20
          G       0.00      0.00      0.00        36
          M       0.42      0.08      0.14        59
          O       0.00      0.00      0.00         1
          P       0.73      0.35      0.48        68
          R       0.36      0.34      0.35       102

avg / total       0.42      0.46      0.40       465

[[151   0   0   3   0   1  24]
 [ 14   0   0   1   0   2   3]
 [ 34   0   0   0   0   0   2]
 [ 28   0   0   5   0   3  23]
 [  0   0   0   0   0   0   1]
 [ 34   0   0   0   0  24  10]
 [ 61   0   0   3   0   3  35]]

KNN
Classification_report:
             precision    recall  f1-score   support

          B       0.48      0.61      0.54       179
          C       0.00      0.00      0.00        20
          G       0.16      0.17      0.16        36
          M       0.24      0.08      0.12        59
          O       0.00      0.00      0.00         1
          P       0.35      0.37      0.36        68
          R       0.27      0.25      0.26       102

avg / total       0.34      0.37      0.35       465

[[109   4  11   6   0  25  24]
 [  6   0   3   0   0   3   8]
 [ 21   1   6   0   0   2   6]
 [ 25   1   3   5   0   5  20]
 [  1   0   0   0   0   0   0]
 [ 21   3   3   3   0  25  13]
 [ 44   3  11   7   0  11  26]]

NB
Classification_report:
             precision    recall  f1-score   support

          B       0.54      0.47      0.50       179
          C       0.00      0.00      0.00        20
          G       0.21      0.39      0.27        36
          M       0.30      0.34      0.32        59
          O       0.00      0.00      0.00         1
          P       0.51      0.53      0.52        68
          R       0.37      0.32      0.35       102

avg / total       0.42      0.40      0.41       465

[[84  5 35 17  0 15 23]
 [ 5  0  2  3  0  1  9]
 [17  1 14  2  0  0  2]
 [14  2  3 20  0  7 13]
 [ 0  0  0  0  0  0  1]
 [12  3  4  5  0 36  8]
 [25  4 10 19  0 11 33]]

DT
Classification_report:
             precision    recall  f1-score   support

          B       0.41      0.40      0.40       179
          C       0.05      0.05      0.05        20
          G       0.11      0.11      0.11        36
          M       0.13      0.15      0.14        59
          O       0.00      0.00      0.00         1
          P       0.21      0.22      0.22        68
          R       0.23      0.21      0.22       102

avg / total       0.27      0.26      0.26       465

[[72  7 20 27  0 19 34]
 [ 8  1  1  2  0  4  4]
 [13  1  4  5  0  6  7]
 [22  4  4  9  1  8 11]
 [ 0  0  0  0  0  1  0]
 [20  3  3 11  1 15 15]
 [42  6  3 13  0 17 21]]

CRF
Classification_report:
             precision    recall  f1-score   support

          B       0.49      0.93      0.64       179
          C       0.00      0.00      0.00        20
          G       0.00      0.00      0.00        36
          M       0.00      0.00      0.00        59
          O       0.00      0.00      0.00         1
          P       0.27      0.21      0.23        68
          R       0.31      0.21      0.25       102

avg / total       0.30      0.43      0.34       465

CRF 2.0
Classification_report:
             precision    recall  f1-score   support

          B       0.59      0.88      0.71       179
          C       0.60      0.15      0.24        20
          G       0.00      0.00      0.00        36
          M       0.50      0.34      0.40        59
          O       0.00      0.00      0.00         1
          P       0.52      0.38      0.44        68
          R       0.45      0.43      0.44       102

avg / total       0.49      0.54      0.50       465


SVM RBF
Classification_report:
             precision    recall  f1-score   support

          B       0.31      1.00      0.47       256
          C       0.00      0.00      0.00        40
          G       0.00      0.00      0.00        72
          M       0.00      0.00      0.00       104
          O       0.00      0.00      0.00         7
          P       0.00      0.00      0.00       133
          R       0.00      0.00      0.00       219

avg / total       0.09      0.31      0.15       831

[[256   0   0   0   0   0   0]
 [ 40   0   0   0   0   0   0]
 [ 72   0   0   0   0   0   0]
 [104   0   0   0   0   0   0]
 [  7   0   0   0   0   0   0]
 [133   0   0   0   0   0   0]
 [219   0   0   0   0   0   0]]

SVM linear
Classification_report:
             precision    recall  f1-score   support

          B       0.44      0.69      0.54       256
          C       0.00      0.00      0.00        40
          G       0.67      0.03      0.05        72
          M       0.22      0.02      0.04       104
          O       0.00      0.00      0.00         7
          P       0.71      0.47      0.57       133
          R       0.40      0.61      0.48       219

avg / total       0.44      0.45      0.39       831

[[177   0   1   2   0   4  72]
 [ 19   0   0   1   0   5  15]
 [ 59   0   2   0   0   0  11]
 [ 32   0   0   2   0   4  66]
 [  1   0   0   0   0   3   3]
 [ 37   0   0   1   0  63  32]
 [ 73   0   0   3   0  10 133]]

KNN
Classification_report:
             precision    recall  f1-score   support

          B       0.38      0.39      0.39       256
          C       0.07      0.20      0.10        40
          G       0.17      0.21      0.19        72
          M       0.29      0.16      0.21       104
          O       0.00      0.00      0.00         7
          P       0.37      0.44      0.40       133
          R       0.41      0.26      0.32       219

avg / total       0.34      0.31      0.32       831

[[101  40  41   8   0  39  27]
 [ 14   8   2   2   0   7   7]
 [ 31   9  15   2   0  10   5]
 [ 36  11   7  17   0  10  23]
 [  1   2   0   1   0   2   1]
 [ 21  17  10   6   2  59  18]
 [ 59  33  12  22   2  34  57]]

NB
Classification_report:
             precision    recall  f1-score   support

          B       0.47      0.36      0.41       256
          C       0.10      0.12      0.11        40
          G       0.21      0.51      0.30        72
          M       0.21      0.21      0.21       104
          O       0.00      0.00      0.00         7
          P       0.45      0.52      0.48       133
          R       0.39      0.26      0.32       219

avg / total       0.37      0.34      0.34       831

[[93 12 71 26  0 24 30]
 [ 9  5 10  3  0  7  6]
 [19  5 37  4  0  4  3]
 [18  5  7 22  0 18 34]
 [ 0  1  0  0  0  3  3]
 [16  6 21  7  0 69 14]
 [42 18 31 43  0 27 58]]

DT
Classification_report:
             precision    recall  f1-score   support

          B       0.39      0.39      0.39       256
          C       0.00      0.00      0.00        40
          G       0.11      0.12      0.12        72
          M       0.10      0.11      0.10       104
          O       0.12      0.14      0.13         7
          P       0.24      0.27      0.25       133
          R       0.30      0.24      0.27       219

avg / total       0.26      0.25      0.26       831

[[99 15 25 32  2 34 49]
 [11  0  5  5  1  6 12]
 [34  3  9  3  0 11 12]
 [30  8 12 11  0 21 22]
 [ 0  0  1  0  1  2  3]
 [25 11 15 19  1 36 26]
 [54 11 17 41  3 40 53]]

CRF
Classification_report:
             precision    recall  f1-score   support

          B       0.41      0.59      0.48       256
          C       0.00      0.00      0.00        40
          G       0.00      0.00      0.00        72
          M       0.00      0.00      0.00       104
          O       0.00      0.00      0.00         7
          P       0.36      0.28      0.31       133
          R       0.34      0.56      0.42       219

avg / total       0.27      0.37      0.31       831

CRF 2.0
Classification_report:
             precision    recall  f1-score   support

          B       0.59      0.80      0.68       256
          C       0.35      0.15      0.21        40
          G       0.29      0.10      0.15        72
          M       0.32      0.21      0.25       104
          O       0.00      0.00      0.00         7
          P       0.63      0.50      0.56       133
          R       0.52      0.62      0.56       219

avg / total       0.50      0.53      0.50       831
