SVM RBF
Classification_report:
             precision    recall  f1-score   support

          B       0.00      0.00      0.00        77
          C       0.00      0.00      0.00        20
          G       0.00      0.00      0.00        36
          M       0.00      0.00      0.00        45
          O       0.00      0.00      0.00         6
          P       0.00      0.00      0.00        65
          R       0.32      1.00      0.48       117

avg / total       0.10      0.32      0.15       366

[[  0   0   0   0   0   0  77]
 [  0   0   0   0   0   0  20]
 [  0   0   0   0   0   0  36]
 [  0   0   0   0   0   0  45]
 [  0   0   0   0   0   0   6]
 [  0   0   0   0   0   0  65]
 [  0   0   0   0   0   0 117]]

SVM linear
Classification_report:
             precision    recall  f1-score   support

          B       0.44      0.52      0.48        77
          C       0.00      0.00      0.00        20
          G       0.50      0.03      0.05        36
          M       0.38      0.07      0.11        45
          O       0.00      0.00      0.00         6
          P       0.63      0.51      0.56        65
          R       0.41      0.74      0.53       117

avg / total       0.43      0.45      0.39       366

[[40  0  0  0  0  4 33]
 [ 2  0  0  0  0  1 17]
 [22  0  1  0  0  0 13]
 [ 3  0  0  3  0  3 36]
 [ 0  0  0  0  0  5  1]
 [ 4  0  1  1  0 33 26]
 [20  0  0  4  0  6 87]]

KNN
Classification_report:
             precision    recall  f1-score   support

          B       0.29      0.23      0.26        77
          C       0.06      0.40      0.11        20
          G       0.19      0.33      0.24        36
          M       0.27      0.13      0.18        45
          O       0.00      0.00      0.00         6
          P       0.42      0.38      0.40        65
          R       0.58      0.18      0.27       117

avg / total       0.38      0.25      0.27       366

[[18 28 17  1  0  9  4]
 [ 4  8  5  0  0  1  2]
 [ 7 11 12  0  0  4  2]
 [ 3 16  7  6  1  6  6]
 [ 0  5  1  0  0  0  0]
 [12 17  3  7  0 25  1]
 [18 39 17  8  0 14 21]]

NB
Classification_report:
             precision    recall  f1-score   support

          B       0.40      0.31      0.35        77
          C       0.00      0.00      0.00        20
          G       0.27      0.56      0.37        36
          M       0.25      0.20      0.22        45
          O       0.00      0.00      0.00         6
          P       0.42      0.51      0.46        65
          R       0.46      0.44      0.45       117

avg / total       0.37      0.38      0.36       366

[[24  2 17  7  0 11 16]
 [ 1  0  9  0  0  3  7]
 [ 4  2 20  0  0  3  7]
 [ 4  0  4  9  0 10 18]
 [ 0  1  0  0  0  2  3]
 [ 6  2  9  6  0 33  9]
 [21  0 14 14  0 16 52]]

DT
Classification_report:
             precision    recall  f1-score   support

          B       0.27      0.34      0.30        77
          C       0.00      0.00      0.00        20
          G       0.15      0.17      0.16        36
          M       0.11      0.11      0.11        45
          O       0.00      0.00      0.00         6
          P       0.26      0.23      0.25        65
          R       0.37      0.34      0.35       117

avg / total       0.25      0.25      0.25       366

[[26  4  7 10  0 15 15]
 [ 4  0  3  2  0  2  9]
 [ 7  2  6  7  0  4 10]
 [ 9  2  4  5  1  5 19]
 [ 1  0  0  0  0  3  2]
 [18  2  6  8  2 15 14]
 [30  5 13 15  1 13 40]]

CRF
Classification_report:
             precision    recall  f1-score   support

          B       0.00      0.00      0.00        77
          C       0.00      0.00      0.00        20
          G       0.00      0.00      0.00        36
          M       0.00      0.00      0.00        45
          O       0.00      0.00      0.00         6
          P       0.48      0.37      0.42        65
          R       0.37      0.93      0.53       117

avg / total       0.20      0.36      0.24       366

CRF 2.0
Classification_report:
             precision    recall  f1-score   support

          B       0.56      0.47      0.51        77
          C       1.00      0.10      0.18        20
          G       0.36      0.14      0.20        36
          M       0.33      0.04      0.08        45
          O       0.00      0.00      0.00         6
          P       0.68      0.52      0.59        65
          R       0.48      0.90      0.62       117

avg / total       0.52      0.50      0.45       366


SVM RBF
Classification_report:
             precision    recall  f1-score   support

          B       0.38      1.00      0.56       179
          C       0.00      0.00      0.00        20
          G       0.00      0.00      0.00        36
          M       0.00      0.00      0.00        59
          O       0.00      0.00      0.00         1
          P       0.00      0.00      0.00        68
          R       0.00      0.00      0.00       102

avg / total       0.15      0.38      0.21       465

[[179   0   0   0   0   0   0]
 [ 20   0   0   0   0   0   0]
 [ 36   0   0   0   0   0   0]
 [ 59   0   0   0   0   0   0]
 [  1   0   0   0   0   0   0]
 [ 68   0   0   0   0   0   0]
 [102   0   0   0   0   0   0]]

SVM linear
Classification_report:
             precision    recall  f1-score   support

          B       0.49      0.82      0.61       179
          C       0.00      0.00      0.00        20
          G       0.00      0.00      0.00        36
          M       0.47      0.14      0.21        59
          O       0.00      0.00      0.00         1
          P       0.64      0.41      0.50        68
          R       0.39      0.38      0.38       102

avg / total       0.42      0.48      0.42       465

[[147   0   0   4   0   5  23]
 [ 12   0   0   2   0   4   2]
 [ 34   0   0   0   0   0   2]
 [ 24   0   0   8   0   2  25]
 [  0   0   0   0   0   0   1]
 [ 31   0   0   0   0  28   9]
 [ 55   0   0   3   0   5  39]]

KNN
Classification_report:
             precision    recall  f1-score   support

          B       0.49      0.58      0.53       179
          C       0.00      0.00      0.00        20
          G       0.07      0.06      0.06        36
          M       0.11      0.03      0.05        59
          O       0.00      0.00      0.00         1
          P       0.39      0.47      0.42        68
          R       0.27      0.28      0.27       102

avg / total       0.32      0.36      0.34       465

[[104   8  10   2   0  25  30]
 [  8   0   1   0   0   2   9]
 [ 22   0   2   0   0   4   8]
 [ 19   3   6   2   0   7  22]
 [  1   0   0   0   0   0   0]
 [ 18   3   2   2   0  32  11]
 [ 41   1   6  12   0  13  29]]

NB
Classification_report:
             precision    recall  f1-score   support

          B       0.51      0.45      0.48       179
          C       0.00      0.00      0.00        20
          G       0.19      0.33      0.24        36
          M       0.31      0.32      0.32        59
          O       0.00      0.00      0.00         1
          P       0.50      0.50      0.50        68
          R       0.34      0.35      0.35       102

avg / total       0.40      0.39      0.39       465

[[80  3 32 17  0 18 29]
 [ 8  0  3  2  0  2  5]
 [18  2 12  1  0  0  3]
 [16  1  1 19  0  3 19]
 [ 0  0  0  0  0  0  1]
 [10  3  5  4  0 34 12]
 [25  3  9 18  0 11 36]]

DT
Classification_report:
             precision    recall  f1-score   support

          B       0.46      0.46      0.46       179
          C       0.00      0.00      0.00        20
          G       0.09      0.11      0.10        36
          M       0.12      0.12      0.12        59
          O       0.00      0.00      0.00         1
          P       0.25      0.25      0.25        68
          R       0.17      0.17      0.17       102

avg / total       0.27      0.28      0.27       465

[[83  3 13 25  0 20 35]
 [ 9  0  1  2  0  5  3]
 [13  1  4  2  0  6 10]
 [15  1  5  7  0  8 23]
 [ 0  1  0  0  0  0  0]
 [21  4  9  2  0 17 15]
 [38  3 13 18  0 13 17]]

CRF
Classification_report:
             precision    recall  f1-score   support

          B       0.49      0.98      0.65       179
          C       0.00      0.00      0.00        20
          G       0.00      0.00      0.00        36
          M       1.00      0.02      0.03        59
          O       0.00      0.00      0.00         1
          P       0.29      0.22      0.25        68
          R       0.42      0.22      0.29       102

avg / total       0.45      0.46      0.35       465

CRF 2.0
Classification_report:
             precision    recall  f1-score   support

          B       0.62      0.90      0.74       179
          C       0.75      0.15      0.25        20
          G       0.33      0.06      0.10        36
          M       0.48      0.37      0.42        59
          O       0.00      0.00      0.00         1
          P       0.59      0.44      0.50        68
          R       0.50      0.49      0.50       102

avg / total       0.55      0.58      0.54       465


SVM RBF
Classification_report:
             precision    recall  f1-score   support

          B       0.31      1.00      0.47       256
          C       0.00      0.00      0.00        40
          G       0.00      0.00      0.00        72
          M       0.00      0.00      0.00       104
          O       0.00      0.00      0.00         7
          P       0.00      0.00      0.00       133
          R       0.00      0.00      0.00       219

avg / total       0.09      0.31      0.15       831

[[256   0   0   0   0   0   0]
 [ 40   0   0   0   0   0   0]
 [ 72   0   0   0   0   0   0]
 [104   0   0   0   0   0   0]
 [  7   0   0   0   0   0   0]
 [133   0   0   0   0   0   0]
 [219   0   0   0   0   0   0]]

SVM linear
Classification_report:
             precision    recall  f1-score   support

          B       0.48      0.72      0.57       256
          C       0.00      0.00      0.00        40
          G       0.50      0.01      0.03        72
          M       0.38      0.09      0.14       104
          O       0.00      0.00      0.00         7
          P       0.66      0.50      0.57       133
          R       0.41      0.58      0.48       219

avg / total       0.45      0.47      0.41       831

[[184   0   1   3   0   6  62]
 [ 19   0   0   2   0   5  14]
 [ 62   0   1   0   0   0   9]
 [ 23   0   0   9   0   5  67]
 [  0   0   0   0   0   4   3]
 [ 33   0   0   0   1  67  32]
 [ 66   1   0  10   0  14 128]]

KNN
Classification_report:
             precision    recall  f1-score   support

          B       0.42      0.38      0.40       256
          C       0.07      0.25      0.10        40
          G       0.17      0.25      0.20        72
          M       0.32      0.12      0.17       104
          O       0.00      0.00      0.00         7
          P       0.40      0.51      0.45       133
          R       0.43      0.25      0.32       219

avg / total       0.36      0.31      0.32       831

[[97 45 51  4  0 36 23]
 [ 9 10  3  2  0  7  9]
 [23 14 18  0  0 11  6]
 [26 14 11 12  0 14 27]
 [ 1  3  1  0  0  1  1]
 [25 18  6  6  2 68  8]
 [50 49 17 13  3 32 55]]

NB
Classification_report:
             precision    recall  f1-score   support

          B       0.49      0.38      0.43       256
          C       0.10      0.12      0.11        40
          G       0.20      0.53      0.29        72
          M       0.23      0.22      0.23       104
          O       0.00      0.00      0.00         7
          P       0.52      0.53      0.52       133
          R       0.43      0.31      0.36       219

avg / total       0.40      0.36      0.37       831

[[98 12 73 25  0 21 27]
 [ 7  5 14  2  0  5  7]
 [18  4 38  4  0  1  7]
 [20  7  8 23  0 14 32]
 [ 0  1  0  0  0  3  3]
 [17  7 19  7  0 70 13]
 [39 16 39 38  0 20 67]]

DT
Classification_report:
             precision    recall  f1-score   support

          B       0.41      0.39      0.40       256
          C       0.00      0.00      0.00        40
          G       0.17      0.21      0.19        72
          M       0.17      0.15      0.16       104
          O       0.00      0.00      0.00         7
          P       0.28      0.31      0.29       133
          R       0.32      0.32      0.32       219

avg / total       0.29      0.29      0.29       831

[[99  5 31 25  1 39 56]
 [11  0  3  5  0  8 13]
 [22  1 15  9  1  8 16]
 [17  5  8 16  0 20 38]
 [ 1  0  0  0  0  4  2]
 [38  7  6 12  2 41 27]
 [52 11 27 27  3 28 71]]

CRF
Classification_report:
             precision    recall  f1-score   support

          B       0.37      0.50      0.43       256
          C       0.00      0.00      0.00        40
          G       0.00      0.00      0.00        72
          M       0.00      0.00      0.00       104
          O       0.00      0.00      0.00         7
          P       0.35      0.27      0.30       133
          R       0.31      0.53      0.39       219

avg / total       0.25      0.34      0.28       831

CRF 2.0
Classification_report:
             precision    recall  f1-score   support

          B       0.57      0.85      0.68       256
          C       0.36      0.12      0.19        40
          G       0.32      0.10      0.15        72
          M       0.48      0.19      0.27       104
          O       0.00      0.00      0.00         7
          P       0.70      0.55      0.61       133
          R       0.52      0.63      0.57       219

avg / total       0.53      0.55      0.51       831
