SVM RBF
Classification_report:
             precision    recall  f1-score   support

          B       0.00      0.00      0.00        77
          C       0.00      0.00      0.00        20
          G       0.00      0.00      0.00        36
          M       0.00      0.00      0.00        45
          O       0.00      0.00      0.00         6
          P       0.00      0.00      0.00        65
          R       0.32      1.00      0.48       117

avg / total       0.10      0.32      0.15       366

[[  0   0   0   0   0   0  77]
 [  0   0   0   0   0   0  20]
 [  0   0   0   0   0   0  36]
 [  0   0   0   0   0   0  45]
 [  0   0   0   0   0   0   6]
 [  0   0   0   0   0   0  65]
 [  0   0   0   0   0   0 117]]

SVM linear
Classification_report:
             precision    recall  f1-score   support

          B       0.45      0.42      0.43        77
          C       0.00      0.00      0.00        20
          G       0.00      0.00      0.00        36
          M       0.00      0.00      0.00        45
          O       0.00      0.00      0.00         6
          P       0.54      0.22      0.31        65
          R       0.37      0.85      0.51       117

avg / total       0.31      0.40      0.31       366

[[32  0  0  0  0  3 42]
 [ 0  0  0  0  0  0 20]
 [15  0  0  0  0  1 20]
 [ 3  0  0  0  0  3 39]
 [ 0  0  0  0  0  1  5]
 [ 7  0  0  0  0 14 44]
 [14  0  0  0  0  4 99]]

KNN
Classification_report:
             precision    recall  f1-score   support

          B       0.22      0.29      0.25        77
          C       0.07      0.25      0.11        20
          G       0.21      0.25      0.23        36
          M       0.25      0.20      0.22        45
          O       1.00      0.17      0.29         6
          P       0.38      0.37      0.37        65
          R       0.50      0.22      0.31       117

avg / total       0.34      0.26      0.28       366

[[22 15 16  7  0 11  6]
 [ 7  5  3  0  0  2  3]
 [12  7  9  1  0  5  2]
 [ 8  6  2  9  0 10 10]
 [ 2  2  0  0  1  1  0]
 [14 11  5  6  0 24  5]
 [37 22  8 13  0 11 26]]

NB
Classification_report:
             precision    recall  f1-score   support

          B       0.36      0.30      0.33        77
          C       0.12      0.10      0.11        20
          G       0.29      0.39      0.33        36
          M       0.14      0.13      0.14        45
          O       0.00      0.00      0.00         6
          P       0.33      0.46      0.38        65
          R       0.47      0.42      0.44       117

avg / total       0.34      0.34      0.33       366

[[23  5 15  7  0  9 18]
 [ 1  2  4  0  0  7  6]
 [11  1 14  0  0  4  6]
 [ 3  1  1  6  0 19 15]
 [ 0  0  0  0  0  2  4]
 [ 7  2  7 13  0 30  6]
 [19  5  8 16  0 20 49]]

DT
Classification_report:
             precision    recall  f1-score   support

          B       0.22      0.22      0.22        77
          C       0.03      0.05      0.04        20
          G       0.11      0.08      0.09        36
          M       0.16      0.20      0.18        45
          O       0.00      0.00      0.00         6
          P       0.24      0.22      0.23        65
          R       0.30      0.28      0.29       117

avg / total       0.22      0.21      0.21       366

[[17  5 11  9  0 13 22]
 [ 1  1  3  3  0  2 10]
 [12  4  3  3  2  5  7]
 [11  2  0  9  1  5 17]
 [ 3  1  1  0  0  0  1]
 [10  4  6  9  1 14 21]
 [22 12  4 22  5 19 33]]

CRF
Classification_report:
             precision    recall  f1-score   support

          B       0.00      0.00      0.00        77
          C       0.00      0.00      0.00        20
          G       0.00      0.00      0.00        36
          M       0.00      0.00      0.00        45
          O       0.00      0.00      0.00         6
          P       0.46      0.37      0.41        65
          R       0.37      1.00      0.54       117

avg / total       0.20      0.39      0.25       366

CRF 2.0
Classification_report:
             precision    recall  f1-score   support

          B       0.53      0.58      0.56        77
          C       0.00      0.00      0.00        20
          G       0.35      0.19      0.25        36
          M       0.67      0.09      0.16        45
          O       0.00      0.00      0.00         6
          P       0.60      0.49      0.54        65
          R       0.49      0.82      0.62       117

avg / total       0.49      0.50      0.45       366


SVM RBF
Classification_report:
             precision    recall  f1-score   support

          B       0.38      1.00      0.56       179
          C       0.00      0.00      0.00        20
          G       0.00      0.00      0.00        36
          M       0.00      0.00      0.00        59
          O       0.00      0.00      0.00         1
          P       0.00      0.00      0.00        68
          R       0.00      0.00      0.00       102

avg / total       0.15      0.38      0.21       465

[[179   0   0   0   0   0   0]
 [ 20   0   0   0   0   0   0]
 [ 36   0   0   0   0   0   0]
 [ 59   0   0   0   0   0   0]
 [  1   0   0   0   0   0   0]
 [ 68   0   0   0   0   0   0]
 [102   0   0   0   0   0   0]]

SVM linear
Classification_report:
             precision    recall  f1-score   support

          B       0.42      0.93      0.57       179
          C       0.00      0.00      0.00        20
          G       0.00      0.00      0.00        36
          M       0.00      0.00      0.00        59
          O       0.00      0.00      0.00         1
          P       0.68      0.25      0.37        68
          R       0.24      0.09      0.13       102

avg / total       0.31      0.42      0.30       465

[[167   0   0   0   0   1  11]
 [ 15   0   0   0   0   3   2]
 [ 35   0   0   0   0   0   1]
 [ 46   0   0   0   0   3  10]
 [  0   0   0   0   0   0   1]
 [ 47   0   0   0   0  17   4]
 [ 92   0   0   0   0   1   9]]

KNN
Classification_report:
             precision    recall  f1-score   support

          B       0.48      0.65      0.55       179
          C       0.20      0.15      0.17        20
          G       0.15      0.08      0.11        36
          M       0.20      0.08      0.12        59
          O       0.00      0.00      0.00         1
          P       0.32      0.37      0.34        68
          R       0.31      0.25      0.28       102

avg / total       0.34      0.38      0.35       465

[[116   3  10   6   0  23  21]
 [  8   3   0   1   0   2   6]
 [ 24   1   3   0   0   2   6]
 [ 30   5   3   5   0   5  11]
 [  1   0   0   0   0   0   0]
 [ 21   2   2   3   0  25  15]
 [ 41   1   2  10   0  22  26]]

NB
Classification_report:
             precision    recall  f1-score   support

          B       0.52      0.46      0.49       179
          C       0.05      0.05      0.05        20
          G       0.20      0.36      0.25        36
          M       0.28      0.32      0.30        59
          O       0.00      0.00      0.00         1
          P       0.42      0.50      0.46        68
          R       0.21      0.15      0.17       102

avg / total       0.36      0.35      0.35       465

[[83  5 31 18  0 16 26]
 [ 5  1  2  2  0  3  7]
 [16  1 13  3  0  0  3]
 [14  1  3 19  0  8 14]
 [ 0  0  0  0  0  1  0]
 [10  7  4  7  0 34  6]
 [31  5 13 19  0 19 15]]

DT
Classification_report:
             precision    recall  f1-score   support

          B       0.48      0.45      0.46       179
          C       0.05      0.05      0.05        20
          G       0.08      0.11      0.09        36
          M       0.20      0.22      0.21        59
          O       0.00      0.00      0.00         1
          P       0.22      0.22      0.22        68
          R       0.21      0.20      0.20       102

avg / total       0.30      0.29      0.29       465

[[80  9 15 23  0 23 29]
 [ 3  1  4  1  0  7  4]
 [13  1  4  5  0  4  9]
 [16  3  5 13  0  7 15]
 [ 1  0  0  0  0  0  0]
 [15  4  8  7  1 15 18]
 [39  3 13 15  0 12 20]]

CRF
Classification_report:
             precision    recall  f1-score   support

          B       0.47      0.96      0.63       179
          C       0.00      0.00      0.00        20
          G       0.00      0.00      0.00        36
          M       1.00      0.02      0.03        59
          O       0.00      0.00      0.00         1
          P       0.19      0.15      0.17        68
          R       0.36      0.17      0.23       102

avg / total       0.42      0.43      0.32       465

CRF 2.0
Classification_report:
             precision    recall  f1-score   support

          B       0.63      0.91      0.74       179
          C       0.60      0.15      0.24        20
          G       0.50      0.08      0.14        36
          M       0.43      0.27      0.33        59
          O       0.00      0.00      0.00         1
          P       0.61      0.46      0.52        68
          R       0.50      0.54      0.52       102

avg / total       0.56      0.58      0.54       465


SVM RBF
Classification_report:
             precision    recall  f1-score   support

          B       0.31      1.00      0.47       256
          C       0.00      0.00      0.00        40
          G       0.00      0.00      0.00        72
          M       0.00      0.00      0.00       104
          O       0.00      0.00      0.00         7
          P       0.00      0.00      0.00       133
          R       0.00      0.00      0.00       219

avg / total       0.09      0.31      0.15       831

[[256   0   0   0   0   0   0]
 [ 40   0   0   0   0   0   0]
 [ 72   0   0   0   0   0   0]
 [104   0   0   0   0   0   0]
 [  7   0   0   0   0   0   0]
 [133   0   0   0   0   0   0]
 [219   0   0   0   0   0   0]]

SVM linear
Classification_report:
             precision    recall  f1-score   support

          B       0.41      0.74      0.53       256
          C       0.00      0.00      0.00        40
          G       0.00      0.00      0.00        72
          M       0.33      0.01      0.02       104
          O       0.00      0.00      0.00         7
          P       0.61      0.34      0.43       133
          R       0.41      0.54      0.47       219

avg / total       0.37      0.43      0.36       831

[[190   0   0   1   0   6  59]
 [ 28   0   0   0   0   4   8]
 [ 64   0   0   0   0   0   8]
 [ 35   0   0   1   0   6  62]
 [  0   0   0   0   0   3   4]
 [ 56   0   0   1   0  45  31]
 [ 90   0   0   0   0  10 119]]

KNN
Classification_report:
             precision    recall  f1-score   support

          B       0.40      0.52      0.46       256
          C       0.03      0.07      0.05        40
          G       0.18      0.15      0.16        72
          M       0.21      0.12      0.15       104
          O       0.00      0.00      0.00         7
          P       0.35      0.37      0.36       133
          R       0.37      0.25      0.30       219

avg / total       0.32      0.32      0.31       831

[[134  23  27  11   0  36  25]
 [ 16   3   2   1   0   7  11]
 [ 37  10  11   1   0   8   5]
 [ 38   7   1  12   0  14  32]
 [  5   1   0   0   0   1   0]
 [ 32  16   4  12   1  49  19]
 [ 70  30  17  21   0  26  55]]

NB
Classification_report:
             precision    recall  f1-score   support

          B       0.48      0.39      0.43       256
          C       0.12      0.17      0.14        40
          G       0.23      0.46      0.30        72
          M       0.23      0.20      0.22       104
          O       0.00      0.00      0.00         7
          P       0.38      0.53      0.44       133
          R       0.35      0.23      0.28       219

avg / total       0.36      0.34      0.34       831

[[99 14 59 22  0 30 32]
 [ 9  7  9  0  0  8  7]
 [20  7 33  1  0  6  5]
 [16  2  8 21  0 24 33]
 [ 0  1  0  0  0  3  3]
 [16 10 14  8  0 71 14]
 [45 18 22 38  0 45 51]]

DT
Classification_report:
             precision    recall  f1-score   support

          B       0.35      0.34      0.34       256
          C       0.06      0.07      0.07        40
          G       0.09      0.10      0.09        72
          M       0.12      0.14      0.13       104
          O       0.00      0.00      0.00         7
          P       0.27      0.23      0.25       133
          R       0.32      0.30      0.31       219

avg / total       0.26      0.25      0.25       831

[[86 17 38 32  2 30 51]
 [16  3  2  6  0  7  6]
 [25  6  7 11  0  5 18]
 [30  7  6 15  3 11 32]
 [ 3  2  0  1  0  1  0]
 [28  3 13 23  1 31 34]
 [60 13 12 38  1 29 66]]

CRF
Classification_report:
             precision    recall  f1-score   support

          B       0.36      0.46      0.40       256
          C       0.00      0.00      0.00        40
          G       0.00      0.00      0.00        72
          M       0.00      0.00      0.00       104
          O       0.00      0.00      0.00         7
          P       0.35      0.27      0.30       133
          R       0.30      0.55      0.39       219

avg / total       0.25      0.33      0.28       831

CRF 2.0
Classification_report:
             precision    recall  f1-score   support

          B       0.61      0.82      0.70       256
          C       0.38      0.12      0.19        40
          G       0.24      0.08      0.12        72
          M       0.28      0.18      0.22       104
          O       0.00      0.00      0.00         7
          P       0.64      0.50      0.56       133
          R       0.50      0.63      0.56       219

avg / total       0.50      0.53      0.50       831
