SVM RBF
Classification_report:
             precision    recall  f1-score   support

          B       0.36      0.58      0.45        77
          C       0.00      0.00      0.00        20
          G       0.00      0.00      0.00        36
          M       0.00      0.00      0.00        45
          O       0.00      0.00      0.00         6
          P       0.00      0.00      0.00        65
          R       0.41      0.84      0.55       117

avg / total       0.21      0.39      0.27       366

[[45  0  0  0  0  0 32]
 [ 2  0  0  0  0  0 18]
 [16  0  0  0  0  0 20]
 [11  0  0  0  0  0 34]
 [ 0  0  0  0  0  0  6]
 [32  0  0  0  0  0 33]
 [19  0  0  0  0  0 98]]

SVM linear
Classification_report:
             precision    recall  f1-score   support

          B       0.55      0.62      0.58        77
          C       0.25      0.05      0.08        20
          G       0.55      0.33      0.41        36
          M       0.21      0.09      0.12        45
          O       1.00      0.17      0.29         6
          P       0.56      0.62      0.59        65
          R       0.49      0.68      0.57       117

avg / total       0.48      0.51      0.47       366

[[48  0  5  3  0  7 14]
 [ 2  1  0  0  0  3 14]
 [15  0 12  0  0  0  9]
 [ 4  0  2  4  0  7 28]
 [ 0  0  0  0  1  3  2]
 [ 8  0  1  1  0 40 15]
 [11  3  2 11  0 11 79]]

KNN
Classification_report:
             precision    recall  f1-score   support

          B       0.39      0.61      0.48        77
          C       0.04      0.05      0.04        20
          G       0.21      0.22      0.22        36
          M       0.13      0.09      0.11        45
          O       0.00      0.00      0.00         6
          P       0.52      0.49      0.50        65
          R       0.46      0.35      0.40       117

avg / total       0.36      0.36      0.35       366

[[47  1  8  6  0  7  8]
 [ 1  1  2  3  0  2 11]
 [17  0  8  2  0  5  4]
 [13  6  5  4  0  3 14]
 [ 0  0  2  2  0  1  1]
 [13  2  6  2  0 32 10]
 [28 18  7 11  0 12 41]]

NB
Classification_report:
             precision    recall  f1-score   support

          B       0.46      0.38      0.41        77
          C       0.33      0.20      0.25        20
          G       0.18      0.61      0.28        36
          M       0.37      0.36      0.36        45
          O       0.06      0.17      0.08         6
          P       0.67      0.63      0.65        65
          R       0.33      0.13      0.18       117

avg / total       0.40      0.35      0.35       366

[[29  0 30  2  3  9  4]
 [ 0  4  4  0  2  1  9]
 [ 9  0 22  3  0  0  2]
 [ 2  3 13 16  2  2  7]
 [ 0  0  0  0  1  0  5]
 [11  0  2  5  2 41  4]
 [12  5 52 17  8  8 15]]

DT
Classification_report:
             precision    recall  f1-score   support

          B       0.36      0.34      0.35        77
          C       0.00      0.00      0.00        20
          G       0.21      0.19      0.20        36
          M       0.17      0.20      0.19        45
          O       0.00      0.00      0.00         6
          P       0.49      0.54      0.51        65
          R       0.45      0.42      0.43       117

avg / total       0.35      0.34      0.35       366

[[26  7 13  5  0 15 11]
 [ 4  0  1  2  1  3  9]
 [12  3  7  8  0  2  4]
 [ 6  2  5  9  0  1 22]
 [ 0  0  0  0  0  5  1]
 [ 8  1  0  7  1 35 13]
 [17 12  7 21  0 11 49]]

CRF
Classification_report:
             precision    recall  f1-score   support

          B       0.54      0.60      0.57        77
          C       0.43      0.45      0.44        20
          G       0.42      0.36      0.39        36
          M       0.24      0.13      0.17        45
          O       0.00      0.00      0.00         6
          P       0.62      0.52      0.57        65
          R       0.55      0.70      0.62       117

avg / total       0.49      0.52      0.50       366

CRF 2.0
Classification_report:
             precision    recall  f1-score   support

          B       0.79      0.71      0.75        77
          C       0.33      0.25      0.29        20
          G       0.60      0.50      0.55        36
          M       0.35      0.29      0.32        45
          O       0.00      0.00      0.00         6
          P       0.66      0.63      0.65        65
          R       0.53      0.68      0.60       117

avg / total       0.57      0.58      0.57       366


SVM RBF
Classification_report:
             precision    recall  f1-score   support

          B       0.57      0.96      0.72       179
          C       0.00      0.00      0.00        20
          G       0.00      0.00      0.00        36
          M       0.00      0.00      0.00        59
          O       0.00      0.00      0.00         1
          P       0.00      0.00      0.00        68
          R       0.52      0.83      0.64       102

avg / total       0.33      0.55      0.42       465

[[172   0   0   0   0   0   7]
 [  0   0   0   0   0   0  20]
 [ 36   0   0   0   0   0   0]
 [ 16   0   0   0   0   0  43]
 [  1   0   0   0   0   0   0]
 [ 60   0   0   0   0   0   8]
 [ 17   0   0   0   0   0  85]]

SVM linear
Classification_report:
             precision    recall  f1-score   support

          B       0.74      0.88      0.80       179
          C       0.50      0.30      0.37        20
          G       0.58      0.31      0.40        36
          M       0.44      0.36      0.39        59
          O       0.00      0.00      0.00         1
          P       0.72      0.56      0.63        68
          R       0.53      0.63      0.58       102

avg / total       0.63      0.64      0.62       465

[[157   1   8   1   0   7   5]
 [  0   6   0   1   0   1  12]
 [ 25   0  11   0   0   0   0]
 [  4   1   0  21   0   2  31]
 [  0   0   0   0   0   1   0]
 [ 18   1   0   3   0  38   8]
 [  9   3   0  22   0   4  64]]

KNN
Classification_report:
             precision    recall  f1-score   support

          B       0.69      0.83      0.75       179
          C       0.26      0.25      0.26        20
          G       0.39      0.36      0.38        36
          M       0.42      0.37      0.39        59
          O       0.00      0.00      0.00         1
          P       0.69      0.50      0.58        68
          R       0.52      0.48      0.50       102

avg / total       0.57      0.58      0.57       465

[[149   0  14   1   0   6   9]
 [  0   5   0   2   0   0  13]
 [ 17   0  13   0   0   6   0]
 [ 11   2   1  22   0   0  23]
 [  0   0   1   0   0   0   0]
 [ 21   2   4   6   0  34   1]
 [ 18  10   0  22   0   3  49]]

NB
Classification_report:
             precision    recall  f1-score   support

          B       0.54      0.18      0.28       179
          C       0.21      0.15      0.18        20
          G       0.17      0.67      0.27        36
          M       0.25      0.54      0.34        59
          O       0.00      0.00      0.00         1
          P       0.41      0.57      0.48        68
          R       0.23      0.06      0.09       102

avg / total       0.37      0.29      0.27       465

[[33  3 85 30  0 25  3]
 [ 3  3  2  5  0  2  5]
 [ 6  0 24  4  0  0  2]
 [ 3  2  6 32  0 10  6]
 [ 1  0  0  0  0  0  0]
 [ 4  1  3 17  0 39  4]
 [11  5 20 40  0 20  6]]

DT
Classification_report:
             precision    recall  f1-score   support

          B       0.70      0.76      0.73       179
          C       0.17      0.15      0.16        20
          G       0.44      0.39      0.41        36
          M       0.26      0.31      0.28        59
          O       0.00      0.00      0.00         1
          P       0.65      0.53      0.59        68
          R       0.49      0.46      0.47       102

avg / total       0.55      0.55      0.54       465

[[136   1  17   8   1   8   8]
 [  3   3   0   5   0   2   7]
 [ 21   0  14   1   0   0   0]
 [  5   5   0  18   0   4  27]
 [  0   0   0   1   0   0   0]
 [ 20   1   1   3   0  36   7]
 [ 10   8   0  32   0   5  47]]

CRF
Classification_report:
             precision    recall  f1-score   support

          B       0.85      0.96      0.90       179
          C       0.78      0.70      0.74        20
          G       0.77      0.56      0.65        36
          M       0.50      0.44      0.47        59
          O       0.00      0.00      0.00         1
          P       0.84      0.75      0.79        68
          R       0.63      0.67      0.65       102

avg / total       0.75      0.75      0.75       465

CRF 2.0
Classification_report:
             precision    recall  f1-score   support

          B       0.99      1.00      1.00       179
          C       0.50      0.40      0.44        20
          G       1.00      1.00      1.00        36
          M       0.95      0.92      0.93        59
          O       0.00      0.00      0.00         1
          P       0.95      0.93      0.94        68
          R       0.83      0.89      0.86       102

avg / total       0.92      0.93      0.92       465


SVM RBF
Classification_report:
             precision    recall  f1-score   support

          B       0.47      0.88      0.61       256
          C       0.00      0.00      0.00        40
          G       0.00      0.00      0.00        72
          M       0.00      0.00      0.00       104
          O       0.00      0.00      0.00         7
          P       0.00      0.00      0.00       133
          R       0.48      0.77      0.59       219

avg / total       0.27      0.47      0.34       831

[[225   0   0   0   0   0  31]
 [  5   0   0   0   0   0  35]
 [ 60   0   0   0   0   0  12]
 [ 37   0   0   0   0   0  67]
 [  4   0   0   0   0   0   3]
 [100   0   0   0   0   0  33]
 [ 50   0   0   0   0   0 169]]

SVM linear
Classification_report:
             precision    recall  f1-score   support

          B       0.63      0.77      0.69       256
          C       0.47      0.17      0.25        40
          G       0.50      0.29      0.37        72
          M       0.34      0.17      0.23       104
          O       0.00      0.00      0.00         7
          P       0.69      0.63      0.66       133
          R       0.49      0.65      0.56       219

avg / total       0.54      0.56      0.54       831

[[196   0  16   8   0   7  29]
 [  4   7   0   1   0   4  24]
 [ 40   0  21   0   0   0  11]
 [ 16   0   2  18   0   9  59]
 [  0   0   0   0   0   5   2]
 [ 24   1   1   2   0  84  21]
 [ 31   7   2  24   0  13 142]]

KNN
Classification_report:
             precision    recall  f1-score   support

          B       0.55      0.73      0.63       256
          C       0.12      0.12      0.12        40
          G       0.38      0.38      0.38        72
          M       0.29      0.23      0.26       104
          O       0.00      0.00      0.00         7
          P       0.66      0.50      0.57       133
          R       0.43      0.38      0.41       219

avg / total       0.46      0.47      0.46       831

[[188   2  24   7   0  10  25]
 [  5   5   1   5   0   3  21]
 [ 38   0  27   2   0   3   2]
 [ 20   6   7  24   0   5  42]
 [  0   1   2   1   0   2   1]
 [ 33   5   3   7   0  66  19]
 [ 56  23   8  36   1  11  84]]

NB
Classification_report:
             precision    recall  f1-score   support

          B       0.49      0.17      0.25       256
          C       0.13      0.33      0.18        40
          G       0.16      0.64      0.25        72
          M       0.27      0.38      0.32       104
          O       0.00      0.00      0.00         7
          P       0.58      0.50      0.53       133
          R       0.32      0.11      0.17       219

avg / total       0.38      0.28      0.28       831

[[ 43  23 124  34   3  20   9]
 [  2  13   9   2   1   4   9]
 [ 14   3  46   4   0   3   2]
 [  8   6  30  40   0   5  15]
 [  1   0   0   0   0   1   5]
 [  8  22   6  17   2  66  12]
 [ 12  35  76  49   7  15  25]]

DT
Classification_report:
             precision    recall  f1-score   support

          B       0.60      0.59      0.59       256
          C       0.20      0.23      0.21        40
          G       0.31      0.32      0.31        72
          M       0.22      0.23      0.22       104
          O       0.00      0.00      0.00         7
          P       0.57      0.65      0.60       133
          R       0.45      0.39      0.42       219

avg / total       0.46      0.46      0.46       831

[[151   8  22  21   1  26  27]
 [  6   9   2   7   0   3  13]
 [ 25   2  23   8   0   6   8]
 [ 13   3   9  24   1  10  44]
 [  0   1   0   0   0   3   3]
 [ 20   4   0  10   2  86  11]
 [ 37  17  19  41   1  18  86]]

CRF
Classification_report:
             precision    recall  f1-score   support

          B       0.71      0.80      0.75       256
          C       0.53      0.47      0.50        40
          G       0.59      0.49      0.53        72
          M       0.35      0.24      0.28       104
          O       1.00      0.14      0.25         7
          P       0.71      0.62      0.66       133
          R       0.56      0.66      0.61       219

avg / total       0.61      0.62      0.61       831

CRF 2.0
Classification_report:
             precision    recall  f1-score   support

          B       0.93      0.87      0.90       256
          C       0.55      0.42      0.48        40
          G       0.78      0.75      0.77        72
          M       0.70      0.68      0.69       104
          O       0.00      0.00      0.00         7
          P       0.83      0.78      0.80       133
          R       0.68      0.82      0.75       219

avg / total       0.78      0.78      0.78       831
