SVM RBF
Classification_report:
             precision    recall  f1-score   support

          B       0.45      0.57      0.51        77
          C       0.00      0.00      0.00        20
          G       0.00      0.00      0.00        36
          M       0.00      0.00      0.00        45
          O       0.00      0.00      0.00         6
          P       1.00      0.05      0.09        65
          R       0.41      0.92      0.56       117

avg / total       0.40      0.42      0.30       366

[[ 44   0   0   0   0   0  33]
 [  1   0   0   0   0   0  19]
 [ 18   0   0   0   0   0  18]
 [  3   0   0   0   0   0  42]
 [  0   0   0   0   0   0   6]
 [ 22   0   0   0   0   3  40]
 [  9   0   0   0   0   0 108]]

SVM linear
Classification_report:
             precision    recall  f1-score   support

          B       0.52      0.56      0.54        77
          C       0.27      0.35      0.30        20
          G       0.47      0.39      0.42        36
          M       0.27      0.31      0.29        45
          O       1.00      0.17      0.29         6
          P       0.62      0.62      0.62        65
          R       0.53      0.50      0.51       117

avg / total       0.50      0.48      0.48       366

[[43  1  9  7  0  6 11]
 [ 1  7  0  1  0  3  8]
 [13  1 14  1  0  1  6]
 [ 6  1  1 14  0  3 20]
 [ 0  0  0  0  1  4  1]
 [ 8  2  3  6  0 40  6]
 [12 14  3 22  0  8 58]]

KNN
Classification_report:
             precision    recall  f1-score   support

          B       0.35      0.39      0.37        77
          C       0.14      0.50      0.22        20
          G       0.29      0.28      0.29        36
          M       0.23      0.13      0.17        45
          O       0.00      0.00      0.00         6
          P       0.43      0.49      0.46        65
          R       0.59      0.37      0.45       117

avg / total       0.40      0.36      0.36       366

[[30  8  9  4  0 17  9]
 [ 1 10  2  0  0  2  5]
 [11  6 10  2  0  4  3]
 [10  9  5  6  0  5 10]
 [ 0  3  0  0  0  2  1]
 [16 10  3  2  0 32  2]
 [18 26  5 12  0 13 43]]

NB
Classification_report:
             precision    recall  f1-score   support

          B       0.44      0.39      0.41        77
          C       0.36      0.20      0.26        20
          G       0.25      0.58      0.35        36
          M       0.30      0.44      0.36        45
          O       0.06      0.17      0.08         6
          P       0.61      0.63      0.62        65
          R       0.38      0.17      0.24       117

avg / total       0.41      0.37      0.37       366

[[30  0 26  4  3 10  4]
 [ 0  4  4  0  2  1  9]
 [10  0 21  2  0  1  2]
 [ 4  3  6 20  2  2  8]
 [ 0  0  0  0  1  0  5]
 [10  0  0  7  2 41  5]
 [14  4 26 33  8 12 20]]

DT
Classification_report:
             precision    recall  f1-score   support

          B       0.43      0.43      0.43        77
          C       0.09      0.10      0.09        20
          G       0.15      0.14      0.14        36
          M       0.11      0.11      0.11        45
          O       0.50      0.33      0.40         6
          P       0.65      0.66      0.66        65
          R       0.41      0.41      0.41       117

avg / total       0.38      0.38      0.38       366

[[33  3  9  8  0  6 18]
 [ 4  2  2  4  0  0  8]
 [12  5  5  4  0  1  9]
 [ 6  4  4  5  1  4 21]
 [ 1  0  0  1  2  1  1]
 [ 3  1  3  2  1 43 12]
 [17  8 10 23  0 11 48]]

CRF
Classification_report:
             precision    recall  f1-score   support

          B       0.54      0.57      0.55        77
          C       0.43      0.45      0.44        20
          G       0.37      0.31      0.33        36
          M       0.18      0.13      0.15        45
          O       0.00      0.00      0.00         6
          P       0.60      0.52      0.56        65
          R       0.57      0.69      0.63       117

avg / total       0.48      0.51      0.49       366

CRF 2.0
Classification_report:
             precision    recall  f1-score   support

          B       0.76      0.65      0.70        77
          C       0.32      0.30      0.31        20
          G       0.67      0.44      0.53        36
          M       0.43      0.27      0.33        45
          O       0.00      0.00      0.00         6
          P       0.73      0.72      0.73        65
          R       0.55      0.77      0.64       117

avg / total       0.60      0.60      0.59       366


SVM RBF
Classification_report:
             precision    recall  f1-score   support

          B       0.53      0.96      0.68       179
          C       0.00      0.00      0.00        20
          G       0.00      0.00      0.00        36
          M       0.00      0.00      0.00        59
          O       0.00      0.00      0.00         1
          P       1.00      0.04      0.08        68
          R       0.53      0.73      0.61       102

avg / total       0.47      0.53      0.41       465

[[171   0   0   0   0   0   8]
 [  4   0   0   0   0   0  16]
 [ 36   0   0   0   0   0   0]
 [ 25   0   0   0   0   0  34]
 [  1   0   0   0   0   0   0]
 [ 57   0   0   0   0   3   8]
 [ 28   0   0   0   0   0  74]]

SVM linear
Classification_report:
             precision    recall  f1-score   support

          B       0.72      0.75      0.74       179
          C       0.37      0.35      0.36        20
          G       0.37      0.31      0.33        36
          M       0.39      0.41      0.40        59
          O       0.00      0.00      0.00         1
          P       0.62      0.59      0.60        68
          R       0.50      0.51      0.50       102

avg / total       0.57      0.58      0.57       465

[[134   0  18   4   0  14   9]
 [  0   7   0   3   0   1   9]
 [ 25   0  11   0   0   0   0]
 [  5   1   0  24   0   4  25]
 [  0   0   0   0   0   1   0]
 [ 12   2   1   3   0  40  10]
 [  9   9   0  27   0   5  52]]

KNN
Classification_report:
             precision    recall  f1-score   support

          B       0.63      0.78      0.69       179
          C       0.26      0.40      0.31        20
          G       0.17      0.11      0.14        36
          M       0.27      0.15      0.20        59
          O       0.00      0.00      0.00         1
          P       0.60      0.53      0.56        68
          R       0.44      0.42      0.43       102

avg / total       0.49      0.51      0.49       465

[[139   1  12   4   0  11  12]
 [  3   8   0   1   0   0   8]
 [ 27   0   4   0   0   4   1]
 [ 14   4   2   9   0   3  27]
 [  0   0   0   0   0   1   0]
 [ 21   1   2   2   0  36   6]
 [ 17  17   3  17   0   5  43]]

NB
Classification_report:
             precision    recall  f1-score   support

          B       0.58      0.23      0.33       179
          C       0.20      0.15      0.17        20
          G       0.19      0.67      0.29        36
          M       0.29      0.54      0.38        59
          O       0.00      0.00      0.00         1
          P       0.44      0.72      0.55        68
          R       0.27      0.08      0.12       102

avg / total       0.41      0.34      0.31       465

[[41  3 77 25  0 30  3]
 [ 4  3  2  3  0  3  5]
 [ 6  0 24  4  0  0  2]
 [ 3  2  4 32  0 10  8]
 [ 1  0  0  0  0  0  0]
 [ 4  1  1  9  0 49  4]
 [12  6 19 38  0 19  8]]

DT
Classification_report:
             precision    recall  f1-score   support

          B       0.70      0.68      0.69       179
          C       0.24      0.20      0.22        20
          G       0.30      0.36      0.33        36
          M       0.27      0.32      0.29        59
          O       0.00      0.00      0.00         1
          P       0.55      0.57      0.56        68
          R       0.41      0.36      0.39       102

avg / total       0.51      0.50      0.50       465

[[121   2  28   5   0  14   9]
 [  5   4   0   3   0   1   7]
 [ 19   0  13   0   0   1   3]
 [  4   4   0  19   0   5  27]
 [  0   0   1   0   0   0   0]
 [ 13   2   1   6   0  39   7]
 [ 11   5   1  37   0  11  37]]

CRF
Classification_report:
             precision    recall  f1-score   support

          B       0.87      0.97      0.92       179
          C       0.71      0.75      0.73        20
          G       0.85      0.61      0.71        36
          M       0.53      0.44      0.48        59
          O       0.00      0.00      0.00         1
          P       0.84      0.75      0.79        68
          R       0.64      0.69      0.66       102

avg / total       0.76      0.77      0.76       465

CRF 2.0
Classification_report:
             precision    recall  f1-score   support

          B       0.99      1.00      1.00       179
          C       0.50      0.35      0.41        20
          G       1.00      1.00      1.00        36
          M       0.98      0.88      0.93        59
          O       0.00      0.00      0.00         1
          P       0.95      0.93      0.94        68
          R       0.83      0.94      0.88       102

avg / total       0.93      0.93      0.93       465


SVM RBF
Classification_report:
             precision    recall  f1-score   support

          B       0.51      0.85      0.64       256
          C       0.00      0.00      0.00        40
          G       0.00      0.00      0.00        72
          M       0.00      0.00      0.00       104
          O       0.00      0.00      0.00         7
          P       0.65      0.25      0.36       133
          R       0.47      0.76      0.58       219

avg / total       0.39      0.50      0.41       831

[[218   0   0   0   0   2  36]
 [  5   0   0   0   0   0  35]
 [ 63   0   0   0   0   1   8]
 [ 28   0   0   0   0   6  70]
 [  1   0   0   0   0   3   3]
 [ 66   0   0   0   0  33  34]
 [ 46   0   0   0   0   6 167]]

SVM linear
Classification_report:
             precision    recall  f1-score   support

          B       0.56      0.62      0.59       256
          C       0.28      0.33      0.30        40
          G       0.40      0.39      0.39        72
          M       0.39      0.37      0.38       104
          O       0.25      0.14      0.18         7
          P       0.59      0.56      0.57       133
          R       0.54      0.48      0.51       219

avg / total       0.51      0.51      0.50       831

[[160   5  36  16   0  16  23]
 [  8  13   0   2   1   5  11]
 [ 36   1  28   3   0   1   3]
 [ 18   4   1  38   0   6  37]
 [  0   1   0   0   1   4   1]
 [ 28   5   3   4   1  75  17]
 [ 37  17   2  35   1  21 106]]

KNN
Classification_report:
             precision    recall  f1-score   support

          B       0.55      0.67      0.60       256
          C       0.15      0.33      0.21        40
          G       0.25      0.19      0.22        72
          M       0.17      0.12      0.14       104
          O       0.00      0.00      0.00         7
          P       0.49      0.50      0.49       133
          R       0.48      0.36      0.41       219

avg / total       0.42      0.43      0.42       831

[[171   8  27   7   1  23  19]
 [  6  13   0   6   0   3  12]
 [ 39   6  14   2   0   7   4]
 [ 23  13   5  13   0  12  38]
 [  3   1   0   0   0   2   1]
 [ 29   9   4  13   1  66  11]
 [ 42  34   7  35   0  22  79]]

NB
Classification_report:
             precision    recall  f1-score   support

          B       0.48      0.18      0.26       256
          C       0.16      0.33      0.21        40
          G       0.18      0.62      0.28        72
          M       0.29      0.50      0.37       104
          O       0.00      0.00      0.00         7
          P       0.59      0.58      0.58       133
          R       0.34      0.12      0.18       219

avg / total       0.39      0.31      0.30       831

[[ 45  19 116  39   3  25   9]
 [  2  13   7   3   1   5   9]
 [ 16   3  45   4   0   2   2]
 [  8   6  17  52   0   6  15]
 [  1   0   0   0   0   1   5]
 [  7  16   3  16   2  77  12]
 [ 14  26  65  66   6  15  27]]

DT
Classification_report:
             precision    recall  f1-score   support

          B       0.58      0.58      0.58       256
          C       0.15      0.15      0.15        40
          G       0.35      0.38      0.36        72
          M       0.25      0.29      0.27       104
          O       0.14      0.14      0.14         7
          P       0.53      0.53      0.53       133
          R       0.44      0.40      0.42       219

avg / total       0.45      0.45      0.45       831

[[148   8  23  22   1  21  33]
 [  5   6   2   7   0   5  15]
 [ 25   1  27   8   0   7   4]
 [ 16   5   7  30   0   3  43]
 [  1   1   0   0   1   2   2]
 [ 22   5   7  13   1  71  14]
 [ 38  14  11  39   4  26  87]]

CRF
Classification_report:
             precision    recall  f1-score   support

          B       0.72      0.81      0.76       256
          C       0.53      0.47      0.50        40
          G       0.62      0.49      0.55        72
          M       0.36      0.28      0.31       104
          O       0.00      0.00      0.00         7
          P       0.73      0.62      0.67       133
          R       0.57      0.67      0.62       219

avg / total       0.61      0.63      0.62       831

CRF 2.0
Classification_report:
             precision    recall  f1-score   support

          B       0.92      0.89      0.90       256
          C       0.43      0.38      0.40        40
          G       0.82      0.78      0.80        72
          M       0.64      0.61      0.62       104
          O       0.00      0.00      0.00         7
          P       0.80      0.77      0.79       133
          R       0.69      0.79      0.74       219

avg / total       0.76      0.77      0.76       831
