SVM RBF
Classification_report:
             precision    recall  f1-score   support

          B       0.37      0.57      0.45        77
          C       0.00      0.00      0.00        20
          G       0.00      0.00      0.00        36
          M       0.00      0.00      0.00        45
          O       0.00      0.00      0.00         6
          P       0.00      0.00      0.00        65
          R       0.40      0.85      0.54       117

avg / total       0.21      0.39      0.27       366

[[44  0  0  0  0  0 33]
 [ 2  0  0  0  0  0 18]
 [15  0  0  0  0  0 21]
 [ 8  0  0  0  0  0 37]
 [ 0  0  0  0  0  0  6]
 [32  0  0  0  0  0 33]
 [18  0  0  0  0  0 99]]

SVM linear
Classification_report:
             precision    recall  f1-score   support

          B       0.53      0.53      0.53        77
          C       0.29      0.20      0.24        20
          G       0.48      0.33      0.39        36
          M       0.31      0.20      0.24        45
          O       1.00      0.17      0.29         6
          P       0.54      0.62      0.58        65
          R       0.51      0.64      0.57       117

avg / total       0.49      0.50      0.48       366

[[41  2  8  3  0  7 16]
 [ 1  4  1  0  0  3 11]
 [16  0 12  0  0  2  6]
 [ 3  0  1  9  0  7 25]
 [ 0  0  0  0  1  3  2]
 [ 8  1  2  3  0 40 11]
 [ 8  7  1 14  0 12 75]]

KNN
Classification_report:
             precision    recall  f1-score   support

          B       0.40      0.62      0.49        77
          C       0.06      0.10      0.08        20
          G       0.28      0.28      0.28        36
          M       0.12      0.07      0.09        45
          O       0.00      0.00      0.00         6
          P       0.47      0.46      0.47        65
          R       0.45      0.35      0.39       117

avg / total       0.36      0.37      0.35       366

[[48  2  8  4  0  7  8]
 [ 2  2  2  3  0  2  9]
 [14  0 10  0  0  7  5]
 [11  5  4  3  0  4 18]
 [ 0  1  2  1  0  1  1]
 [17  2  5  2  0 30  9]
 [28 19  5 11  0 13 41]]

NB
Classification_report:
             precision    recall  f1-score   support

          B       0.45      0.38      0.41        77
          C       0.33      0.20      0.25        20
          G       0.19      0.58      0.29        36
          M       0.33      0.38      0.35        45
          O       0.06      0.17      0.08         6
          P       0.66      0.65      0.65        65
          R       0.32      0.13      0.18       117

avg / total       0.39      0.35      0.35       366

[[29  0 28  4  3  9  4]
 [ 0  4  4  0  2  1  9]
 [11  0 21  2  0  0  2]
 [ 3  3 11 17  2  2  7]
 [ 0  0  0  0  1  0  5]
 [10  0  1  5  2 42  5]
 [11  5 45 23  8 10 15]]

DT
Classification_report:
             precision    recall  f1-score   support

          B       0.43      0.45      0.44        77
          C       0.09      0.10      0.09        20
          G       0.19      0.17      0.18        36
          M       0.11      0.11      0.11        45
          O       0.33      0.17      0.22         6
          P       0.61      0.63      0.62        65
          R       0.42      0.41      0.42       117

avg / total       0.38      0.38      0.38       366

[[35  5  8  7  1  7 14]
 [ 1  2  1  2  0  2 12]
 [12  2  6  4  0  2 10]
 [12  3  3  5  0  2 20]
 [ 0  0  1  0  1  4  0]
 [ 5  3  2  4  1 41  9]
 [17  8 11 24  0  9 48]]

CRF
Classification_report:
             precision    recall  f1-score   support

          B       0.56      0.53      0.55        77
          C       0.41      0.45      0.43        20
          G       0.40      0.28      0.33        36
          M       0.21      0.18      0.19        45
          O       0.00      0.00      0.00         6
          P       0.65      0.55      0.60        65
          R       0.56      0.73      0.63       117

avg / total       0.50      0.52      0.50       366

CRF 2.0
Classification_report:
             precision    recall  f1-score   support

          B       0.73      0.69      0.71        77
          C       0.33      0.25      0.29        20
          G       0.53      0.50      0.51        36
          M       0.52      0.27      0.35        45
          O       0.00      0.00      0.00         6
          P       0.64      0.60      0.62        65
          R       0.55      0.73      0.62       117

avg / total       0.58      0.58      0.57       366


SVM RBF
Classification_report:
             precision    recall  f1-score   support

          B       0.56      0.96      0.70       179
          C       0.00      0.00      0.00        20
          G       0.00      0.00      0.00        36
          M       0.00      0.00      0.00        59
          O       0.00      0.00      0.00         1
          P       0.00      0.00      0.00        68
          R       0.53      0.80      0.64       102

avg / total       0.33      0.55      0.41       465

[[172   0   0   0   0   0   7]
 [  0   0   0   0   0   0  20]
 [ 36   0   0   0   0   0   0]
 [ 19   0   0   0   0   0  40]
 [  1   0   0   0   0   0   0]
 [ 61   0   0   0   0   0   7]
 [ 20   0   0   0   0   0  82]]

SVM linear
Classification_report:
             precision    recall  f1-score   support

          B       0.75      0.87      0.81       179
          C       0.53      0.40      0.46        20
          G       0.52      0.36      0.43        36
          M       0.50      0.41      0.45        59
          O       0.00      0.00      0.00         1
          P       0.69      0.54      0.61        68
          R       0.57      0.66      0.61       102

avg / total       0.64      0.65      0.64       465

[[155   1  11   1   0   6   5]
 [  0   8   0   1   0   2   9]
 [ 23   0  13   0   0   0   0]
 [  3   1   0  24   0   4  27]
 [  1   0   0   0   0   0   0]
 [ 17   1   0   4   0  37   9]
 [  7   4   1  18   0   5  67]]

KNN
Classification_report:
             precision    recall  f1-score   support

          B       0.70      0.84      0.76       179
          C       0.29      0.30      0.29        20
          G       0.42      0.42      0.42        36
          M       0.42      0.36      0.39        59
          O       0.00      0.00      0.00         1
          P       0.70      0.49      0.57        68
          R       0.52      0.48      0.50       102

avg / total       0.58      0.59      0.58       465

[[151   0  12   1   0   7   8]
 [  0   6   0   1   0   0  13]
 [ 17   0  15   0   0   4   0]
 [ 12   2   1  21   0   0  23]
 [  0   0   1   0   0   0   0]
 [ 22   2   5   5   0  33   1]
 [ 15  11   2  22   0   3  49]]

NB
Classification_report:
             precision    recall  f1-score   support

          B       0.57      0.20      0.29       179
          C       0.21      0.15      0.18        20
          G       0.17      0.67      0.28        36
          M       0.26      0.56      0.35        59
          O       0.00      0.00      0.00         1
          P       0.42      0.60      0.49        68
          R       0.26      0.07      0.11       102

avg / total       0.39      0.31      0.28       465

[[35  3 84 31  0 23  3]
 [ 3  3  2  5  0  2  5]
 [ 6  0 24  4  0  0  2]
 [ 2  2  6 33  0 10  6]
 [ 1  0  0  0  0  0  0]
 [ 4  1  3 15  0 41  4]
 [10  5 19 39  0 22  7]]

DT
Classification_report:
             precision    recall  f1-score   support

          B       0.68      0.64      0.66       179
          C       0.08      0.10      0.09        20
          G       0.28      0.39      0.33        36
          M       0.31      0.27      0.29        59
          O       0.00      0.00      0.00         1
          P       0.51      0.41      0.46        68
          R       0.41      0.44      0.43       102

avg / total       0.49      0.47      0.48       465

[[115   0  34   3   2  14  11]
 [  1   2   0   6   0   0  11]
 [ 21   0  14   0   0   0   1]
 [  4  11   0  16   0   3  25]
 [  0   0   0   0   0   0   1]
 [ 20   1   2   1   1  28  15]
 [  9  12   0  26   0  10  45]]

CRF
Classification_report:
             precision    recall  f1-score   support

          B       0.88      0.96      0.92       179
          C       0.70      0.70      0.70        20
          G       0.89      0.67      0.76        36
          M       0.51      0.44      0.47        59
          O       0.00      0.00      0.00         1
          P       0.81      0.74      0.77        68
          R       0.64      0.69      0.66       102

avg / total       0.76      0.77      0.76       465

CRF 2.0
Classification_report:
             precision    recall  f1-score   support

          B       0.99      1.00      1.00       179
          C       0.43      0.30      0.35        20
          G       1.00      1.00      1.00        36
          M       0.95      0.92      0.93        59
          O       0.00      0.00      0.00         1
          P       0.94      0.94      0.94        68
          R       0.83      0.89      0.86       102

avg / total       0.92      0.92      0.92       465


SVM RBF
Classification_report:
             precision    recall  f1-score   support

          B       0.46      0.88      0.60       256
          C       0.00      0.00      0.00        40
          G       0.00      0.00      0.00        72
          M       0.00      0.00      0.00       104
          O       0.00      0.00      0.00         7
          P       0.00      0.00      0.00       133
          R       0.49      0.76      0.59       219

avg / total       0.27      0.47      0.34       831

[[225   0   0   0   0   0  31]
 [  5   0   0   0   0   0  35]
 [ 60   0   0   0   0   0  12]
 [ 40   0   0   0   0   0  64]
 [  4   0   0   0   0   0   3]
 [102   0   0   0   0   0  31]
 [ 52   0   0   0   0   0 167]]

SVM linear
Classification_report:
             precision    recall  f1-score   support

          B       0.65      0.73      0.69       256
          C       0.39      0.28      0.32        40
          G       0.48      0.38      0.42        72
          M       0.37      0.27      0.31       104
          O       0.00      0.00      0.00         7
          P       0.67      0.62      0.64       133
          R       0.51      0.60      0.55       219

avg / total       0.55      0.56      0.55       831

[[188   2  22  10   0  11  23]
 [  4  11   0   2   0   4  19]
 [ 37   1  27   0   0   0   7]
 [ 11   1   3  28   0   8  53]
 [  0   1   0   0   0   4   2]
 [ 20   4   1   5   0  82  21]
 [ 31   8   3  31   0  14 132]]

KNN
Classification_report:
             precision    recall  f1-score   support

          B       0.55      0.72      0.62       256
          C       0.15      0.17      0.16        40
          G       0.35      0.35      0.35        72
          M       0.27      0.19      0.22       104
          O       0.00      0.00      0.00         7
          P       0.62      0.49      0.55       133
          R       0.46      0.41      0.43       219

avg / total       0.46      0.47      0.46       831

[[185   3  26   7   0  11  24]
 [  5   7   2   5   0   4  17]
 [ 37   0  25   2   0   6   2]
 [ 22  10   6  20   0   5  41]
 [  0   1   2   1   0   2   1]
 [ 35   3   5   6   0  65  19]
 [ 55  24   6  33   1  11  89]]

NB
Classification_report:
             precision    recall  f1-score   support

          B       0.49      0.17      0.25       256
          C       0.15      0.33      0.20        40
          G       0.16      0.64      0.26        72
          M       0.28      0.41      0.33       104
          O       0.00      0.00      0.00         7
          P       0.57      0.55      0.56       133
          R       0.33      0.12      0.18       219

avg / total       0.39      0.29      0.29       831

[[ 43  18 122  37   3  24   9]
 [  2  13   8   3   1   4   9]
 [ 14   3  46   4   0   3   2]
 [  8   5  28  43   0   5  15]
 [  1   0   0   0   0   1   5]
 [  7  17   6  16   2  73  12]
 [ 13  32  74  50   6  18  26]]

DT
Classification_report:
             precision    recall  f1-score   support

          B       0.60      0.57      0.59       256
          C       0.17      0.17      0.17        40
          G       0.34      0.29      0.32        72
          M       0.20      0.18      0.19       104
          O       0.00      0.00      0.00         7
          P       0.49      0.52      0.50       133
          R       0.38      0.42      0.40       219

avg / total       0.43      0.43      0.43       831

[[147   6  20  12   1  27  43]
 [  4   7   1   6   1   3  18]
 [ 24   2  21  10   0   7   8]
 [ 16   4   7  19   1  11  46]
 [  0   2   0   0   0   2   3]
 [ 21   3   2   6   3  69  29]
 [ 33  18  10  43   2  22  91]]

CRF
Classification_report:
             precision    recall  f1-score   support

          B       0.71      0.81      0.75       256
          C       0.50      0.45      0.47        40
          G       0.60      0.49      0.54        72
          M       0.36      0.27      0.31       104
          O       0.00      0.00      0.00         7
          P       0.71      0.60      0.65       133
          R       0.57      0.66      0.61       219

avg / total       0.60      0.62      0.61       831

CRF 2.0
Classification_report:
             precision    recall  f1-score   support

          B       0.93      0.87      0.90       256
          C       0.55      0.42      0.48        40
          G       0.82      0.74      0.77        72
          M       0.71      0.67      0.69       104
          O       0.00      0.00      0.00         7
          P       0.85      0.79      0.82       133
          R       0.67      0.84      0.74       219

avg / total       0.79      0.78      0.78       831
