SVM RBF
Classification_report:
             precision    recall  f1-score   support

          B       0.36      0.58      0.45        77
          C       0.00      0.00      0.00        20
          G       0.00      0.00      0.00        36
          M       0.00      0.00      0.00        45
          O       0.00      0.00      0.00         6
          P       0.00      0.00      0.00        65
          R       0.41      0.84      0.55       117

avg / total       0.21      0.39      0.27       366

[[45  0  0  0  0  0 32]
 [ 2  0  0  0  0  0 18]
 [16  0  0  0  0  0 20]
 [11  0  0  0  0  0 34]
 [ 0  0  0  0  0  0  6]
 [32  0  0  0  0  0 33]
 [19  0  0  0  0  0 98]]

SVM linear
Classification_report:
             precision    recall  f1-score   support

          B       0.55      0.58      0.57        77
          C       0.20      0.05      0.08        20
          G       0.48      0.33      0.39        36
          M       0.24      0.13      0.17        45
          O       1.00      0.17      0.29         6
          P       0.55      0.63      0.59        65
          R       0.50      0.65      0.56       117

avg / total       0.48      0.50      0.47       366

[[45  0  7  2  0  7 16]
 [ 2  1  0  0  0  3 14]
 [14  0 12  0  0  2  8]
 [ 3  0  2  6  0  8 26]
 [ 0  0  0  0  1  3  2]
 [ 7  0  2  4  0 41 11]
 [11  4  2 13  0 11 76]]

KNN
Classification_report:
             precision    recall  f1-score   support

          B       0.40      0.58      0.48        77
          C       0.03      0.05      0.04        20
          G       0.21      0.22      0.22        36
          M       0.15      0.09      0.11        45
          O       0.00      0.00      0.00         6
          P       0.49      0.48      0.48        65
          R       0.43      0.35      0.38       117

avg / total       0.35      0.36      0.35       366

[[45  1 10  5  0  7  9]
 [ 1  1  2  3  0  2 11]
 [14  0  8  0  0  8  6]
 [11  5  4  4  0  3 18]
 [ 0  1  2  1  0  1  1]
 [15  2  4  3  0 31 10]
 [26 20  8 11  0 11 41]]

NB
Classification_report:
             precision    recall  f1-score   support

          B       0.47      0.36      0.41        77
          C       0.33      0.20      0.25        20
          G       0.18      0.61      0.27        36
          M       0.35      0.33      0.34        45
          O       0.06      0.17      0.08         6
          P       0.67      0.65      0.66        65
          R       0.33      0.13      0.18       117

avg / total       0.40      0.35      0.35       366

[[28  0 31  2  3  9  4]
 [ 0  4  4  0  2  1  9]
 [ 9  0 22  3  0  0  2]
 [ 2  3 14 15  2  2  7]
 [ 0  0  0  0  1  0  5]
 [10  0  2  5  2 42  4]
 [11  5 51 18  8  9 15]]

DT
Classification_report:
             precision    recall  f1-score   support

          B       0.38      0.35      0.36        77
          C       0.18      0.25      0.21        20
          G       0.21      0.25      0.23        36
          M       0.12      0.11      0.11        45
          O       0.29      0.33      0.31         6
          P       0.67      0.68      0.67        65
          R       0.47      0.44      0.45       117

avg / total       0.40      0.39      0.39       366

[[27  4 17 10  0  5 14]
 [ 0  5  1  6  0  1  7]
 [12  6  9  0  0  2  7]
 [12  7  3  5  0  1 17]
 [ 0  0  0  0  2  3  1]
 [ 2  0  2  3  3 44 11]
 [19  6 10 19  2 10 51]]

CRF
Classification_report:
             precision    recall  f1-score   support

          B       0.54      0.57      0.55        77
          C       0.43      0.45      0.44        20
          G       0.35      0.31      0.33        36
          M       0.19      0.13      0.16        45
          O       0.00      0.00      0.00         6
          P       0.60      0.52      0.56        65
          R       0.57      0.70      0.63       117

avg / total       0.48      0.51      0.49       366

CRF 2.0
Classification_report:
             precision    recall  f1-score   support

          B       0.75      0.68      0.71        77
          C       0.31      0.25      0.28        20
          G       0.57      0.47      0.52        36
          M       0.41      0.33      0.37        45
          O       0.00      0.00      0.00         6
          P       0.67      0.63      0.65        65
          R       0.53      0.68      0.60       117

avg / total       0.57      0.57      0.57       366


SVM RBF
Classification_report:
             precision    recall  f1-score   support

          B       0.57      0.96      0.72       179
          C       0.00      0.00      0.00        20
          G       0.00      0.00      0.00        36
          M       0.00      0.00      0.00        59
          O       0.00      0.00      0.00         1
          P       0.00      0.00      0.00        68
          R       0.52      0.83      0.64       102

avg / total       0.33      0.55      0.42       465

[[172   0   0   0   0   0   7]
 [  0   0   0   0   0   0  20]
 [ 36   0   0   0   0   0   0]
 [ 16   0   0   0   0   0  43]
 [  1   0   0   0   0   0   0]
 [ 60   0   0   0   0   0   8]
 [ 17   0   0   0   0   0  85]]

SVM linear
Classification_report:
             precision    recall  f1-score   support

          B       0.74      0.85      0.79       179
          C       0.50      0.30      0.37        20
          G       0.54      0.36      0.43        36
          M       0.39      0.37      0.38        59
          O       0.00      0.00      0.00         1
          P       0.63      0.56      0.59        68
          R       0.49      0.52      0.50       102

avg / total       0.60      0.61      0.60       465

[[152   1  11   1   0   8   6]
 [  0   6   0   1   0   2  11]
 [ 23   0  13   0   0   0   0]
 [  5   0   0  22   0   3  29]
 [  0   0   0   0   0   1   0]
 [ 16   1   0   4   0  38   9]
 [  9   4   0  28   0   8  53]]

KNN
Classification_report:
             precision    recall  f1-score   support

          B       0.69      0.84      0.76       179
          C       0.26      0.25      0.26        20
          G       0.41      0.39      0.40        36
          M       0.43      0.41      0.42        59
          O       0.00      0.00      0.00         1
          P       0.74      0.50      0.60        68
          R       0.52      0.48      0.50       102

avg / total       0.59      0.59      0.58       465

[[150   0  13   1   0   6   9]
 [  0   5   0   2   0   0  13]
 [ 19   0  14   0   0   3   0]
 [ 12   1   1  24   0   0  21]
 [  0   0   1   0   0   0   0]
 [ 20   2   3   7   0  34   2]
 [ 15  11   2  22   0   3  49]]

NB
Classification_report:
             precision    recall  f1-score   support

          B       0.55      0.18      0.28       179
          C       0.21      0.15      0.18        20
          G       0.17      0.67      0.27        36
          M       0.26      0.56      0.35        59
          O       0.00      0.00      0.00         1
          P       0.42      0.59      0.49        68
          R       0.23      0.06      0.09       102

avg / total       0.38      0.30      0.27       465

[[33  3 85 31  0 24  3]
 [ 3  3  2  5  0  2  5]
 [ 6  0 24  4  0  0  2]
 [ 2  2  6 33  0 10  6]
 [ 1  0  0  0  0  0  0]
 [ 4  1  3 16  0 40  4]
 [11  5 20 40  0 20  6]]

DT
Classification_report:
             precision    recall  f1-score   support

          B       0.71      0.71      0.71       179
          C       0.06      0.05      0.06        20
          G       0.39      0.47      0.42        36
          M       0.36      0.34      0.35        59
          O       0.00      0.00      0.00         1
          P       0.58      0.47      0.52        68
          R       0.46      0.51      0.48       102

avg / total       0.54      0.54      0.53       465

[[127   1  24   4   1  10  12]
 [  1   1   0   4   0   1  13]
 [ 19   0  17   0   0   0   0]
 [  4   4   0  20   0   6  25]
 [  0   0   1   0   0   0   0]
 [ 16   2   1   6   0  32  11]
 [ 13   8   1  22   0   6  52]]

CRF
Classification_report:
             precision    recall  f1-score   support

          B       0.86      0.96      0.91       179
          C       0.78      0.70      0.74        20
          G       0.81      0.58      0.68        36
          M       0.51      0.41      0.45        59
          O       0.00      0.00      0.00         1
          P       0.81      0.75      0.78        68
          R       0.63      0.70      0.66       102

avg / total       0.75      0.76      0.75       465

CRF 2.0
Classification_report:
             precision    recall  f1-score   support

          B       0.99      1.00      1.00       179
          C       0.60      0.45      0.51        20
          G       1.00      1.00      1.00        36
          M       0.95      0.92      0.93        59
          O       0.00      0.00      0.00         1
          P       0.94      0.94      0.94        68
          R       0.84      0.90      0.87       102

avg / total       0.93      0.93      0.93       465


SVM RBF
Classification_report:
             precision    recall  f1-score   support

          B       0.47      0.88      0.61       256
          C       0.00      0.00      0.00        40
          G       0.00      0.00      0.00        72
          M       0.00      0.00      0.00       104
          O       0.00      0.00      0.00         7
          P       0.00      0.00      0.00       133
          R       0.48      0.78      0.60       219

avg / total       0.27      0.48      0.35       831

[[225   0   0   0   0   0  31]
 [  5   0   0   0   0   0  35]
 [ 60   0   0   0   0   0  12]
 [ 37   0   0   0   0   0  67]
 [  4   0   0   0   0   0   3]
 [100   0   0   0   0   0  33]
 [ 49   0   0   0   0   0 170]]

SVM linear
Classification_report:
             precision    recall  f1-score   support

          B       0.63      0.72      0.67       256
          C       0.38      0.20      0.26        40
          G       0.44      0.33      0.38        72
          M       0.28      0.20      0.23       104
          O       0.00      0.00      0.00         7
          P       0.68      0.62      0.65       133
          R       0.46      0.56      0.51       219

avg / total       0.52      0.53      0.52       831

[[185   0  21  10   0  12  28]
 [  6   8   0   1   0   3  22]
 [ 39   0  24   0   0   0   9]
 [ 16   1   2  21   0   6  58]
 [  0   1   0   0   0   3   3]
 [ 20   3   3   3   0  82  22]
 [ 28   8   4  41   0  15 123]]

KNN
Classification_report:
             precision    recall  f1-score   support

          B       0.55      0.72      0.62       256
          C       0.11      0.12      0.12        40
          G       0.37      0.36      0.36        72
          M       0.29      0.22      0.25       104
          O       0.00      0.00      0.00         7
          P       0.63      0.50      0.55       133
          R       0.45      0.40      0.43       219

avg / total       0.46      0.47      0.46       831

[[184   3  26   7   0  11  25]
 [  4   5   2   5   0   5  19]
 [ 35   0  26   3   0   6   2]
 [ 21  10   5  23   0   5  40]
 [  0   1   2   1   0   2   1]
 [ 36   4   3   5   0  66  19]
 [ 56  22   7  35   1  10  88]]

NB
Classification_report:
             precision    recall  f1-score   support

          B       0.49      0.17      0.25       256
          C       0.13      0.33      0.19        40
          G       0.16      0.64      0.25        72
          M       0.27      0.38      0.31       104
          O       0.00      0.00      0.00         7
          P       0.58      0.50      0.54       133
          R       0.32      0.11      0.17       219

avg / total       0.38      0.28      0.28       831

[[ 43  22 123  36   3  20   9]
 [  2  13   9   2   1   4   9]
 [ 14   3  46   4   0   3   2]
 [  8   6  30  40   0   5  15]
 [  1   0   0   0   0   1   5]
 [  8  22   6  16   2  66  13]
 [ 12  34  75  52   7  14  25]]

DT
Classification_report:
             precision    recall  f1-score   support

          B       0.63      0.58      0.60       256
          C       0.09      0.10      0.10        40
          G       0.30      0.32      0.31        72
          M       0.21      0.22      0.22       104
          O       0.10      0.14      0.12         7
          P       0.63      0.59      0.61       133
          R       0.39      0.42      0.40       219

avg / total       0.46      0.44      0.45       831

[[148   3  26  16   2  18  43]
 [  2   4   0   7   1   3  23]
 [ 22   3  23   7   1   3  13]
 [ 17   7   8  23   2   3  44]
 [  0   0   1   0   1   4   1]
 [ 18   5   3   6   2  78  21]
 [ 27  21  15  49   1  14  92]]

CRF
Classification_report:
             precision    recall  f1-score   support

          B       0.73      0.80      0.76       256
          C       0.47      0.42      0.45        40
          G       0.60      0.47      0.53        72
          M       0.33      0.27      0.30       104
          O       0.00      0.00      0.00         7
          P       0.72      0.62      0.67       133
          R       0.57      0.67      0.61       219

avg / total       0.60      0.62      0.61       831

CRF 2.0
Classification_report:
             precision    recall  f1-score   support

          B       0.93      0.87      0.90       256
          C       0.45      0.35      0.39        40
          G       0.80      0.74      0.77        72
          M       0.67      0.67      0.67       104
          O       0.00      0.00      0.00         7
          P       0.83      0.79      0.81       133
          R       0.68      0.82      0.74       219

avg / total       0.77      0.77      0.77       831
