SVM RBF
Classification_report:
             precision    recall  f1-score   support

          B       0.36      0.58      0.45        77
          C       0.00      0.00      0.00        20
          G       0.00      0.00      0.00        36
          M       0.00      0.00      0.00        45
          O       0.00      0.00      0.00         6
          P       0.00      0.00      0.00        65
          R       0.41      0.84      0.55       117

avg / total       0.21      0.39      0.27       366

[[45  0  0  0  0  0 32]
 [ 2  0  0  0  0  0 18]
 [16  0  0  0  0  0 20]
 [11  0  0  0  0  0 34]
 [ 0  0  0  0  0  0  6]
 [32  0  0  0  0  0 33]
 [19  0  0  0  0  0 98]]

SVM linear
Classification_report:
             precision    recall  f1-score   support

          B       0.54      0.61      0.57        77
          C       1.00      0.05      0.10        20
          G       0.53      0.25      0.34        36
          M       0.33      0.11      0.17        45
          O       0.00      0.00      0.00         6
          P       0.59      0.52      0.55        65
          R       0.48      0.77      0.59       117

avg / total       0.52      0.51      0.47       366

[[47  0  3  1  0  6 20]
 [ 3  1  0  0  0  1 15]
 [16  0  9  0  0  1 10]
 [ 3  0  1  5  0  6 30]
 [ 0  0  0  1  0  1  4]
 [10  0  2  0  0 34 19]
 [ 8  0  2  8  0  9 90]]

KNN
Classification_report:
             precision    recall  f1-score   support

          B       0.42      0.60      0.49        77
          C       0.04      0.05      0.04        20
          G       0.25      0.28      0.26        36
          M       0.14      0.11      0.12        45
          O       0.00      0.00      0.00         6
          P       0.50      0.46      0.48        65
          R       0.44      0.35      0.39       117

avg / total       0.36      0.36      0.36       366

[[46  1  7  8  0  8  7]
 [ 1  1  2  3  0  2 11]
 [16  0 10  2  0  4  4]
 [ 8  6  5  5  0  3 18]
 [ 1  0  1  2  0  1  1]
 [13  2  6  3  0 30 11]
 [25 18  9 12  0 12 41]]

NB
Classification_report:
             precision    recall  f1-score   support

          B       0.47      0.36      0.41        77
          C       0.33      0.20      0.25        20
          G       0.18      0.61      0.27        36
          M       0.35      0.36      0.35        45
          O       0.06      0.17      0.08         6
          P       0.66      0.62      0.63        65
          R       0.33      0.13      0.18       117

avg / total       0.40      0.34      0.34       366

[[28  0 31  2  3  9  4]
 [ 0  4  4  0  2  1  9]
 [ 9  0 22  3  0  0  2]
 [ 2  3 13 16  2  2  7]
 [ 0  0  0  0  1  0  5]
 [10  0  3  6  2 40  4]
 [10  5 51 19  8  9 15]]

DT
Classification_report:
             precision    recall  f1-score   support

          B       0.52      0.44      0.48        77
          C       0.06      0.05      0.05        20
          G       0.25      0.22      0.24        36
          M       0.15      0.20      0.17        45
          O       0.20      0.17      0.18         6
          P       0.68      0.65      0.66        65
          R       0.34      0.37      0.36       117

avg / total       0.39      0.38      0.38       366

[[34  4  8  9  0  2 20]
 [ 2  1  1  5  0  1 10]
 [ 5  4  8  2  0  1 16]
 [ 2  2  5  9  1  1 25]
 [ 0  0  0  1  1  3  1]
 [ 5  1  1  5  1 42 10]
 [17  6  9 28  2 12 43]]

CRF
Classification_report:
             precision    recall  f1-score   support

          B       0.54      0.57      0.55        77
          C       0.43      0.45      0.44        20
          G       0.37      0.31      0.33        36
          M       0.18      0.13      0.15        45
          O       0.00      0.00      0.00         6
          P       0.60      0.52      0.56        65
          R       0.57      0.69      0.63       117

avg / total       0.48      0.51      0.49       366

CRF 2.0
Classification_report:
             precision    recall  f1-score   support

          B       0.77      0.65      0.70        77
          C       0.31      0.25      0.28        20
          G       0.63      0.47      0.54        36
          M       0.29      0.27      0.28        45
          O       0.00      0.00      0.00         6
          P       0.67      0.60      0.63        65
          R       0.52      0.68      0.59       117

avg / total       0.56      0.55      0.55       366


SVM RBF
Classification_report:
             precision    recall  f1-score   support

          B       0.57      0.96      0.71       179
          C       0.00      0.00      0.00        20
          G       0.00      0.00      0.00        36
          M       0.00      0.00      0.00        59
          O       0.00      0.00      0.00         1
          P       0.00      0.00      0.00        68
          R       0.52      0.83      0.64       102

avg / total       0.33      0.55      0.42       465

[[172   0   0   0   0   0   7]
 [  0   0   0   0   0   0  20]
 [ 36   0   0   0   0   0   0]
 [ 16   0   0   0   0   0  43]
 [  1   0   0   0   0   0   0]
 [ 61   0   0   0   0   0   7]
 [ 17   0   0   0   0   0  85]]

SVM linear
Classification_report:
             precision    recall  f1-score   support

          B       0.74      0.90      0.81       179
          C       0.33      0.15      0.21        20
          G       0.53      0.22      0.31        36
          M       0.47      0.32      0.38        59
          O       0.00      0.00      0.00         1
          P       0.77      0.53      0.63        68
          R       0.51      0.68      0.58       102

avg / total       0.62      0.64      0.61       465

[[161   1   6   1   0   4   6]
 [  0   3   0   1   0   0  16]
 [ 28   0   8   0   0   0   0]
 [  3   0   0  19   0   1  36]
 [  0   0   0   0   0   1   0]
 [ 18   1   1   3   0  36   9]
 [  8   4   0  16   0   5  69]]

KNN
Classification_report:
             precision    recall  f1-score   support

          B       0.67      0.81      0.73       179
          C       0.24      0.20      0.22        20
          G       0.33      0.33      0.33        36
          M       0.41      0.34      0.37        59
          O       0.00      0.00      0.00         1
          P       0.67      0.50      0.57        68
          R       0.52      0.48      0.50       102

avg / total       0.56      0.57      0.56       465

[[145   0  16   1   0   9   8]
 [  1   4   0   2   0   0  13]
 [ 19   0  12   0   0   5   0]
 [ 12   2   1  20   0   0  24]
 [  0   0   1   0   0   0   0]
 [ 20   2   6   5   0  34   1]
 [ 20   9   0  21   0   3  49]]

NB
Classification_report:
             precision    recall  f1-score   support

          B       0.54      0.18      0.28       179
          C       0.21      0.15      0.18        20
          G       0.17      0.67      0.27        36
          M       0.25      0.54      0.35        59
          O       0.00      0.00      0.00         1
          P       0.42      0.60      0.49        68
          R       0.23      0.06      0.09       102

avg / total       0.37      0.30      0.27       465

[[33  3 85 30  0 25  3]
 [ 3  3  2  5  0  2  5]
 [ 6  0 24  4  0  0  2]
 [ 3  2  6 32  0 10  6]
 [ 1  0  0  0  0  0  0]
 [ 4  1  3 15  0 41  4]
 [11  5 20 40  0 20  6]]

DT
Classification_report:
             precision    recall  f1-score   support

          B       0.70      0.72      0.71       179
          C       0.16      0.15      0.15        20
          G       0.37      0.39      0.38        36
          M       0.37      0.31      0.33        59
          O       0.00      0.00      0.00         1
          P       0.59      0.53      0.56        68
          R       0.50      0.55      0.52       102

avg / total       0.55      0.55      0.55       465

[[128   1  21   2   2  13  12]
 [  2   3   0   4   0   2   9]
 [ 21   0  14   0   1   0   0]
 [  6   7   2  18   0   1  25]
 [  0   0   0   1   0   0   0]
 [ 15   1   1   4   0  36  11]
 [ 10   7   0  20   0   9  56]]

CRF
Classification_report:
             precision    recall  f1-score   support

          B       0.87      0.97      0.92       179
          C       0.75      0.75      0.75        20
          G       0.81      0.61      0.70        36
          M       0.53      0.42      0.47        59
          O       0.00      0.00      0.00         1
          P       0.85      0.74      0.79        68
          R       0.64      0.71      0.67       102

avg / total       0.76      0.77      0.76       465

CRF 2.0
Classification_report:
             precision    recall  f1-score   support

          B       0.99      1.00      1.00       179
          C       0.43      0.30      0.35        20
          G       1.00      1.00      1.00        36
          M       0.95      0.92      0.93        59
          O       0.00      0.00      0.00         1
          P       0.94      0.94      0.94        68
          R       0.83      0.89      0.86       102

avg / total       0.92      0.92      0.92       465


SVM RBF
Classification_report:
             precision    recall  f1-score   support

          B       0.47      0.88      0.61       256
          C       0.00      0.00      0.00        40
          G       0.00      0.00      0.00        72
          M       0.00      0.00      0.00       104
          O       0.00      0.00      0.00         7
          P       0.00      0.00      0.00       133
          R       0.48      0.77      0.59       219

avg / total       0.27      0.47      0.34       831

[[224   0   0   0   0   0  32]
 [  5   0   0   0   0   0  35]
 [ 60   0   0   0   0   0  12]
 [ 36   0   0   0   0   0  68]
 [  4   0   0   0   0   0   3]
 [101   0   0   0   0   0  32]
 [ 51   0   0   0   0   0 168]]

SVM linear
Classification_report:
             precision    recall  f1-score   support

          B       0.62      0.77      0.68       256
          C       0.55      0.15      0.24        40
          G       0.43      0.22      0.29        72
          M       0.41      0.16      0.23       104
          O       0.00      0.00      0.00         7
          P       0.66      0.58      0.62       133
          R       0.47      0.67      0.55       219

avg / total       0.54      0.55      0.52       831

[[196   0  18   3   0   8  31]
 [  3   6   0   1   0   2  28]
 [ 47   0  16   0   0   0   9]
 [ 12   0   1  17   0   9  65]
 [  0   0   0   0   0   5   2]
 [ 25   1   0   3   0  77  27]
 [ 35   4   2  17   0  15 146]]

KNN
Classification_report:
             precision    recall  f1-score   support

          B       0.56      0.73      0.63       256
          C       0.17      0.17      0.17        40
          G       0.36      0.35      0.35        72
          M       0.29      0.23      0.26       104
          O       0.00      0.00      0.00         7
          P       0.65      0.50      0.56       133
          R       0.45      0.41      0.43       219

avg / total       0.47      0.48      0.47       831

[[187   2  25   7   0  11  24]
 [  5   7   1   5   0   2  20]
 [ 35   0  25   5   0   5   2]
 [ 19   6   6  24   0   6  43]
 [  0   1   2   1   0   2   1]
 [ 29   5   3   9   0  66  21]
 [ 58  20   8  33   1   9  90]]

NB
Classification_report:
             precision    recall  f1-score   support

          B       0.49      0.17      0.25       256
          C       0.13      0.33      0.19        40
          G       0.16      0.64      0.25        72
          M       0.28      0.39      0.33       104
          O       0.00      0.00      0.00         7
          P       0.57      0.50      0.54       133
          R       0.32      0.11      0.17       219

avg / total       0.38      0.28      0.28       831

[[ 43  22 125  34   3  20   9]
 [  2  13   9   2   1   4   9]
 [ 14   3  46   4   0   3   2]
 [  8   6  29  41   0   5  15]
 [  1   0   0   0   0   1   5]
 [  8  22   6  16   2  67  12]
 [ 12  32  77  49   7  17  25]]

DT
Classification_report:
             precision    recall  f1-score   support

          B       0.64      0.65      0.64       256
          C       0.18      0.17      0.18        40
          G       0.34      0.39      0.36        72
          M       0.21      0.18      0.20       104
          O       0.00      0.00      0.00         7
          P       0.57      0.58      0.58       133
          R       0.44      0.44      0.44       219

avg / total       0.47      0.47      0.47       831

[[167   5  24  13   0  17  30]
 [  4   7   1   3   0   5  20]
 [ 25   4  28   4   0   2   9]
 [ 17   5   8  19   2   8  45]
 [  0   0   1   0   0   3   3]
 [ 22   3   3  10   2  77  16]
 [ 27  14  18  41   1  22  96]]

CRF
Classification_report:
             precision    recall  f1-score   support

          B       0.72      0.81      0.76       256
          C       0.53      0.47      0.50        40
          G       0.62      0.49      0.55        72
          M       0.36      0.28      0.32       104
          O       0.00      0.00      0.00         7
          P       0.73      0.62      0.67       133
          R       0.57      0.68      0.62       219

avg / total       0.61      0.63      0.62       831

CRF 2.0
Classification_report:
             precision    recall  f1-score   support

          B       0.93      0.87      0.90       256
          C       0.60      0.45      0.51        40
          G       0.82      0.74      0.77        72
          M       0.68      0.68      0.68       104
          O       0.00      0.00      0.00         7
          P       0.86      0.78      0.82       133
          R       0.68      0.82      0.74       219

avg / total       0.79      0.78      0.78       831
