SVM RBF
Classification_report:
             precision    recall  f1-score   support

          B       0.39      0.49      0.44        77
          C       0.00      0.00      0.00        20
          G       0.00      0.00      0.00        36
          M       0.00      0.00      0.00        45
          O       0.00      0.00      0.00         6
          P       0.00      0.00      0.00        65
          R       0.38      0.86      0.52       117

avg / total       0.20      0.38      0.26       366

[[ 38   0   0   0   0   0  39]
 [  2   0   0   0   0   0  18]
 [ 11   0   0   0   0   0  25]
 [  5   0   0   0   0   0  40]
 [  0   0   0   0   0   0   6]
 [ 25   0   0   0   0   0  40]
 [ 16   0   0   0   0   0 101]]

SVM linear
Classification_report:
             precision    recall  f1-score   support

          B       0.50      0.57      0.53        77
          C       0.50      0.05      0.09        20
          G       0.47      0.25      0.33        36
          M       0.41      0.16      0.23        45
          O       1.00      0.17      0.29         6
          P       0.58      0.63      0.60        65
          R       0.51      0.73      0.60       117

avg / total       0.51      0.51      0.48       366

[[44  0  6  1  0  7 19]
 [ 2  1  1  0  0  1 15]
 [18  0  9  0  0  1  8]
 [ 4  0  2  7  0  7 25]
 [ 0  0  0  1  1  2  2]
 [ 8  0  1  1  0 41 14]
 [12  1  0  7  0 12 85]]

KNN
Classification_report:
             precision    recall  f1-score   support

          B       0.39      0.58      0.47        77
          C       0.07      0.10      0.08        20
          G       0.23      0.25      0.24        36
          M       0.19      0.13      0.16        45
          O       0.00      0.00      0.00         6
          P       0.51      0.49      0.50        65
          R       0.48      0.37      0.42       117

avg / total       0.38      0.37      0.37       366

[[45  1  8  9  0  7  7]
 [ 1  2  2  3  0  2 10]
 [16  0  9  2  0  5  4]
 [11  5  4  6  0  3 16]
 [ 1  0  1  1  0  1  2]
 [15  2  7  1  0 32  8]
 [25 18  9  9  0 13 43]]

NB
Classification_report:
             precision    recall  f1-score   support

          B       0.44      0.42      0.43        77
          C       0.36      0.20      0.26        20
          G       0.22      0.56      0.31        36
          M       0.31      0.42      0.36        45
          O       0.06      0.17      0.08         6
          P       0.65      0.62      0.63        65
          R       0.35      0.15      0.20       117

avg / total       0.40      0.36      0.36       366

[[32  0 25  4  3  9  4]
 [ 0  4  4  0  2  1  9]
 [12  0 20  2  0  0  2]
 [ 4  3  8 19  2  2  7]
 [ 0  0  0  0  1  0  5]
 [11  0  1  6  2 40  5]
 [14  4 33 31  8 10 17]]

DT
Classification_report:
             precision    recall  f1-score   support

          B       0.37      0.36      0.37        77
          C       0.08      0.05      0.06        20
          G       0.19      0.17      0.18        36
          M       0.30      0.36      0.33        45
          O       0.00      0.00      0.00         6
          P       0.56      0.62      0.58        65
          R       0.42      0.42      0.42       117

avg / total       0.37      0.38      0.38       366

[[28  2  8  9  0  7 23]
 [ 1  1  1  4  0  3 10]
 [12  1  6  6  0  2  9]
 [ 9  2  4 16  0  1 13]
 [ 1  0  0  0  0  3  2]
 [ 5  3  1  2  2 40 12]
 [20  4 11 16  1 16 49]]

CRF
Classification_report:
             precision    recall  f1-score   support

          B       0.53      0.56      0.54        77
          C       0.37      0.35      0.36        20
          G       0.39      0.31      0.34        36
          M       0.15      0.11      0.13        45
          O       0.00      0.00      0.00         6
          P       0.60      0.52      0.56        65
          R       0.56      0.71      0.63       117

avg / total       0.47      0.50      0.48       366

CRF 2.0
Classification_report:
             precision    recall  f1-score   support

          B       0.75      0.65      0.69        77
          C       0.36      0.25      0.29        20
          G       0.55      0.47      0.51        36
          M       0.39      0.31      0.35        45
          O       0.00      0.00      0.00         6
          P       0.64      0.58      0.61        65
          R       0.53      0.70      0.61       117

avg / total       0.56      0.56      0.56       366


SVM RBF
Classification_report:
             precision    recall  f1-score   support

          B       0.52      0.96      0.67       179
          C       0.00      0.00      0.00        20
          G       0.00      0.00      0.00        36
          M       0.00      0.00      0.00        59
          O       0.00      0.00      0.00         1
          P       0.00      0.00      0.00        68
          R       0.53      0.70      0.60       102

avg / total       0.32      0.52      0.39       465

[[172   0   0   0   0   0   7]
 [  2   0   0   0   0   0  18]
 [ 36   0   0   0   0   0   0]
 [ 28   0   0   0   0   0  31]
 [  1   0   0   0   0   0   0]
 [ 61   0   0   0   0   0   7]
 [ 31   0   0   0   0   0  71]]

SVM linear
Classification_report:
             precision    recall  f1-score   support

          B       0.76      0.92      0.83       179
          C       0.27      0.15      0.19        20
          G       0.54      0.19      0.29        36
          M       0.43      0.39      0.41        59
          O       0.00      0.00      0.00         1
          P       0.78      0.57      0.66        68
          R       0.51      0.61      0.56       102

avg / total       0.63      0.64      0.62       465

[[164   1   6   2   0   2   4]
 [  0   3   0   1   0   2  14]
 [ 28   0   7   1   0   0   0]
 [  4   0   0  23   0   1  31]
 [  0   0   0   0   0   1   0]
 [ 14   2   0   3   0  39  10]
 [  6   5   0  24   0   5  62]]

KNN
Classification_report:
             precision    recall  f1-score   support

          B       0.68      0.84      0.75       179
          C       0.25      0.25      0.25        20
          G       0.38      0.33      0.35        36
          M       0.38      0.31      0.34        59
          O       0.00      0.00      0.00         1
          P       0.68      0.47      0.56        68
          R       0.50      0.47      0.48       102

avg / total       0.56      0.57      0.56       465

[[150   0  13   2   0   7   7]
 [  0   5   0   2   0   0  13]
 [ 19   0  12   0   0   5   0]
 [ 12   2   1  18   0   0  26]
 [  0   0   1   0   0   0   0]
 [ 22   2   4   6   0  32   2]
 [ 19  11   1  20   0   3  48]]

NB
Classification_report:
             precision    recall  f1-score   support

          B       0.56      0.21      0.30       179
          C       0.21      0.15      0.18        20
          G       0.18      0.67      0.28        36
          M       0.26      0.54      0.35        59
          O       0.00      0.00      0.00         1
          P       0.41      0.60      0.49        68
          R       0.22      0.06      0.09       102

avg / total       0.38      0.31      0.28       465

[[37  3 81 28  0 27  3]
 [ 3  3  2  5  0  2  5]
 [ 6  0 24  4  0  0  2]
 [ 3  2  5 32  0 10  7]
 [ 1  0  0  0  0  0  0]
 [ 4  1  3 15  0 41  4]
 [12  5 19 39  0 21  6]]

DT
Classification_report:
             precision    recall  f1-score   support

          B       0.66      0.67      0.66       179
          C       0.00      0.00      0.00        20
          G       0.21      0.19      0.20        36
          M       0.28      0.25      0.27        59
          O       0.00      0.00      0.00         1
          P       0.45      0.44      0.44        68
          R       0.35      0.36      0.36       102

avg / total       0.45      0.45      0.45       465

[[120   2  23   3   0  21  10]
 [  1   0   0   4   0   2  13]
 [ 28   0   7   0   0   0   1]
 [  6   5   0  15   0   1  32]
 [  0   0   0   0   0   0   1]
 [ 20   0   3   3   0  30  12]
 [  8  14   1  28   1  13  37]]

CRF
Classification_report:
             precision    recall  f1-score   support

          B       0.86      0.97      0.91       179
          C       0.68      0.65      0.67        20
          G       0.85      0.61      0.71        36
          M       0.55      0.41      0.47        59
          O       0.00      0.00      0.00         1
          P       0.83      0.74      0.78        68
          R       0.61      0.69      0.65       102

avg / total       0.75      0.76      0.75       465

CRF 2.0
Classification_report:
             precision    recall  f1-score   support

          B       0.99      1.00      1.00       179
          C       0.50      0.35      0.41        20
          G       1.00      1.00      1.00        36
          M       0.95      0.92      0.93        59
          O       0.00      0.00      0.00         1
          P       0.94      0.93      0.93        68
          R       0.83      0.90      0.86       102

avg / total       0.92      0.93      0.92       465


SVM RBF
Classification_report:
             precision    recall  f1-score   support

          B       0.45      0.88      0.60       256
          C       0.00      0.00      0.00        40
          G       0.00      0.00      0.00        72
          M       0.00      0.00      0.00       104
          O       0.00      0.00      0.00         7
          P       0.00      0.00      0.00       133
          R       0.49      0.75      0.59       219

avg / total       0.27      0.47      0.34       831

[[224   0   0   0   0   0  32]
 [  5   0   0   0   0   0  35]
 [ 60   0   0   0   0   0  12]
 [ 44   0   0   0   0   0  60]
 [  4   0   0   0   0   0   3]
 [102   0   0   0   0   0  31]
 [ 55   0   0   0   0   0 164]]

SVM linear
Classification_report:
             precision    recall  f1-score   support

          B       0.63      0.76      0.69       256
          C       0.50      0.15      0.23        40
          G       0.52      0.32      0.40        72
          M       0.32      0.19      0.24       104
          O       0.00      0.00      0.00         7
          P       0.73      0.63      0.68       133
          R       0.50      0.67      0.57       219

avg / total       0.55      0.57      0.55       831

[[194   0  18   9   0   7  28]
 [  4   6   0   2   0   2  26]
 [ 39   0  23   0   0   0  10]
 [ 16   0   2  20   0   7  59]
 [  0   0   0   1   0   3   3]
 [ 23   1   0   7   0  84  18]
 [ 31   5   1  24   0  12 146]]

KNN
Classification_report:
             precision    recall  f1-score   support

          B       0.54      0.70      0.61       256
          C       0.17      0.17      0.17        40
          G       0.32      0.38      0.35        72
          M       0.30      0.23      0.26       104
          O       0.00      0.00      0.00         7
          P       0.65      0.46      0.54       133
          R       0.44      0.40      0.42       219

avg / total       0.46      0.47      0.46       831

[[180   2  30   8   0  12  24]
 [  3   7   2   5   0   3  20]
 [ 39   0  27   1   0   3   2]
 [ 20   5   6  24   0   5  44]
 [  0   1   2   1   0   2   1]
 [ 32   5   8   7   0  61  20]
 [ 59  21   9  33   1   8  88]]

NB
Classification_report:
             precision    recall  f1-score   support

          B       0.49      0.18      0.26       256
          C       0.17      0.33      0.22        40
          G       0.17      0.64      0.27        72
          M       0.28      0.47      0.35       104
          O       0.00      0.00      0.00         7
          P       0.57      0.54      0.56       133
          R       0.34      0.12      0.18       219

avg / total       0.39      0.30      0.29       831

[[ 45  16 118  40   3  25   9]
 [  2  13   8   3   0   4  10]
 [ 14   3  46   4   0   3   2]
 [  8   4  23  49   0   5  15]
 [  1   0   0   0   0   1   5]
 [  8  15   6  18   2  72  12]
 [ 13  27  70  61   5  16  27]]

DT
Classification_report:
             precision    recall  f1-score   support

          B       0.60      0.55      0.58       256
          C       0.06      0.07      0.07        40
          G       0.35      0.33      0.34        72
          M       0.17      0.18      0.18       104
          O       0.12      0.14      0.13         7
          P       0.57      0.59      0.58       133
          R       0.38      0.39      0.39       219

avg / total       0.43      0.42      0.43       831

[[142   9  29  20   0  19  37]
 [  6   3   2   2   2   2  23]
 [ 19   0  24  10   0   5  14]
 [ 15  12   6  19   0  10  42]
 [  2   0   0   0   1   3   1]
 [ 17   4   2   8   2  78  22]
 [ 35  20   5  51   3  19  86]]

CRF
Classification_report:
             precision    recall  f1-score   support

          B       0.73      0.80      0.76       256
          C       0.53      0.47      0.50        40
          G       0.61      0.49      0.54        72
          M       0.37      0.29      0.32       104
          O       1.00      0.14      0.25         7
          P       0.71      0.60      0.65       133
          R       0.57      0.67      0.62       219

avg / total       0.62      0.62      0.62       831

CRF 2.0
Classification_report:
             precision    recall  f1-score   support

          B       0.93      0.87      0.90       256
          C       0.61      0.42      0.50        40
          G       0.80      0.74      0.77        72
          M       0.68      0.69      0.69       104
          O       0.00      0.00      0.00         7
          P       0.83      0.78      0.81       133
          R       0.68      0.83      0.75       219

avg / total       0.78      0.78      0.78       831
