SVM RBF
Classification_report:
             precision    recall  f1-score   support
          B       0.45      0.39      0.42        77
          C       0.00      0.00      0.00        20
          G       0.75      0.08      0.15        36
          M       0.00      0.00      0.00        45
          O       0.00      0.00      0.00         6
          P       0.48      0.32      0.39        65
          R       0.39      0.85      0.54       117

avg / total       0.38      0.42      0.34       366

[[30  0  0  0  0  7 40]
 [ 4  0  0  0  0  2 14]
 [13  0  3  0  0  1 19]
 [ 2  0  0  0  0  5 38]
 [ 0  0  0  0  0  0  6]
 [ 8  0  1  0  0 21 35]
 [10  0  0  0  0  8 99]]

SVM linear
Classification_report:
             precision    recall  f1-score   support
          B       0.34      0.42      0.37        77
          C       0.17      0.25      0.20        20
          G       0.26      0.28      0.27        36
          M       0.16      0.20      0.18        45
          O       1.00      0.33      0.50         6
          P       0.39      0.35      0.37        65
          R       0.42      0.31      0.35       117

avg / total       0.35      0.32      0.33       366

[[32  8 13  6  0  6 12]
 [ 4  5  2  2  0  3  4]
 [15  4 10  1  0  4  2]
 [ 9  1  2  9  0  7 17]
 [ 0  0  0  1  2  1  2]
 [10  4  3 12  0 23 13]
 [24  8  8 26  0 15 36]]

KNN
Classification_report:
             precision    recall  f1-score   support
          B       0.19      0.27      0.23        77
          C       0.20      0.20      0.20        20
          G       0.26      0.25      0.26        36
          M       0.17      0.20      0.19        45
          O       1.00      0.33      0.50         6
          P       0.38      0.32      0.35        65
          R       0.40      0.32      0.36       117

avg / total       0.31      0.28      0.29       366

[[21  6  8 13  0  8 21]
 [ 8  4  1  0  0  1  6]
 [10  3  9  3  0  3  8]
 [12  1  2  9  0 10 11]
 [ 1  0  0  1  2  0  2]
 [16  3  9  8  0 21  8]
 [41  3  5 18  0 12 38]]

NB
Classification_report:
             precision    recall  f1-score   support
          B       0.32      0.18      0.23        77
          C       0.11      0.20      0.14        20
          G       0.19      0.17      0.18        36
          M       0.16      0.13      0.15        45
          O       0.00      0.00      0.00         6
          P       0.34      0.32      0.33        65
          R       0.39      0.52      0.45       117

avg / total       0.30      0.31      0.29       366

[[14  8 15  4  0  7 29]
 [ 1  4  2  1  0  5  7]
 [ 9  4  6  2  0  4 11]
 [ 2  5  0  6  0  9 23]
 [ 1  0  0  0  0  1  4]
 [ 4  9  5  6  0 21 20]
 [13  8  3 18  0 14 61]]

DT
Classification_report:
             precision    recall  f1-score   support
          B       0.29      0.27      0.28        77
          C       0.15      0.15      0.15        20
          G       0.08      0.06      0.07        36
          M       0.09      0.11      0.10        45
          O       0.00      0.00      0.00         6
          P       0.27      0.25      0.26        65
          R       0.34      0.38      0.36       117

avg / total       0.24      0.25      0.25       366

[[21  5  5  9  3  9 25]
 [ 2  3  0  0  0  6  9]
 [ 8  1  2  9  0  5 11]
 [ 6  2  5  5  1  8 18]
 [ 1  1  0  1  0  0  3]
 [ 9  3  5 12  0 16 20]
 [25  5  8 17  2 16 44]]