SVM RBF
Classification_report:
             precision    recall  f1-score   support
          B       0.43      0.30      0.35        77
          C       0.00      0.00      0.00        20
          G       0.00      0.00      0.00        36
          M       0.00      0.00      0.00        45
          O       0.00      0.00      0.00         6
          P       0.62      0.35      0.45        65
          R       0.39      0.91      0.55       117

avg / total       0.33      0.42      0.33       366

[[ 23   0   0   0   0   5  49]
 [  2   0   0   0   0   3  15]
 [ 14   0   0   0   0   1  21]
 [  2   0   0   0   0   0  43]
 [  0   0   0   0   0   2   4]
 [  6   0   0   0   0  23  36]
 [  6   0   0   1   0   3 107]]

SVM linear
Classification_report:
             precision    recall  f1-score   support
          B       0.35      0.48      0.41        77
          C       0.33      0.25      0.29        20
          G       0.46      0.36      0.41        36
          M       0.23      0.24      0.24        45
          O       0.50      0.17      0.25         6
          P       0.63      0.57      0.60        65
          R       0.45      0.43      0.44       117

avg / total       0.43      0.42      0.42       366

[[37  1  9  5  0  8 17]
 [ 9  5  0  1  0  1  4]
 [13  2 13  2  0  0  6]
 [10  0  1 11  0  3 20]
 [ 0  0  0  0  1  3  2]
 [ 5  2  3  7  0 37 11]
 [31  5  2 21  1  7 50]]

KNN
Classification_report:
             precision    recall  f1-score   support
          B       0.19      0.29      0.23        77
          C       0.19      0.15      0.17        20
          G       0.22      0.22      0.22        36
          M       0.18      0.27      0.22        45
          O       0.00      0.00      0.00         6
          P       0.38      0.34      0.36        65
          R       0.47      0.30      0.37       117

avg / total       0.31      0.28      0.29       366

[[22  4 10 15  0 14 12]
 [ 6  3  3  3  0  0  5]
 [11  3  8  5  0  4  5]
 [12  2  1 12  0  6 12]
 [ 1  1  0  0  0  3  1]
 [18  2  7 12  0 22  4]
 [46  1  7 19  0  9 35]]

NB
Classification_report:
             precision    recall  f1-score   support
          B       0.37      0.21      0.27        77
          C       0.16      0.25      0.20        20
          G       0.23      0.17      0.19        36
          M       0.33      0.27      0.30        45
          O       0.00      0.00      0.00         6
          P       0.45      0.42      0.43        65
          R       0.38      0.56      0.45       117

avg / total       0.35      0.36      0.34       366

[[16  7 11  3  0  8 32]
 [ 2  5  1  1  0  3  8]
 [ 8  4  6  1  0  2 15]
 [ 1  3  0 12  0  6 23]
 [ 1  0  0  0  0  1  4]
 [ 2  5  3  5  0 27 23]
 [13  7  5 14  0 13 65]]

DT
Classification_report:
             precision    recall  f1-score   support
          B       0.26      0.26      0.26        77
          C       0.15      0.15      0.15        20
          G       0.14      0.19      0.16        36
          M       0.17      0.13      0.15        45
          O       0.00      0.00      0.00         6
          P       0.33      0.29      0.31        65
          R       0.47      0.46      0.46       117

avg / total       0.31      0.30      0.30       366

[[20  4 15 10  2 10 16]
 [ 5  3  2  1  0  1  8]
 [11  2  7  2  4  3  7]
 [ 8  2  5  6  2  8 14]
 [ 1  0  0  0  0  2  3]
 [12  4  7  6  3 19 14]
 [19  5 13 10  2 14 54]]