SVM RBF
Classification_report:
             precision    recall  f1-score   support
          B       0.40      0.18      0.25        77
          C       0.00      0.00      0.00        20
          G       0.00      0.00      0.00        36
          M       0.00      0.00      0.00        45
          O       0.00      0.00      0.00         6
          P       0.70      0.43      0.53        65
          R       0.38      0.94      0.54       117

avg / total       0.33      0.42      0.32       366

[[ 14   0   0   0   0   4  59]
 [  2   0   0   0   0   2  16]
 [ 10   0   0   0   0   0  26]
 [  2   0   0   0   0   1  42]
 [  0   0   0   0   0   3   3]
 [  3   0   0   0   0  28  34]
 [  4   0   0   1   0   2 110]]

SVM linear
Classification_report:
             precision    recall  f1-score   support
          B       0.41      0.53      0.47        77
          C       0.60      0.30      0.40        20
          G       0.52      0.39      0.44        36
          M       0.23      0.22      0.23        45
          O       0.00      0.00      0.00         6
          P       0.66      0.65      0.65        65
          R       0.47      0.49      0.48       117

avg / total       0.47      0.46      0.46       366

[[41  0  7  6  0  4 19]
 [ 6  6  1  0  0  2  5]
 [11  0 14  3  0  1  7]
 [ 8  0  1 10  0  2 24]
 [ 0  0  0  0  0  5  1]
 [ 6  2  2  4  0 42  9]
 [27  2  2 20  1  8 57]]

KNN
Classification_report:
             precision    recall  f1-score   support
          B       0.21      0.31      0.25        77
          C       0.14      0.10      0.12        20
          G       0.28      0.22      0.25        36
          M       0.20      0.31      0.24        45
          O       0.00      0.00      0.00         6
          P       0.49      0.42      0.45        65
          R       0.43      0.30      0.35       117

avg / total       0.33      0.30      0.31       366

[[24  4  6 13  0 13 17]
 [ 7  2  2  4  2  0  3]
 [ 8  1  8  8  0  3  8]
 [11  1  2 14  0  3 14]
 [ 1  1  0  0  0  3  1]
 [16  1  6 11  0 27  4]
 [45  4  5 21  1  6 35]]

NB
Classification_report:
             precision    recall  f1-score   support
          B       0.34      0.21      0.26        77
          C       0.17      0.20      0.18        20
          G       0.29      0.22      0.25        36
          M       0.31      0.24      0.27        45
          O       0.00      0.00      0.00         6
          P       0.47      0.43      0.45        65
          R       0.40      0.59      0.48       117

avg / total       0.36      0.37      0.35       366

[[16  5 12  4  0  7 33]
 [ 3  4  1  0  0  4  8]
 [ 8  2  8  2  0  1 15]
 [ 2  2  3 11  0  3 24]
 [ 1  0  0  0  0  1  4]
 [ 3  7  2  6  0 28 19]
 [14  4  2 12  0 16 69]]

DT
Classification_report:
             precision    recall  f1-score   support
          B       0.34      0.26      0.29        77
          C       0.09      0.05      0.06        20
          G       0.16      0.19      0.18        36
          M       0.11      0.13      0.12        45
          O       0.14      0.17      0.15         6
          P       0.32      0.37      0.35        65
          R       0.34      0.34      0.34       117

avg / total       0.27      0.27      0.27       366

[[20  2 14  8  1 11 21]
 [ 3  1  3  0  0  3 10]
 [ 7  0  7  7  0  4 11]
 [ 3  0  5  6  0  8 23]
 [ 1  0  0  0  1  4  0]
 [10  1  5 11  1 24 13]
 [15  7 10 21  4 20 40]]