SVM RBF
Classification_report:
             precision    recall  f1-score   support
          B       0.43      0.38      0.40        77
          C       0.00      0.00      0.00        20
          G       0.75      0.08      0.15        36
          M       0.00      0.00      0.00        45
          O       0.00      0.00      0.00         6
          P       0.50      0.26      0.34        65
          R       0.38      0.84      0.52       117

avg / total       0.37      0.40      0.33       366

[[29  0  0  0  0  2 46]
 [ 5  0  0  0  0  1 14]
 [13  0  3  0  0  2 18]
 [ 2  0  0  0  0  6 37]
 [ 0  0  0  0  0  0  6]
 [ 6  0  1  0  0 17 41]
 [13  0  0  0  0  6 98]]

SVM linear
Classification_report:
             precision    recall  f1-score   support
          B       0.37      0.44      0.40        77
          C       0.18      0.25      0.21        20
          G       0.33      0.28      0.30        36
          M       0.24      0.24      0.24        45
          O       0.60      0.50      0.55         6
          P       0.40      0.34      0.37        65
          R       0.44      0.41      0.42       117

avg / total       0.37      0.36      0.36       366

[[34  5  8  6  0  8 16]
 [ 6  5  0  2  0  3  4]
 [11  2 10  1  0  6  6]
 [ 3  1  1 11  0  8 21]
 [ 0  0  0  0  3  1  2]
 [10  6  6  8  0 22 13]
 [28  9  5 18  2  7 48]]

KNN
Classification_report:
             precision    recall  f1-score   support
          B       0.22      0.35      0.27        77
          C       0.12      0.10      0.11        20
          G       0.22      0.25      0.23        36
          M       0.17      0.20      0.19        45
          O       0.50      0.17      0.25         6
          P       0.51      0.37      0.43        65
          R       0.42      0.31      0.35       117

avg / total       0.33      0.30      0.30       366

[[27  6 10  9  0  8 17]
 [ 9  2  1  3  0  0  5]
 [13  3  9  1  0  4  6]
 [18  0  5  9  0  5  8]
 [ 0  0  0  1  1  2  2]
 [14  0  5 10  0 24 12]
 [41  5 11 19  1  4 36]]

NB
Classification_report:
             precision    recall  f1-score   support
          B       0.30      0.17      0.21        77
          C       0.15      0.25      0.19        20
          G       0.26      0.17      0.20        36
          M       0.19      0.11      0.14        45
          O       1.00      0.17      0.29         6
          P       0.36      0.34      0.35        65
          R       0.41      0.62      0.49       117

avg / total       0.33      0.34      0.32       366

[[13  6 11  4  0  9 34]
 [ 3  5  0  0  0  4  8]
 [11  4  6  1  0  2 12]
 [ 1  2  2  5  0  8 27]
 [ 1  0  0  0  1  1  3]
 [ 7  8  2  5  0 22 21]
 [ 8  8  2 11  0 15 73]]

DT
Classification_report:
             precision    recall  f1-score   support
          B       0.26      0.25      0.26        77
          C       0.09      0.10      0.10        20
          G       0.14      0.14      0.14        36
          M       0.09      0.09      0.09        45
          O       0.00      0.00      0.00         6
          P       0.24      0.25      0.24        65
          R       0.36      0.35      0.35       117

avg / total       0.24      0.24      0.24       366

[[19  4  7  5  1 17 24]
 [ 4  2  3  4  0  2  5]
 [13  2  5  5  0  2  9]
 [ 4  3  4  4  1  8 21]
 [ 0  0  0  0  0  4  2]
 [12  7  5 11  1 16 13]
 [20  4 13 17  5 17 41]]