SVM RBF
Classification_report:
             precision    recall  f1-score   support
          B       0.43      0.89      0.58       179
          C       0.00      0.00      0.00        20
          G       0.00      0.00      0.00        36
          M       0.67      0.03      0.06        59
          O       0.00      0.00      0.00         1
          P       0.52      0.21      0.29        68
          R       0.26      0.17      0.20       103

avg / total       0.38      0.41      0.32       466

[[159   0   0   0   0   3  17]
 [ 17   0   0   0   0   1   2]
 [ 33   0   0   0   0   0   3]
 [ 41   0   0   2   0   3  13]
 [  0   0   0   0   0   0   1]
 [ 42   0   0   0   0  14  12]
 [ 79   0   0   1   0   6  17]]

SVM linear
Classification_report:
             precision    recall  f1-score   support
          B       0.45      0.56      0.50       179
          C       0.00      0.00      0.00        20
          G       0.29      0.22      0.25        36
          M       0.18      0.17      0.17        59
          O       0.00      0.00      0.00         1
          P       0.38      0.34      0.36        68
          R       0.28      0.19      0.23       103

avg / total       0.34      0.35      0.34       466

[[101  11  14  20   0  14  19]
 [  9   0   0   1   0   4   6]
 [ 24   0   8   1   0   1   2]
 [ 21   4   2  10   0   7  15]
 [  0   0   0   1   0   0   0]
 [ 24   5   1   6   0  23   9]
 [ 44   7   3  18   0  11  20]]

KNN
Classification_report:
             precision    recall  f1-score   support
          B       0.45      0.70      0.55       179
          C       0.00      0.00      0.00        20
          G       0.16      0.11      0.13        36
          M       0.26      0.15      0.19        59
          O       0.00      0.00      0.00         1
          P       0.20      0.13      0.16        68
          R       0.22      0.14      0.17       103

avg / total       0.29      0.35      0.30       466

[[126   3  10   9   0  14  17]
 [ 14   0   1   2   0   1   2]
 [ 27   1   4   1   0   0   3]
 [ 31   2   2   9   0   3  12]
 [  1   0   0   0   0   0   0]
 [ 31   4   2   5   0   9  17]
 [ 52   5   6   9   0  17  14]]

NB
Classification_report:
             precision    recall  f1-score   support
          B       0.46      0.54      0.50       179
          C       0.08      0.10      0.09        20
          G       0.22      0.14      0.17        36
          M       0.21      0.27      0.24        59
          O       0.00      0.00      0.00         1
          P       0.29      0.35      0.32        68
          R       0.16      0.08      0.10       103

avg / total       0.30      0.32      0.31       466

[[96 12 14 19  0 22 16]
 [11  2  0  2  0  4  1]
 [22  0  5  3  0  3  3]
 [20  2  2 16  0  5 14]
 [ 0  0  0  1  0  0  0]
 [21  5  0  9  0 24  9]
 [37  5  2 25  0 26  8]]

DT
Classification_report:
             precision    recall  f1-score   support
          B       0.41      0.36      0.38       179
          C       0.05      0.05      0.05        20
          G       0.04      0.06      0.04        36
          M       0.19      0.22      0.20        59
          O       0.00      0.00      0.00         1
          P       0.28      0.25      0.27        68
          R       0.21      0.20      0.21       103

avg / total       0.27      0.25      0.26       466

[[64 10 29 28  0 10 38]
 [ 8  1  4  1  1  3  2]
 [16  2  2  5  0  5  6]
 [18  2  5 13  0  5 16]
 [ 0  0  0  1  0  0  0]
 [19  2  3  9  0 17 18]
 [33  5 10 13  1 20 21]]