SVM RBF
Classification_report:
             precision    recall  f1-score   support
          B       0.43      0.87      0.57       179
          C       0.00      0.00      0.00        20
          G       0.00      0.00      0.00        36
          M       0.38      0.05      0.09        59
          O       0.00      0.00      0.00         1
          P       0.58      0.28      0.38        68
          R       0.21      0.13      0.16       103

avg / total       0.34      0.41      0.32       466

[[155   0   0   3   0   4  17]
 [ 17   0   0   0   0   2   1]
 [ 33   0   0   0   0   0   3]
 [ 38   0   0   3   0   0  18]
 [  0   0   0   0   0   0   1]
 [ 40   0   0   1   0  19   8]
 [ 81   0   0   1   0   8  13]]

SVM linear
Classification_report:
             precision    recall  f1-score   support
          B       0.48      0.55      0.52       179
          C       0.09      0.10      0.10        20
          G       0.18      0.19      0.19        36
          M       0.22      0.22      0.22        59
          O       0.00      0.00      0.00         1
          P       0.41      0.38      0.40        68
          R       0.29      0.22      0.25       103

avg / total       0.36      0.36      0.36       466

[[99  7 20 22  0 12 19]
 [ 7  2  1  2  0  5  3]
 [21  1  7  1  0  2  4]
 [14  2  1 13  0  8 21]
 [ 0  0  0  0  0  1  0]
 [21  4  2  7  0 26  8]
 [43  6  7 15  0  9 23]]

KNN
Classification_report:
             precision    recall  f1-score   support
          B       0.45      0.70      0.55       179
          C       0.00      0.00      0.00        20
          G       0.11      0.06      0.07        36
          M       0.28      0.19      0.22        59
          O       0.00      0.00      0.00         1
          P       0.25      0.21      0.22        68
          R       0.23      0.13      0.16       103

avg / total       0.30      0.35      0.31       466

[[125   5   5   9   0  20  15]
 [ 13   0   1   3   0   0   3]
 [ 26   0   2   1   0   3   4]
 [ 28   0   2  11   0   8  10]
 [  1   0   0   0   0   0   0]
 [ 28   5   4   5   0  14  12]
 [ 57   7   4  10   0  12  13]]

NB
Classification_report:
             precision    recall  f1-score   support
          B       0.47      0.46      0.47       179
          C       0.02      0.05      0.03        20
          G       0.35      0.22      0.27        36
          M       0.22      0.31      0.26        59
          O       0.00      0.00      0.00         1
          P       0.29      0.35      0.32        68
          R       0.22      0.13      0.16       103

avg / total       0.33      0.32      0.32       466

[[83 15 10 25  0 25 21]
 [ 9  1  0  3  0  3  4]
 [19  0  8  4  0  1  4]
 [16  6  1 18  0  6 12]
 [ 0  0  0  1  0  0  0]
 [18 11  0  9  0 24  6]
 [31 11  4 21  0 23 13]]

DT
Classification_report:
             precision    recall  f1-score   support
          B       0.41      0.39      0.40       179
          C       0.00      0.00      0.00        20
          G       0.13      0.14      0.14        36
          M       0.12      0.10      0.11        59
          O       0.00      0.00      0.00         1
          P       0.25      0.25      0.25        68
          R       0.24      0.28      0.26       103

avg / total       0.27      0.27      0.27       466

[[69 15 11 21  0 22 41]
 [ 7  0  1  2  0  4  6]
 [13  1  5  8  0  1  8]
 [23  1  5  6  0  6 18]
 [ 0  0  0  0  0  1  0]
 [19  1  7  4  0 17 20]
 [37  2  9  9  1 16 29]]