SVM RBF
Classification_report:
             precision    recall  f1-score   support
          B       0.44      0.96      0.60       179
          C       0.00      0.00      0.00        20
          G       0.00      0.00      0.00        36
          M       0.00      0.00      0.00        59
          O       0.00      0.00      0.00         1
          P       0.68      0.25      0.37        68
          R       0.30      0.15      0.20       103

avg / total       0.33      0.44      0.33       466

[[171   0   0   0   0   0   8]
 [ 18   0   0   0   0   2   0]
 [ 35   0   0   0   0   0   1]
 [ 42   0   0   0   0   1  16]
 [  0   0   0   0   0   0   1]
 [ 42   0   0   0   0  17   9]
 [ 83   0   0   0   0   5  15]]

SVM linear
Classification_report:
             precision    recall  f1-score   support
          B       0.52      0.59      0.55       179
          C       0.00      0.00      0.00        20
          G       0.23      0.19      0.21        36
          M       0.27      0.29      0.28        59
          O       0.00      0.00      0.00         1
          P       0.52      0.49      0.50        68
          R       0.33      0.30      0.31       103

avg / total       0.40      0.41      0.41       466

[[105   4  18  18   0  10  24]
 [  8   0   1   3   0   3   5]
 [ 26   0   7   0   0   0   3]
 [ 17   1   1  17   0   6  17]
 [  0   0   0   0   0   1   0]
 [ 14   1   1   5   0  33  14]
 [ 33   5   3  20   0  11  31]]

KNN
Classification_report:
             precision    recall  f1-score   support
          B       0.50      0.65      0.57       179
          C       0.12      0.10      0.11        20
          G       0.14      0.08      0.10        36
          M       0.17      0.20      0.18        59
          O       0.00      0.00      0.00         1
          P       0.44      0.35      0.39        68
          R       0.29      0.19      0.23       103

avg / total       0.36      0.38      0.36       466

[[117   5   4  22   0  11  20]
 [ 10   2   0   2   0   1   5]
 [ 21   1   3   6   0   4   1]
 [ 21   1   6  12   0   6  13]
 [  1   0   0   0   0   0   0]
 [ 22   2   1   9   0  24  10]
 [ 41   5   8  20   0   9  20]]

NB
Classification_report:
             precision    recall  f1-score   support
          B       0.49      0.56      0.52       179
          C       0.07      0.10      0.08        20
          G       0.33      0.17      0.22        36
          M       0.31      0.34      0.33        59
          O       0.00      0.00      0.00         1
          P       0.36      0.41      0.38        68
          R       0.30      0.21      0.25       103

avg / total       0.37      0.38      0.37       466

[[100  10   9  17   0  21  22]
 [  9   2   1   2   0   3   3]
 [ 22   0   6   1   0   2   5]
 [ 16   3   1  20   0   6  13]
 [  0   0   0   1   0   0   0]
 [ 18   7   1   6   0  28   8]
 [ 40   6   0  17   0  18  22]]

DT
Classification_report:
             precision    recall  f1-score   support
          B       0.41      0.41      0.41       179
          C       0.00      0.00      0.00        20
          G       0.09      0.08      0.09        36
          M       0.18      0.15      0.17        59
          O       0.00      0.00      0.00         1
          P       0.19      0.19      0.19        68
          R       0.23      0.24      0.23       103

avg / total       0.27      0.26      0.27       466

[[73 10 14 18  0 27 37]
 [ 9  0  1  1  0  2  7]
 [21  0  3  1  0  2  9]
 [19  6  3  9  1  8 13]
 [ 0  0  0  0  0  1  0]
 [22  4  4  5  0 13 20]
 [32  7  7 16  0 16 25]]