SVM RBF
Classification_report:
             precision    recall  f1-score   support
          B       0.47      0.77      0.58       256
          C       0.00      0.00      0.00        40
          G       0.00      0.00      0.00        72
          M       1.00      0.01      0.02       104
          O       0.00      0.00      0.00         7
          P       0.64      0.50      0.56       133
          R       0.41      0.57      0.48       220

avg / total       0.48      0.47      0.40       832

[[197   0   0   0   0   6  53]
 [ 17   0   0   0   0   7  16]
 [ 62   0   0   0   0   0  10]
 [ 32   0   0   1   0   5  66]
 [  0   0   0   0   0   3   4]
 [ 35   0   0   0   0  66  32]
 [ 78   0   0   0   0  16 126]]

SVM linear
Classification_report:
             precision    recall  f1-score   support
          B       0.46      0.50      0.48       256
          C       0.07      0.05      0.06        40
          G       0.34      0.35      0.34        72
          M       0.27      0.33      0.30       104
          O       0.00      0.00      0.00         7
          P       0.59      0.57      0.58       133
          R       0.40      0.35      0.37       220

avg / total       0.41      0.41      0.41       832

[[129  10  34  24   0  16  43]
 [ 10   2   5   3   0   9  11]
 [ 37   1  25   3   0   0   6]
 [ 26   1   0  34   0   6  37]
 [  0   1   0   0   0   4   2]
 [ 21   5   3  13   0  76  15]
 [ 58   8   7  49   3  18  77]]

KNN
Classification_report:
             precision    recall  f1-score   support
          B       0.40      0.52      0.45       256
          C       0.08      0.07      0.08        40
          G       0.21      0.11      0.14        72
          M       0.17      0.20      0.19       104
          O       0.00      0.00      0.00         7
          P       0.44      0.42      0.43       133
          R       0.33      0.25      0.29       220

avg / total       0.32      0.33      0.32       832

[[134  13   9  33   0  28  39]
 [ 15   3   1   4   0   5  12]
 [ 40   3   8   6   1   4  10]
 [ 30   3   1  21   0  11  38]
 [  1   2   0   0   0   1   3]
 [ 35   4   8  18   0  56  12]
 [ 80   9  12  40   0  23  56]]

NB
Classification_report:
             precision    recall  f1-score   support
          B       0.49      0.48      0.48       256
          C       0.07      0.12      0.09        40
          G       0.29      0.28      0.29        72
          M       0.22      0.23      0.23       104
          O       0.00      0.00      0.00         7
          P       0.43      0.41      0.42       133
          R       0.39      0.35      0.37       220

avg / total       0.38      0.37      0.37       832

[[123  24  25  25   0  22  37]
 [ 15   5   4   2   0   6   8]
 [ 30   7  20   4   0   5   6]
 [ 19   4   3  24   0  15  39]
 [  1   0   0   1   0   1   4]
 [ 21  13   5  13   0  55  26]
 [ 44  23  11  40   0  25  77]]

DT
Classification_report:
             precision    recall  f1-score   support
          B       0.36      0.36      0.36       256
          C       0.09      0.07      0.08        40
          G       0.12      0.11      0.11        72
          M       0.19      0.24      0.21       104
          O       0.00      0.00      0.00         7
          P       0.22      0.22      0.22       133
          R       0.34      0.31      0.33       220

avg / total       0.27      0.27      0.27       832

[[93  9 24 40  2 35 53]
 [11  3  3  7  0  5 11]
 [29  1  8  8  2 11 13]
 [30  5  3 25  0 17 24]
 [ 2  0  0  1  0  2  2]
 [33  7 16 19  2 29 27]
 [63  7 14 33  0 35 68]]