SVM RBF
Classification_report:
             precision    recall  f1-score   support
          B       0.45      0.79      0.58       256
          C       0.00      0.00      0.00        40
          G       0.00      0.00      0.00        72
          M       0.00      0.00      0.00       104
          O       0.00      0.00      0.00         7
          P       0.74      0.48      0.58       133
          R       0.42      0.57      0.48       220

avg / total       0.37      0.47      0.40       832

[[203   0   0   0   0   3  50]
 [ 20   0   0   0   0   4  16]
 [ 65   0   0   0   0   0   7]
 [ 35   0   0   0   0   2  67]
 [  0   0   0   0   0   3   4]
 [ 42   0   0   0   0  64  27]
 [ 85   0   0   0   0  10 125]]

SVM linear
Classification_report:
             precision    recall  f1-score   support
          B       0.48      0.62      0.54       256
          C       0.17      0.10      0.12        40
          G       0.38      0.28      0.32        72
          M       0.38      0.30      0.33       104
          O       0.00      0.00      0.00         7
          P       0.67      0.60      0.63       133
          R       0.45      0.45      0.45       220

avg / total       0.46      0.47      0.46       832

[[160   5  25  16   0  11  39]
 [ 16   4   1   0   0   5  14]
 [ 39   2  20   0   0   1  10]
 [ 29   1   1  31   0   6  36]
 [  0   1   0   0   0   3   3]
 [ 26   3   1   6   0  80  17]
 [ 66   8   4  29   1  14  98]]

KNN
Classification_report:
             precision    recall  f1-score   support
          B       0.34      0.43      0.38       256
          C       0.06      0.05      0.05        40
          G       0.19      0.08      0.12        72
          M       0.13      0.22      0.16       104
          O       0.00      0.00      0.00         7
          P       0.46      0.41      0.44       133
          R       0.34      0.22      0.27       220

avg / total       0.30      0.29      0.29       832

[[109  11  12  58   0  25  41]
 [ 19   2   1   7   0   3   8]
 [ 39   3   6  16   0   3   5]
 [ 35   1   4  23   0  10  31]
 [  1   1   0   1   0   2   2]
 [ 35   3   3  29   0  55   8]
 [ 82  14   6  48   0  21  49]]

NB
Classification_report:
             precision    recall  f1-score   support
          B       0.44      0.44      0.44       256
          C       0.06      0.10      0.07        40
          G       0.32      0.25      0.28        72
          M       0.23      0.17      0.20       104
          O       0.00      0.00      0.00         7
          P       0.38      0.38      0.38       133
          R       0.38      0.42      0.40       220

avg / total       0.36      0.36      0.36       832

[[113  22  21  20   0  30  50]
 [ 13   4   0   1   0  10  12]
 [ 33   6  18   2   0   4   9]
 [ 20   2   5  18   0  15  44]
 [  2   0   0   1   0   1   3]
 [ 24  15   4   8   0  51  31]
 [ 51  19   8  28   0  22  92]]

DT
Classification_report:
             precision    recall  f1-score   support
          B       0.39      0.40      0.39       256
          C       0.06      0.05      0.05        40
          G       0.13      0.10      0.11        72
          M       0.20      0.22      0.21       104
          O       0.00      0.00      0.00         7
          P       0.32      0.31      0.31       133
          R       0.35      0.36      0.36       220

avg / total       0.30      0.31      0.30       832

[[103   9  23  25   0  37  59]
 [ 13   2   4   7   0   4  10]
 [ 32   1   7   8   0  10  14]
 [ 26   2   4  23   2  11  36]
 [  2   0   0   2   0   1   2]
 [ 35   9   7  16   1  41  24]
 [ 56  13  10  36   2  24  79]]