SVM RBF
Classification_report:
             precision    recall  f1-score   support
          B       0.49      0.79      0.60       256
          C       0.00      0.00      0.00        40
          G       0.00      0.00      0.00        72
          M       1.00      0.01      0.02       104
          O       0.00      0.00      0.00         7
          P       0.73      0.54      0.62       133
          R       0.42      0.60      0.49       220

avg / total       0.50      0.49      0.42       832

[[201   0   0   0   0   3  52]
 [ 19   0   0   0   0   4  17]
 [ 62   0   0   0   0   0  10]
 [ 28   0   0   1   0   3  72]
 [  0   0   0   0   0   4   3]
 [ 29   0   0   0   0  72  32]
 [ 75   0   0   0   0  13 132]]

SVM linear
Classification_report:
             precision    recall  f1-score   support
          B       0.50      0.58      0.54       256
          C       0.14      0.10      0.12        40
          G       0.39      0.36      0.38        72
          M       0.37      0.37      0.37       104
          O       0.00      0.00      0.00         7
          P       0.66      0.62      0.64       133
          R       0.45      0.43      0.44       220

avg / total       0.46      0.47      0.47       832

[[148   9  31  20   0   7  41]
 [ 20   4   1   2   0   3  10]
 [ 34   2  26   0   0   2   8]
 [ 21   0   2  38   0   6  37]
 [  0   1   0   0   0   3   3]
 [ 19   4   2   6   0  83  19]
 [ 55   8   4  36   1  21  95]]

KNN
Classification_report:
             precision    recall  f1-score   support
          B       0.37      0.48      0.42       256
          C       0.14      0.12      0.13        40
          G       0.21      0.11      0.15        72
          M       0.15      0.23      0.18       104
          O       0.00      0.00      0.00         7
          P       0.46      0.41      0.43       133
          R       0.34      0.23      0.27       220

avg / total       0.32      0.32      0.31       832

[[124   8  14  45   1  25  39]
 [ 18   5   1   5   0   3   8]
 [ 38   5   8  12   0   2   7]
 [ 27   2   3  24   0  13  35]
 [  1   1   0   1   0   2   2]
 [ 41   4   4  21   0  54   9]
 [ 82  11   8  50   0  18  51]]

NB
Classification_report:
             precision    recall  f1-score   support
          B       0.45      0.48      0.46       256
          C       0.08      0.12      0.10        40
          G       0.33      0.26      0.29        72
          M       0.24      0.22      0.23       104
          O       0.00      0.00      0.00         7
          P       0.41      0.41      0.41       133
          R       0.39      0.37      0.38       220

avg / total       0.37      0.37      0.37       832

[[122  19  29  21   0  23  42]
 [ 14   5   1   2   0   8  10]
 [ 37   3  19   2   0   4   7]
 [ 20   4   2  23   0  17  38]
 [  1   0   0   1   0   1   4]
 [ 25  15   2  10   0  55  26]
 [ 52  17   5  38   0  27  81]]

DT
Classification_report:
             precision    recall  f1-score   support
          B       0.35      0.33      0.34       256
          C       0.03      0.03      0.03        40
          G       0.07      0.07      0.07        72
          M       0.17      0.18      0.18       104
          O       0.11      0.14      0.12         7
          P       0.29      0.28      0.28       133
          R       0.35      0.37      0.36       220

avg / total       0.28      0.28      0.28       832

[[85 15 27 33  3 39 54]
 [10  1 10  4  0  7  8]
 [29  1  5  8  0  7 22]
 [27  5  5 19  1 11 36]
 [ 3  0  0  1  1  1  1]
 [35  8  6 14  2 37 31]
 [53  9 18 30  2 26 82]]