TFIDF
NB Bernoulli
Classification_report:
             precision    recall  f1-score   support

          B       0.64      0.61      0.62        77
          C       0.67      0.10      0.17        20
          G       0.25      0.03      0.05        36
          M       0.50      0.07      0.12        45
          O       1.00      0.50      0.67         6
          P       0.87      0.71      0.78        65
          R       0.48      0.92      0.64       117

avg / total       0.58      0.57      0.51       366

[[ 47   0   1   0   0   2  27]
 [  1   2   0   1   0   0  16]
 [ 16   0   1   0   0   0  19]
 [  2   0   1   3   0   0  39]
 [  0   1   1   0   3   1   0]
 [  5   0   0   0   0  46  14]
 [  3   0   0   2   0   4 108]]

NB Bernoulli
Classification_report:
             precision    recall  f1-score   support

          B       0.51      0.96      0.67       179
          C       0.00      0.00      0.00        20
          G       0.00      0.00      0.00        36
          M       0.44      0.14      0.21        59
          O       0.00      0.00      0.00         1
          P       0.76      0.38      0.51        68
          R       0.43      0.31      0.36       102

avg / total       0.46      0.51      0.44       465

[[171   0   1   1   0   1   5]
 [  7   0   1   2   0   3   7]
 [ 34   0   0   0   0   1   1]
 [ 27   0   0   8   0   2  22]
 [  0   0   0   0   0   1   0]
 [ 32   1   0   1   0  26   8]
 [ 63   0   1   6   0   0  32]]

NB Bernoulli
Classification_report:
             precision    recall  f1-score   support

          B       0.54      0.84      0.66       256
          C       0.57      0.10      0.17        40
          G       0.64      0.10      0.17        72
          M       0.35      0.13      0.19       104
          O       1.00      0.43      0.60         7
          P       0.81      0.62      0.71       133
          R       0.47      0.58      0.52       219

avg / total       0.56      0.55      0.51       831

[[216   0   3   2   0   6  29]
 [  9   4   0   2   0   2  23]
 [ 56   0   7   1   0   0   8]
 [ 25   0   0  14   0   0  65]
 [  0   3   0   0   3   1   0]
 [ 28   0   0   6   0  83  16]
 [ 66   0   1  15   0  10 127]]

AZPORT+TFIDF
NB Bernoulli
Classification_report:
             precision    recall  f1-score   support

          B       0.58      0.57      0.58        77
          C       0.67      0.10      0.17        20
          G       0.33      0.03      0.05        36
          M       0.60      0.07      0.12        45
          O       1.00      0.50      0.67         6
          P       0.86      0.68      0.76        65
          R       0.46      0.88      0.60       117

avg / total       0.58      0.55      0.49       366

[[ 44   0   0   0   0   2  31]
 [  1   2   0   1   0   1  15]
 [ 14   0   1   0   0   0  21]
 [  3   0   1   3   0   0  38]
 [  0   1   1   0   3   1   0]
 [  4   0   0   0   0  44  17]
 [ 10   0   0   1   0   3 103]]

NB Bernoulli
Classification_report:
             precision    recall  f1-score   support

          B       0.53      0.92      0.67       179
          C       0.00      0.00      0.00        20
          G       0.00      0.00      0.00        36
          M       0.45      0.15      0.23        59
          O       0.00      0.00      0.00         1
          P       0.85      0.32      0.47        68
          R       0.37      0.37      0.37       102

avg / total       0.47      0.50      0.44       465

[[165   0   1   0   0   1  12]
 [  7   0   2   3   0   0   8]
 [ 34   0   0   0   0   1   1]
 [ 19   0   0   9   0   1  30]
 [  0   0   0   0   0   1   0]
 [ 31   1   0   1   0  22  13]
 [ 56   0   1   7   0   0  38]]

NB Bernoulli
Classification_report:
             precision    recall  f1-score   support

          B       0.57      0.82      0.67       256
          C       0.57      0.10      0.17        40
          G       0.53      0.12      0.20        72
          M       0.35      0.13      0.19       104
          O       1.00      0.43      0.60         7
          P       0.85      0.62      0.72       133
          R       0.47      0.64      0.54       219

avg / total       0.56      0.56      0.52       831

[[209   0   4   3   0   7  33]
 [  8   4   1   2   0   1  24]
 [ 49   0   9   1   0   0  13]
 [ 22   0   0  14   0   0  68]
 [  0   3   0   0   3   1   0]
 [ 24   0   0   6   0  83  20]
 [ 56   0   3  14   0   6 140]]