SVM RBF
Classification_report:
             precision    recall  f1-score   support

          B       0.80      0.05      0.10        77
          C       0.00      0.00      0.00        20
          G       0.00      0.00      0.00        36
          M       0.00      0.00      0.00        45
          O       0.00      0.00      0.00         6
          P       0.00      0.00      0.00        65
          R       0.32      0.99      0.49       117

avg / total       0.27      0.33      0.18       366

[[  4   0   0   0   0   0  73]
 [  0   0   0   0   0   0  20]
 [  0   0   0   0   0   0  36]
 [  0   0   0   0   0   0  45]
 [  0   0   0   0   0   0   6]
 [  0   0   0   0   0   0  65]
 [  1   0   0   0   0   0 116]]

SVM linear
Classification_report:
             precision    recall  f1-score   support

          B       0.34      0.40      0.37        77
          C       0.07      0.10      0.08        20
          G       0.33      0.36      0.35        36
          M       0.15      0.20      0.17        45
          O       0.60      0.50      0.55         6
          P       0.57      0.51      0.54        65
          R       0.43      0.30      0.35       117

avg / total       0.37      0.34      0.35       366

[[31  8 13 10  0  5 10]
 [ 8  2  1  0  1  1  7]
 [13  5 13  2  0  2  1]
 [12  1  0  9  0  4 19]
 [ 0  0  0  0  3  1  2]
 [ 4  7  5  8  0 33  8]
 [23  6  7 33  1 12 35]]

KNN
Classification_report:
             precision    recall  f1-score   support

          B       0.35      0.47      0.40        77
          C       0.20      0.15      0.17        20
          G       0.22      0.25      0.23        36
          M       0.14      0.13      0.13        45
          O       0.00      0.00      0.00         6
          P       0.36      0.32      0.34        65
          R       0.40      0.35      0.37       117

avg / total       0.32      0.32      0.31       366

[[36  2 10  5  1  6 17]
 [ 7  3  3  0  0  4  3]
 [11  4  9  0  1  4  7]
 [11  1  2  6  0  4 21]
 [ 0  0  2  0  0  3  1]
 [11  3  5 12  1 21 12]
 [27  2 10 21  0 16 41]]

NB Gaussian
Classification_report:
             precision    recall  f1-score   support

          B       0.47      0.09      0.15        77
          C       0.10      0.20      0.13        20
          G       0.24      0.11      0.15        36
          M       0.20      0.40      0.27        45
          O       0.00      0.00      0.00         6
          P       0.33      0.32      0.33        65
          R       0.34      0.40      0.37       117

avg / total       0.32      0.28      0.26       366

[[ 7  7  5 15  0  9 34]
 [ 0  4  3  1  0  2 10]
 [ 3  6  4  4  0  7 12]
 [ 0  2  1 18  0  7 17]
 [ 0  0  0  0  0  2  4]
 [ 0 13  1 14  1 21 15]
 [ 5  9  3 36  1 16 47]]

NB Bernoulli
Classification_report:
             precision    recall  f1-score   support

          B       0.42      0.40      0.41        77
          C       0.08      0.05      0.06        20
          G       0.32      0.31      0.31        36
          M       0.35      0.38      0.36        45
          O       0.20      0.17      0.18         6
          P       0.43      0.54      0.48        65
          R       0.45      0.42      0.43       117

avg / total       0.39      0.40      0.39       366

[[31  4  8 10  1  7 16]
 [ 1  1  4  0  0  4 10]
 [ 8  1 11  0  0  6 10]
 [ 5  0  1 17  1  6 15]
 [ 0  1  0  0  1  2  2]
 [ 7  2  5  8  0 35  8]
 [22  4  5 14  2 21 49]]

DT
Classification_report:
             precision    recall  f1-score   support

          B       0.28      0.27      0.27        77
          C       0.12      0.10      0.11        20
          G       0.14      0.11      0.12        36
          M       0.12      0.16      0.14        45
          O       0.00      0.00      0.00         6
          P       0.30      0.32      0.31        65
          R       0.41      0.40      0.40       117

avg / total       0.28      0.28      0.28       366

[[21  2  4 11  1 11 27]
 [ 3  2  2  4  0  2  7]
 [11  1  4  5  2  7  6]
 [ 9  2  2  7  1 10 14]
 [ 0  0  1  3  0  2  0]
 [ 9  2  6 12  0 21 15]
 [23  7  9 14  1 16 47]]

CRF
Classification_report:
             precision    recall  f1-score   support

          B       0.53      0.55      0.54        77
          C       0.46      0.30      0.36        20
          G       0.36      0.28      0.31        36
          M       0.23      0.18      0.20        45
          O       0.00      0.00      0.00         6
          P       0.61      0.51      0.55        65
          R       0.50      0.67      0.57       117

avg / total       0.47      0.48      0.47       366

CRF 2.0
Classification_report:
             precision    recall  f1-score   support

          B       0.60      0.51      0.55        77
          C       0.25      0.20      0.22        20
          G       0.45      0.39      0.42        36
          M       0.27      0.29      0.28        45
          O       0.00      0.00      0.00         6
          P       0.54      0.54      0.54        65
          R       0.53      0.63      0.58       117

avg / total       0.48      0.49      0.48       366


SVM RBF
Classification_report:
             precision    recall  f1-score   support

          B       0.38      1.00      0.56       179
          C       0.00      0.00      0.00        20
          G       0.00      0.00      0.00        36
          M       0.00      0.00      0.00        59
          O       0.00      0.00      0.00         1
          P       0.00      0.00      0.00        68
          R       0.00      0.00      0.00       102

avg / total       0.15      0.38      0.21       465

[[179   0   0   0   0   0   0]
 [ 20   0   0   0   0   0   0]
 [ 36   0   0   0   0   0   0]
 [ 59   0   0   0   0   0   0]
 [  1   0   0   0   0   0   0]
 [ 68   0   0   0   0   0   0]
 [102   0   0   0   0   0   0]]

SVM linear
Classification_report:
             precision    recall  f1-score   support

          B       0.60      0.60      0.60       179
          C       0.16      0.15      0.15        20
          G       0.31      0.33      0.32        36
          M       0.36      0.41      0.38        59
          O       0.00      0.00      0.00         1
          P       0.47      0.60      0.53        68
          R       0.49      0.36      0.42       102

avg / total       0.48      0.48      0.48       465

[[107   5  24  11   0  20  12]
 [  2   3   0   3   0   2  10]
 [ 21   0  12   0   0   1   2]
 [ 12   3   0  24   0   9  11]
 [  0   0   0   0   0   1   0]
 [ 16   3   1   3   0  41   4]
 [ 20   5   2  25   0  13  37]]

KNN
Classification_report:
             precision    recall  f1-score   support

          B       0.45      0.70      0.55       179
          C       0.15      0.15      0.15        20
          G       0.09      0.06      0.07        36
          M       0.31      0.20      0.24        59
          O       0.00      0.00      0.00         1
          P       0.47      0.24      0.31        68
          R       0.31      0.23      0.26       102

avg / total       0.36      0.39      0.36       465

[[125   7  14   8   0   7  18]
 [ 12   3   0   1   0   0   4]
 [ 28   2   2   1   0   1   2]
 [ 31   0   0  12   0   2  14]
 [  0   0   0   0   0   0   1]
 [ 27   3   3   7   0  16  12]
 [ 53   5   3  10   0   8  23]]

NB Gaussian
Classification_report:
             precision    recall  f1-score   support

          B       0.58      0.68      0.62       179
          C       0.21      0.30      0.25        20
          G       0.27      0.33      0.30        36
          M       0.38      0.44      0.41        59
          O       0.00      0.00      0.00         1
          P       0.35      0.44      0.39        68
          R       0.48      0.14      0.21       102

avg / total       0.46      0.45      0.43       465

[[121   0  27   5   0  24   2]
 [  1   6   0   2   0   4   7]
 [ 23   0  12   0   0   1   0]
 [ 15   3   1  26   0   9   5]
 [  1   0   0   0   0   0   0]
 [ 28   3   2   4   0  30   1]
 [ 21  16   2  31   0  18  14]]

NB Bernoulli
Classification_report:
             precision    recall  f1-score   support

          B       0.57      0.58      0.58       179
          C       0.06      0.05      0.05        20
          G       0.28      0.14      0.19        36
          M       0.33      0.34      0.33        59
          O       0.00      0.00      0.00         1
          P       0.45      0.50      0.48        68
          R       0.32      0.34      0.33       102

avg / total       0.42      0.43      0.42       465

[[104   8  11  10   0  14  32]
 [  6   1   0   1   0   3   9]
 [ 23   0   5   4   0   1   3]
 [ 12   2   0  20   0   6  19]
 [  0   0   0   0   0   1   0]
 [ 12   1   1   6   1  34  13]
 [ 24   6   1  20   0  16  35]]

DT
Classification_report:
             precision    recall  f1-score   support

          B       0.75      0.75      0.75       179
          C       0.08      0.10      0.09        20
          G       0.48      0.44      0.46        36
          M       0.40      0.39      0.40        59
          O       0.00      0.00      0.00         1
          P       0.57      0.54      0.56        68
          R       0.43      0.43      0.43       102

avg / total       0.56      0.55      0.55       465

[[134   3  15   6   0  11  10]
 [  0   2   0   3   0   2  13]
 [ 18   0  16   0   0   1   1]
 [  4   1   0  23   0   5  26]
 [  0   0   0   0   0   1   0]
 [ 14   2   0   3   4  37   8]
 [  9  17   2  22   0   8  44]]

CRF
Classification_report:
             precision    recall  f1-score   support

          B       0.83      0.94      0.88       179
          C       0.30      0.15      0.20        20
          G       0.80      0.56      0.66        36
          M       0.50      0.39      0.44        59
          O       0.00      0.00      0.00         1
          P       0.86      0.72      0.78        68
          R       0.56      0.68      0.61       102

avg / total       0.71      0.72      0.70       465

CRF 2.0
Classification_report:
             precision    recall  f1-score   support

          B       0.95      0.98      0.96       179
          C       0.44      0.40      0.42        20
          G       0.97      0.83      0.90        36
          M       0.79      0.75      0.77        59
          O       0.00      0.00      0.00         1
          P       0.89      0.79      0.84        68
          R       0.77      0.87      0.82       102

avg / total       0.86      0.86      0.86       465


SVM RBF
Classification_report:
             precision    recall  f1-score   support

          B       0.33      0.95      0.49       256
          C       0.00      0.00      0.00        40
          G       0.00      0.00      0.00        72
          M       0.00      0.00      0.00       104
          O       0.00      0.00      0.00         7
          P       1.00      0.09      0.17       133
          R       0.44      0.17      0.25       219

avg / total       0.38      0.35      0.24       831

[[243   0   0   0   0   0  13]
 [ 36   0   0   0   0   0   4]
 [ 71   0   0   0   0   0   1]
 [ 88   0   0   0   0   0  16]
 [  6   0   0   0   0   0   1]
 [107   0   0   0   0  12  14]
 [181   0   0   0   0   0  38]]

SVM linear
Classification_report:
             precision    recall  f1-score   support

          B       0.56      0.62      0.59       256
          C       0.17      0.23      0.19        40
          G       0.28      0.32      0.30        72
          M       0.30      0.33      0.31       104
          O       0.27      0.43      0.33         7
          P       0.55      0.49      0.52       133
          R       0.43      0.32      0.37       219

avg / total       0.44      0.44      0.44       831

[[158   9  37  13   0  14  25]
 [  3   9   4   1   2   5  16]
 [ 38   5  23   1   0   0   5]
 [ 17   5   2  34   2   9  35]
 [  0   0   0   0   3   2   2]
 [ 24   8   6  17   0  65  13]
 [ 43  17  11  49   4  24  71]]

KNN
Classification_report:
             precision    recall  f1-score   support

          B       0.39      0.59      0.47       256
          C       0.06      0.05      0.05        40
          G       0.16      0.14      0.15        72
          M       0.32      0.22      0.26       104
          O       0.33      0.14      0.20         7
          P       0.48      0.32      0.39       133
          R       0.35      0.28      0.31       219

avg / total       0.35      0.35      0.34       831

[[152   7  25  11   0  15  46]
 [ 18   2   6   1   0   4   9]
 [ 41   4  10   3   0   5   9]
 [ 40   3   2  23   0   8  28]
 [  1   0   0   0   1   0   5]
 [ 49   4   8   9   0  43  20]
 [ 88  15  12  26   2  14  62]]

NB Gaussian
Classification_report:
             precision    recall  f1-score   support

          B       0.59      0.42      0.49       256
          C       0.16      0.35      0.22        40
          G       0.28      0.25      0.26        72
          M       0.22      0.40      0.28       104
          O       0.20      0.14      0.17         7
          P       0.38      0.56      0.45       133
          R       0.50      0.24      0.32       219

avg / total       0.44      0.37      0.38       831

[[107  20  30  48   1  36  14]
 [  4  14   3   2   0   7  10]
 [ 26   6  18   7   0  13   2]
 [  9   2   7  42   0  26  18]
 [  1   0   0   0   1   3   2]
 [ 11  18   4  19   1  75   5]
 [ 24  27   3  73   2  38  52]]

NB Bernoulli
Classification_report:
             precision    recall  f1-score   support

          B       0.52      0.53      0.52       256
          C       0.19      0.15      0.17        40
          G       0.31      0.26      0.28        72
          M       0.24      0.18      0.21       104
          O       0.10      0.14      0.12         7
          P       0.43      0.58      0.50       133
          R       0.38      0.36      0.37       219

avg / total       0.39      0.40      0.40       831

[[135  13  23  13   3  26  43]
 [  6   6   4   1   0   9  14]
 [ 28   4  19   2   0   8  11]
 [ 21   0   3  19   1  17  43]
 [  1   0   0   0   1   4   1]
 [ 21   4   4   7   3  77  17]
 [ 50   5   9  37   2  37  79]]

DT
Classification_report:
             precision    recall  f1-score   support

          B       0.59      0.58      0.58       256
          C       0.17      0.17      0.17        40
          G       0.28      0.32      0.30        72
          M       0.27      0.28      0.27       104
          O       0.00      0.00      0.00         7
          P       0.51      0.47      0.49       133
          R       0.44      0.45      0.44       219

avg / total       0.44      0.44      0.44       831

[[148   9  31  15   1  16  36]
 [  6   7   4   4   0   3  16]
 [ 25   2  23   5   0   6  11]
 [ 20   2   2  29   0  11  40]
 [  0   0   0   3   0   3   1]
 [ 20   8   7  12   1  62  23]
 [ 33  14  14  39   0  21  98]]

CRF
Classification_report:
             precision    recall  f1-score   support

          B       0.74      0.83      0.78       256
          C       0.64      0.23      0.33        40
          G       0.60      0.50      0.55        72
          M       0.45      0.29      0.35       104
          O       0.00      0.00      0.00         7
          P       0.72      0.60      0.66       133
          R       0.53      0.68      0.59       219

avg / total       0.62      0.62      0.61       831

CRF 2.0
Classification_report:
             precision    recall  f1-score   support

          B       0.89      0.88      0.89       256
          C       0.41      0.33      0.36        40
          G       0.72      0.69      0.71        72
          M       0.56      0.56      0.56       104
          O       0.00      0.00      0.00         7
          P       0.73      0.73      0.73       133
          R       0.66      0.72      0.69       219

avg / total       0.72      0.72      0.72       831
