SVM RBF
Classification_report:
             precision    recall  f1-score   support

          B       0.70      0.09      0.16        77
          C       0.00      0.00      0.00        20
          G       0.00      0.00      0.00        36
          M       0.00      0.00      0.00        45
          O       0.00      0.00      0.00         6
          P       1.00      0.09      0.17        65
          R       0.33      0.97      0.49       117

avg / total       0.43      0.35      0.22       366

[[  7   0   0   0   0   0  70]
 [  0   0   0   0   0   0  20]
 [  0   0   0   0   0   0  36]
 [  0   0   0   0   0   0  45]
 [  0   0   0   0   0   0   6]
 [  0   0   0   0   0   6  59]
 [  3   0   0   0   0   0 114]]

SVM linear
Classification_report:
             precision    recall  f1-score   support

          B       0.40      0.42      0.41        77
          C       0.18      0.20      0.19        20
          G       0.47      0.42      0.44        36
          M       0.21      0.24      0.22        45
          O       1.00      0.33      0.50         6
          P       0.62      0.55      0.59        65
          R       0.47      0.47      0.47       117

avg / total       0.44      0.42      0.43       366

[[32  6  8  8  0  4 19]
 [ 3  4  1  1  0  1 10]
 [11  3 15  3  0  2  2]
 [ 9  1  1 11  0  5 18]
 [ 0  0  0  0  2  2  2]
 [ 7  3  2  5  0 36 12]
 [19  5  5 25  0  8 55]]

KNN
Classification_report:
             precision    recall  f1-score   support

          B       0.28      0.39      0.33        77
          C       0.24      0.20      0.22        20
          G       0.18      0.22      0.20        36
          M       0.21      0.18      0.19        45
          O       0.20      0.17      0.18         6
          P       0.38      0.32      0.35        65
          R       0.42      0.36      0.39       117

avg / total       0.32      0.31      0.31       366

[[30  2 12  6  1  7 19]
 [ 3  4  4  0  0  5  4]
 [12  5  8  0  1  5  5]
 [14  0  1  8  1  5 16]
 [ 1  0  1  1  1  1  1]
 [17  1  7  6  1 21 12]
 [29  5 11 18  0 12 42]]

NB Gaussian
Classification_report:
             precision    recall  f1-score   support

          B       0.53      0.27      0.36        77
          C       0.10      0.20      0.13        20
          G       0.31      0.22      0.26        36
          M       0.24      0.36      0.29        45
          O       0.00      0.00      0.00         6
          P       0.36      0.25      0.29        65
          R       0.39      0.50      0.44       117

avg / total       0.36      0.34      0.33       366

[[21  6  6 11  0  5 28]
 [ 1  4  4  1  0  1  9]
 [ 8  6  8  1  0  1 12]
 [ 1  3  1 16  0  7 17]
 [ 0  1  0  0  0  1  4]
 [ 1 11  4 13  0 16 20]
 [ 8  9  3 25  0 14 58]]

NB Bernoulli
Classification_report:
             precision    recall  f1-score   support

          B       0.41      0.34      0.37        77
          C       0.14      0.10      0.12        20
          G       0.32      0.42      0.36        36
          M       0.31      0.40      0.35        45
          O       0.00      0.00      0.00         6
          P       0.49      0.55      0.52        65
          R       0.43      0.38      0.41       117

avg / total       0.39      0.39      0.38       366

[[26  3 15  5  0  9 19]
 [ 4  2  1  1  0  2 10]
 [ 9  1 15  0  0  5  6]
 [ 4  0  3 18  2  4 14]
 [ 0  1  1  0  0  1  3]
 [ 3  2  5 11  1 36  7]
 [18  5  7 24  2 16 45]]

DT
Classification_report:
             precision    recall  f1-score   support

          B       0.25      0.25      0.25        77
          C       0.00      0.00      0.00        20
          G       0.26      0.25      0.26        36
          M       0.14      0.16      0.15        45
          O       0.00      0.00      0.00         6
          P       0.28      0.29      0.28        65
          R       0.38      0.38      0.38       117

avg / total       0.26      0.27      0.27       366

[[19  3 10 12  1 15 17]
 [ 3  0  2  3  1  2  9]
 [ 7  4  9  5  0  5  6]
 [ 5  1  2  7  0  7 23]
 [ 1  0  1  1  0  2  1]
 [13  1  8  5  2 19 17]
 [28  3  2 17  4 19 44]]

CRF
Classification_report:
             precision    recall  f1-score   support

          B       0.54      0.57      0.55        77
          C       0.38      0.25      0.30        20
          G       0.42      0.31      0.35        36
          M       0.19      0.13      0.16        45
          O       0.00      0.00      0.00         6
          P       0.65      0.51      0.57        65
          R       0.50      0.69      0.58       117

avg / total       0.47      0.49      0.47       366

CRF 2.0
Classification_report:
             precision    recall  f1-score   support

          B       0.54      0.55      0.54        77
          C       0.18      0.10      0.13        20
          G       0.28      0.19      0.23        36
          M       0.31      0.31      0.31        45
          O       0.00      0.00      0.00         6
          P       0.54      0.48      0.51        65
          R       0.53      0.68      0.60       117

avg / total       0.46      0.48      0.46       366


SVM RBF
Classification_report:
             precision    recall  f1-score   support

          B       0.40      0.99      0.57       179
          C       0.00      0.00      0.00        20
          G       0.00      0.00      0.00        36
          M       0.00      0.00      0.00        59
          O       0.00      0.00      0.00         1
          P       0.92      0.18      0.30        68
          R       0.40      0.04      0.07       102

avg / total       0.38      0.42      0.28       465

[[178   0   0   0   0   0   1]
 [ 19   0   0   0   0   0   1]
 [ 36   0   0   0   0   0   0]
 [ 56   0   0   0   0   0   3]
 [  1   0   0   0   0   0   0]
 [ 55   0   0   0   0  12   1]
 [ 97   0   0   0   0   1   4]]

SVM linear
Classification_report:
             precision    recall  f1-score   support

          B       0.60      0.64      0.62       179
          C       0.07      0.05      0.06        20
          G       0.28      0.25      0.26        36
          M       0.30      0.34      0.32        59
          O       0.00      0.00      0.00         1
          P       0.51      0.54      0.53        68
          R       0.42      0.36      0.39       102

avg / total       0.46      0.47      0.46       465

[[114   1  20  14   0  17  13]
 [  6   1   0   2   0   2   9]
 [ 24   0   9   0   0   1   2]
 [  9   3   1  20   0   6  20]
 [  0   0   0   0   0   0   1]
 [ 16   3   0   5   0  37   7]
 [ 21   7   2  26   0   9  37]]

KNN
Classification_report:
             precision    recall  f1-score   support

          B       0.49      0.73      0.59       179
          C       0.12      0.20      0.15        20
          G       0.32      0.22      0.26        36
          M       0.29      0.20      0.24        59
          O       0.00      0.00      0.00         1
          P       0.47      0.24      0.31        68
          R       0.34      0.23      0.27       102

avg / total       0.40      0.42      0.39       465

[[131   8  11   9   0   7  13]
 [ 12   4   0   1   0   0   3]
 [ 18   3   8   4   0   0   3]
 [ 28   3   1  12   0   4  11]
 [  0   0   0   0   0   0   1]
 [ 25   5   2   7   0  16  13]
 [ 52   9   3   8   0   7  23]]

NB Gaussian
Classification_report:
             precision    recall  f1-score   support

          B       0.56      0.64      0.60       179
          C       0.00      0.00      0.00        20
          G       0.25      0.28      0.26        36
          M       0.36      0.39      0.37        59
          O       0.00      0.00      0.00         1
          P       0.39      0.50      0.44        68
          R       0.37      0.19      0.25       102

avg / total       0.42      0.43      0.42       465

[[115   1  27   9   0  20   7]
 [  6   0   0   2   0   6   6]
 [ 23   0  10   1   0   2   0]
 [ 14   1   2  23   0   7  12]
 [  0   0   0   0   0   0   1]
 [ 22   2   1   3   0  34   6]
 [ 26  13   0  26   0  18  19]]

NB Bernoulli
Classification_report:
             precision    recall  f1-score   support

          B       0.55      0.47      0.51       179
          C       0.05      0.05      0.05        20
          G       0.22      0.25      0.23        36
          M       0.33      0.46      0.39        59
          O       0.00      0.00      0.00         1
          P       0.39      0.57      0.46        68
          R       0.32      0.23      0.27       102

avg / total       0.40      0.39      0.39       465

[[84  8 21 16  0 28 22]
 [ 7  1  0  5  0  4  3]
 [18  0  9  4  0  2  3]
 [ 6  3  3 27  0  7 13]
 [ 0  0  0  0  0  0  1]
 [14  2  2  5  0 39  6]
 [24  5  6 24  0 20 23]]

DT
Classification_report:
             precision    recall  f1-score   support

          B       0.77      0.71      0.74       179
          C       0.08      0.10      0.09        20
          G       0.52      0.64      0.57        36
          M       0.32      0.32      0.32        59
          O       0.00      0.00      0.00         1
          P       0.51      0.57      0.54        68
          R       0.38      0.35      0.37       102

avg / total       0.54      0.53      0.53       465

[[127   0  19   3   0  21   9]
 [  1   2   0   2   0   3  12]
 [ 12   0  23   0   0   0   1]
 [  4   6   1  19   0   2  27]
 [  0   0   0   0   0   1   0]
 [ 13   2   1   4   0  39   9]
 [  8  16   0  31   0  11  36]]

CRF
Classification_report:
             precision    recall  f1-score   support

          B       0.82      0.94      0.88       179
          C       0.38      0.15      0.21        20
          G       0.76      0.53      0.62        36
          M       0.51      0.44      0.47        59
          O       0.00      0.00      0.00         1
          P       0.81      0.69      0.75        68
          R       0.59      0.69      0.64       102

avg / total       0.71      0.72      0.70       465

CRF 2.0
Classification_report:
             precision    recall  f1-score   support

          B       0.82      0.89      0.86       179
          C       0.40      0.30      0.34        20
          G       0.64      0.44      0.52        36
          M       0.57      0.54      0.56        59
          O       0.00      0.00      0.00         1
          P       0.73      0.71      0.72        68
          R       0.61      0.65      0.63       102

avg / total       0.70      0.71      0.70       465


SVM RBF
Classification_report:
             precision    recall  f1-score   support

          B       0.40      0.88      0.55       256
          C       0.00      0.00      0.00        40
          G       0.00      0.00      0.00        72
          M       0.00      0.00      0.00       104
          O       0.00      0.00      0.00         7
          P       0.81      0.23      0.35       133
          R       0.46      0.50      0.48       219

avg / total       0.38      0.44      0.35       831

[[225   0   0   0   0   0  31]
 [ 27   0   0   0   0   1  12]
 [ 68   0   0   0   0   1   3]
 [ 48   0   0   0   0   1  55]
 [  2   0   0   0   0   2   3]
 [ 79   0   0   0   0  30  24]
 [108   0   0   0   0   2 109]]

SVM linear
Classification_report:
             precision    recall  f1-score   support

          B       0.54      0.61      0.57       256
          C       0.22      0.20      0.21        40
          G       0.30      0.31      0.30        72
          M       0.31      0.33      0.32       104
          O       0.20      0.14      0.17         7
          P       0.57      0.56      0.57       133
          R       0.47      0.41      0.44       219

avg / total       0.46      0.46      0.46       831

[[155   7  35  13   0  12  34]
 [  8   8   3   1   1   5  14]
 [ 38   1  22   2   0   3   6]
 [ 20   2   1  34   1  11  35]
 [  0   0   0   0   1   4   2]
 [ 26   6   5  12   0  75   9]
 [ 39  13   7  46   2  22  90]]

KNN
Classification_report:
             precision    recall  f1-score   support

          B       0.39      0.51      0.44       256
          C       0.07      0.07      0.07        40
          G       0.13      0.11      0.12        72
          M       0.25      0.16      0.20       104
          O       0.33      0.29      0.31         7
          P       0.41      0.36      0.38       133
          R       0.35      0.32      0.34       219

avg / total       0.33      0.34      0.33       831

[[130  10  26  15   1  26  48]
 [ 13   3   3   2   0   4  15]
 [ 45   3   8   2   1   6   7]
 [ 27   2   6  17   0  12  40]
 [  2   0   0   1   2   0   2]
 [ 38   8   9   9   0  48  21]
 [ 77  19   8  21   2  21  71]]

NB Gaussian
Classification_report:
             precision    recall  f1-score   support

          B       0.54      0.53      0.53       256
          C       0.11      0.23      0.15        40
          G       0.28      0.33      0.30        72
          M       0.22      0.34      0.27       104
          O       0.00      0.00      0.00         7
          P       0.42      0.40      0.41       133
          R       0.42      0.25      0.31       219

avg / total       0.40      0.37      0.38       831

[[135  17  36  30   0  21  17]
 [  7   9   4   2   0   6  12]
 [ 28   7  24   4   0   3   6]
 [ 17   3   7  35   0  14  28]
 [  1   1   0   0   0   2   3]
 [ 26  21   5  19   0  53   9]
 [ 37  24  10  66   1  27  54]]

NB Bernoulli
Classification_report:
             precision    recall  f1-score   support

          B       0.54      0.48      0.51       256
          C       0.16      0.20      0.18        40
          G       0.30      0.39      0.34        72
          M       0.29      0.29      0.29       104
          O       0.17      0.14      0.15         7
          P       0.44      0.60      0.51       133
          R       0.41      0.31      0.35       219

avg / total       0.42      0.41      0.41       831

[[123  16  42  21   1  23  30]
 [  8   8   4   4   0  11   5]
 [ 28   4  28   0   0   5   7]
 [ 15   4   2  30   1  17  35]
 [  0   1   0   0   1   2   3]
 [ 15   5   8   7   1  80  17]
 [ 39  13  10  43   2  44  68]]

DT
Classification_report:
             precision    recall  f1-score   support

          B       0.56      0.54      0.55       256
          C       0.04      0.03      0.03        40
          G       0.28      0.26      0.27        72
          M       0.19      0.18      0.19       104
          O       0.00      0.00      0.00         7
          P       0.42      0.41      0.41       133
          R       0.41      0.47      0.44       219

avg / total       0.40      0.40      0.40       831

[[139   6  24  22   1  22  42]
 [  7   1   1   5   1   6  19]
 [ 28   0  19   5   1  11   8]
 [ 14   2   8  19   0  15  46]
 [  1   0   1   0   0   2   3]
 [ 24   4   4  13   2  54  32]
 [ 34  15  11  34   4  18 103]]

CRF
Classification_report:
             precision    recall  f1-score   support

          B       0.73      0.83      0.78       256
          C       0.65      0.33      0.43        40
          G       0.61      0.50      0.55        72
          M       0.39      0.26      0.31       104
          O       0.00      0.00      0.00         7
          P       0.73      0.60      0.66       133
          R       0.55      0.71      0.62       219

avg / total       0.62      0.63      0.62       831

CRF 2.0
Classification_report:
             precision    recall  f1-score   support

          B       0.82      0.84      0.83       256
          C       0.31      0.28      0.29        40
          G       0.63      0.51      0.56        72
          M       0.57      0.52      0.54       104
          O       0.00      0.00      0.00         7
          P       0.68      0.65      0.67       133
          R       0.63      0.72      0.67       219

avg / total       0.67      0.68      0.67       831
