SVM RBF
Classification_report:
             precision    recall  f1-score   support

          B       0.46      0.31      0.37        77
          C       0.00      0.00      0.00        20
          G       0.00      0.00      0.00        36
          M       0.00      0.00      0.00        45
          O       0.00      0.00      0.00         6
          P       0.78      0.38      0.52        65
          R       0.35      0.85      0.50       117

avg / total       0.35      0.41      0.33       366

[[ 24   0   0   0   0   1  52]
 [  0   0   0   0   0   0  20]
 [  9   0   0   0   0   0  27]
 [  0   0   0   0   0   3  42]
 [  0   0   0   0   0   1   5]
 [  4   0   0   0   0  25  36]
 [ 15   0   0   0   0   2 100]]

SVM linear
Classification_report:
             precision    recall  f1-score   support

          B       0.40      0.44      0.42        77
          C       0.20      0.20      0.20        20
          G       0.41      0.36      0.38        36
          M       0.23      0.24      0.24        45
          O       1.00      0.17      0.29         6
          P       0.59      0.57      0.58        65
          R       0.47      0.47      0.47       117

avg / total       0.43      0.42      0.42       366

[[34  4 12  3  0  5 19]
 [ 5  4  0  1  0  2  8]
 [13  2 13  2  0  0  6]
 [ 9  0  0 11  0  5 20]
 [ 0  0  0  0  1  4  1]
 [ 6  2  3  8  0 37  9]
 [17  8  4 23  0 10 55]]

KNN
Classification_report:
             precision    recall  f1-score   support

          B       0.27      0.32      0.30        77
          C       0.07      0.05      0.06        20
          G       0.20      0.22      0.21        36
          M       0.32      0.38      0.35        45
          O       0.00      0.00      0.00         6
          P       0.40      0.38      0.39        65
          R       0.40      0.35      0.37       117

avg / total       0.32      0.32      0.32       366

[[25  2  8  9  0  9 24]
 [ 6  1  4  0  0  2  7]
 [13  3  8  0  0  4  8]
 [ 8  0  1 17  0  5 14]
 [ 0  0  2  0  0  3  1]
 [15  3  9  4  2 25  7]
 [25  5  9 23  0 14 41]]

NB Gaussian
Classification_report:
             precision    recall  f1-score   support

          B       0.55      0.14      0.23        77
          C       0.12      0.25      0.17        20
          G       0.30      0.08      0.13        36
          M       0.19      0.24      0.22        45
          O       0.00      0.00      0.00         6
          P       0.31      0.32      0.32        65
          R       0.37      0.54      0.44       117

avg / total       0.35      0.31      0.29       366

[[11  9  5 12  0  8 32]
 [ 0  5  1  0  0  5  9]
 [ 4  6  3  2  0  6 15]
 [ 0  3  0 11  0  5 26]
 [ 0  0  0  0  0  2  4]
 [ 0 11  1 10  0 21 22]
 [ 5  6  0 22  0 21 63]]

NB Bernoulli
Classification_report:
             precision    recall  f1-score   support

          B       0.47      0.36      0.41        77
          C       0.00      0.00      0.00        20
          G       0.21      0.14      0.17        36
          M       0.36      0.22      0.27        45
          O       0.00      0.00      0.00         6
          P       0.50      0.63      0.56        65
          R       0.43      0.62      0.51       117

avg / total       0.39      0.43      0.40       366

[[28  1 10  3  0 10 25]
 [ 2  0  0  0  1  5 12]
 [15  1  5  0  0  3 12]
 [ 2  0  1 10  0  6 26]
 [ 0  0  1  0  0  2  3]
 [ 2  0  3  2  0 41 17]
 [10  2  4 13  1 15 72]]

DT
Classification_report:
             precision    recall  f1-score   support

          B       0.35      0.40      0.38        77
          C       0.15      0.15      0.15        20
          G       0.09      0.08      0.09        36
          M       0.17      0.18      0.17        45
          O       0.00      0.00      0.00         6
          P       0.26      0.18      0.21        65
          R       0.41      0.44      0.43       117

avg / total       0.29      0.30      0.29       366

[[31  4  5  7  1  6 23]
 [ 4  3  1  4  0  2  6]
 [13  2  3  1  2  5 10]
 [ 5  2  0  8  1 12 17]
 [ 2  0  0  2  0  1  1]
 [16  5  8  6  3 12 15]
 [17  4 16 20  0  9 51]]

CRF
Classification_report:
             precision    recall  f1-score   support

          B       0.56      0.52      0.54        77
          C       0.46      0.30      0.36        20
          G       0.36      0.28      0.31        36
          M       0.17      0.11      0.13        45
          O       0.00      0.00      0.00         6
          P       0.57      0.49      0.53        65
          R       0.47      0.68      0.56       117

avg / total       0.45      0.47      0.45       366

CRF 2.0
Classification_report:
             precision    recall  f1-score   support

          B       0.54      0.56      0.55        77
          C       0.29      0.20      0.24        20
          G       0.29      0.28      0.28        36
          M       0.27      0.24      0.26        45
          O       0.00      0.00      0.00         6
          P       0.60      0.52      0.56        65
          R       0.56      0.66      0.60       117

avg / total       0.47      0.49      0.48       366


SVM RBF
Classification_report:
             precision    recall  f1-score   support

          B       0.48      0.96      0.64       179
          C       0.00      0.00      0.00        20
          G       0.00      0.00      0.00        36
          M       0.50      0.02      0.03        59
          O       0.00      0.00      0.00         1
          P       0.87      0.29      0.44        68
          R       0.45      0.36      0.40       102

avg / total       0.47      0.49      0.40       465

[[171   0   0   0   0   1   7]
 [ 13   0   0   0   0   0   7]
 [ 36   0   0   0   0   0   0]
 [ 31   0   0   1   0   1  26]
 [  0   0   0   0   0   0   1]
 [ 43   0   0   0   0  20   5]
 [ 63   0   0   1   0   1  37]]

SVM linear
Classification_report:
             precision    recall  f1-score   support

          B       0.68      0.75      0.72       179
          C       0.27      0.15      0.19        20
          G       0.48      0.42      0.45        36
          M       0.37      0.39      0.38        59
          O       0.00      0.00      0.00         1
          P       0.60      0.62      0.61        68
          R       0.46      0.42      0.44       102

avg / total       0.55      0.56      0.55       465

[[135   0  16   7   0  10  11]
 [  3   3   0   0   0   2  12]
 [ 18   0  15   0   0   2   1]
 [ 12   1   0  23   0   4  19]
 [  0   0   0   0   0   1   0]
 [ 14   1   0   4   0  42   7]
 [ 16   6   0  28   0   9  43]]

KNN
Classification_report:
             precision    recall  f1-score   support

          B       0.48      0.68      0.57       179
          C       0.14      0.15      0.14        20
          G       0.22      0.17      0.19        36
          M       0.26      0.19      0.22        59
          O       0.00      0.00      0.00         1
          P       0.53      0.38      0.44        68
          R       0.30      0.22      0.25       102

avg / total       0.39      0.41      0.39       465

[[122   7  13   9   0  12  16]
 [  9   3   0   1   0   0   7]
 [ 26   1   6   0   0   1   2]
 [ 23   3   3  11   0   3  16]
 [  0   0   0   0   0   0   1]
 [ 26   2   1   4   0  26   9]
 [ 46   6   4  17   0   7  22]]

NB Gaussian
Classification_report:
             precision    recall  f1-score   support

          B       0.53      0.59      0.55       179
          C       0.24      0.20      0.22        20
          G       0.22      0.33      0.26        36
          M       0.31      0.46      0.37        59
          O       0.00      0.00      0.00         1
          P       0.26      0.26      0.26        68
          R       0.43      0.16      0.23       102

avg / total       0.40      0.39      0.38       465

[[105   1  33  12   0  21   7]
 [  4   4   0   5   0   6   1]
 [ 19   1  12   0   0   3   1]
 [ 17   2   4  27   0   3   6]
 [  1   0   0   0   0   0   0]
 [ 32   0   4   8   0  18   6]
 [ 22   9   2  36   0  17  16]]

NB Bernoulli
Classification_report:
             precision    recall  f1-score   support

          B       0.50      0.55      0.53       179
          C       0.11      0.05      0.07        20
          G       0.22      0.11      0.15        36
          M       0.27      0.22      0.24        59
          O       0.00      0.00      0.00         1
          P       0.44      0.46      0.45        68
          R       0.35      0.41      0.38       102

avg / total       0.39      0.41      0.40       465

[[99  5 14 12  0 18 31]
 [ 9  1  0  1  0  4  5]
 [28  0  4  2  0  0  2]
 [13  0  0 13  0  8 25]
 [ 1  0  0  0  0  0  0]
 [16  1  0  3  1 31 16]
 [31  2  0 17  0 10 42]]

DT
Classification_report:
             precision    recall  f1-score   support

          B       0.76      0.77      0.76       179
          C       0.14      0.20      0.17        20
          G       0.54      0.53      0.54        36
          M       0.33      0.32      0.33        59
          O       0.00      0.00      0.00         1
          P       0.67      0.60      0.64        68
          R       0.43      0.43      0.43       102

avg / total       0.57      0.57      0.57       465

[[137   1  15   5   0   8  13]
 [  1   4   0   2   0   2  11]
 [ 14   0  19   0   0   2   1]
 [  5   7   0  19   0   3  25]
 [  0   0   0   0   0   1   0]
 [ 11   4   1   2   1  41   8]
 [ 13  12   0  29   0   4  44]]

CRF
Classification_report:
             precision    recall  f1-score   support

          B       0.83      0.94      0.88       179
          C       0.38      0.15      0.21        20
          G       0.80      0.56      0.66        36
          M       0.48      0.37      0.42        59
          O       0.00      0.00      0.00         1
          P       0.86      0.74      0.79        68
          R       0.54      0.67      0.60       102

avg / total       0.70      0.71      0.70       465

CRF 2.0
Classification_report:
             precision    recall  f1-score   support

          B       0.95      1.00      0.97       179
          C       0.64      0.35      0.45        20
          G       1.00      0.83      0.91        36
          M       0.78      0.73      0.75        59
          O       0.00      0.00      0.00         1
          P       0.93      0.93      0.93        68
          R       0.78      0.85      0.81       102

avg / total       0.87      0.88      0.87       465


SVM RBF
Classification_report:
             precision    recall  f1-score   support

          B       0.49      0.86      0.62       256
          C       0.00      0.00      0.00        40
          G       0.00      0.00      0.00        72
          M       0.75      0.03      0.06       104
          O       0.00      0.00      0.00         7
          P       0.80      0.38      0.52       133
          R       0.49      0.68      0.57       219

avg / total       0.50      0.51      0.43       831

[[221   0   0   0   0   1  34]
 [ 16   0   0   0   0   1  23]
 [ 66   0   0   0   0   0   6]
 [ 27   0   0   3   0   4  70]
 [  0   0   0   0   0   3   4]
 [ 60   0   0   0   0  51  22]
 [ 64   0   0   1   0   4 150]]

SVM linear
Classification_report:
             precision    recall  f1-score   support

          B       0.58      0.65      0.61       256
          C       0.27      0.25      0.26        40
          G       0.41      0.38      0.39        72
          M       0.28      0.29      0.28       104
          O       0.00      0.00      0.00         7
          P       0.62      0.58      0.60       133
          R       0.46      0.43      0.44       219

avg / total       0.48      0.49      0.48       831

[[167   6  29  13   0  13  28]
 [ 11  10   1   1   0   3  14]
 [ 35   2  27   2   0   0   6]
 [ 19   1   1  30   0   7  46]
 [  0   1   0   0   0   3   3]
 [ 22   6   4  11   0  77  13]
 [ 36  11   4  52   1  21  94]]

KNN
Classification_report:
             precision    recall  f1-score   support

          B       0.43      0.53      0.48       256
          C       0.09      0.07      0.08        40
          G       0.23      0.24      0.23        72
          M       0.25      0.19      0.22       104
          O       0.40      0.29      0.33         7
          P       0.50      0.47      0.48       133
          R       0.34      0.30      0.32       219

avg / total       0.36      0.37      0.36       831

[[136   5  29  13   0  23  50]
 [ 16   3   1   3   0   2  15]
 [ 34   1  17   4   0   7   9]
 [ 28   3   6  20   1   6  40]
 [  0   0   2   0   2   2   1]
 [ 31   8   7   8   1  63  15]
 [ 70  13  13  32   1  24  66]]

NB Gaussian
Classification_report:
             precision    recall  f1-score   support

          B       0.52      0.42      0.47       256
          C       0.09      0.23      0.13        40
          G       0.24      0.21      0.22        72
          M       0.18      0.49      0.26       104
          O       0.00      0.00      0.00         7
          P       0.35      0.25      0.29       133
          R       0.40      0.16      0.22       219

avg / total       0.37      0.30      0.31       831

[[107  24  29  66   0  15  15]
 [  6   9   4   7   0   6   8]
 [ 28   9  15  14   0   3   3]
 [ 17   4   6  51   0  10  16]
 [  1   0   0   1   0   2   3]
 [ 17  25   2  50   0  33   6]
 [ 28  24   6 100   1  26  34]]

NB Bernoulli
Classification_report:
             precision    recall  f1-score   support

          B       0.47      0.47      0.47       256
          C       0.05      0.03      0.03        40
          G       0.27      0.18      0.21        72
          M       0.24      0.19      0.21       104
          O       0.00      0.00      0.00         7
          P       0.45      0.57      0.50       133
          R       0.37      0.43      0.40       219

avg / total       0.37      0.39      0.38       831

[[120   9  25  20   0  25  57]
 [ 14   1   2   1   1  10  11]
 [ 44   0  13   2   0   5   8]
 [ 16   0   1  20   0  18  49]
 [  1   1   0   0   0   2   3]
 [ 14   4   2   5   1  76  31]
 [ 46   4   6  35   1  33  94]]

DT
Classification_report:
             precision    recall  f1-score   support

          B       0.55      0.55      0.55       256
          C       0.07      0.07      0.07        40
          G       0.36      0.31      0.33        72
          M       0.18      0.21      0.19       104
          O       0.00      0.00      0.00         7
          P       0.50      0.53      0.51       133
          R       0.39      0.35      0.37       219

avg / total       0.41      0.40      0.41       831

[[141   9  26  30   2  18  30]
 [  8   3   1   4   0   3  21]
 [ 27   1  22   6   0   6  10]
 [ 23   8   5  22   1  10  35]
 [  0   0   0   1   0   4   2]
 [ 20   5   2  11   3  70  22]
 [ 37  19   5  49   4  28  77]]

CRF
Classification_report:
             precision    recall  f1-score   support

          B       0.74      0.83      0.79       256
          C       0.55      0.28      0.37        40
          G       0.63      0.50      0.56        72
          M       0.41      0.28      0.33       104
          O       0.00      0.00      0.00         7
          P       0.75      0.62      0.68       133
          R       0.53      0.70      0.61       219

avg / total       0.62      0.63      0.62       831

CRF 2.0
Classification_report:
             precision    recall  f1-score   support

          B       0.89      0.88      0.88       256
          C       0.36      0.33      0.34        40
          G       0.71      0.62      0.67        72
          M       0.53      0.51      0.52       104
          O       0.00      0.00      0.00         7
          P       0.74      0.74      0.74       133
          R       0.63      0.71      0.67       219

avg / total       0.70      0.71      0.71       831
