SVM RBF
Classification_report:
             precision    recall  f1-score   support

          B       0.53      0.38      0.44        77
          C       0.00      0.00      0.00        20
          G       0.00      0.00      0.00        36
          M       1.00      0.02      0.04        45
          O       0.00      0.00      0.00         6
          P       0.60      0.58      0.59        65
          R       0.40      0.85      0.55       117

avg / total       0.47      0.46      0.38       366

[[ 29   0   0   0   0   7  41]
 [  2   0   0   0   0   3  15]
 [ 10   0   0   0   0   3  23]
 [  1   0   0   1   0   3  40]
 [  0   0   0   0   0   2   4]
 [  3   0   0   0   0  38  24]
 [ 10   0   0   0   0   7 100]]

SVM linear
Classification_report:
             precision    recall  f1-score   support

          B       0.44      0.49      0.47        77
          C       0.22      0.20      0.21        20
          G       0.41      0.33      0.37        36
          M       0.28      0.29      0.29        45
          O       0.00      0.00      0.00         6
          P       0.64      0.60      0.62        65
          R       0.49      0.53      0.51       117

avg / total       0.45      0.46      0.45       366

[[38  3  9  6  0  4 17]
 [ 3  4  1  1  0  3  8]
 [15  2 12  0  0  1  6]
 [ 5  0  0 13  0  4 23]
 [ 0  1  0  0  0  4  1]
 [ 8  3  3  3  0 39  9]
 [17  5  4 23  0  6 62]]

KNN
Classification_report:
             precision    recall  f1-score   support

          B       0.23      0.27      0.25        77
          C       0.09      0.05      0.06        20
          G       0.19      0.19      0.19        36
          M       0.26      0.33      0.29        45
          O       0.00      0.00      0.00         6
          P       0.46      0.46      0.46        65
          R       0.37      0.33      0.35       117

avg / total       0.31      0.31      0.31       366

[[21  1  9 11  0 12 23]
 [ 5  1  2  1  0  2  9]
 [13  3  7  1  0  4  8]
 [ 8  0  3 15  0  3 16]
 [ 0  0  0  1  0  4  1]
 [15  1  5  3  1 30 10]
 [28  5 10 25  0 10 39]]

NB Gaussian
Classification_report:
             precision    recall  f1-score   support

          B       0.54      0.17      0.26        77
          C       0.12      0.25      0.17        20
          G       0.27      0.08      0.13        36
          M       0.24      0.27      0.26        45
          O       0.00      0.00      0.00         6
          P       0.29      0.29      0.29        65
          R       0.38      0.57      0.46       117

avg / total       0.35      0.33      0.30       366

[[13  7  5  9  0 11 32]
 [ 0  5  1  1  0  4  9]
 [ 5  6  3  1  0  5 16]
 [ 1  3  0 12  0  5 24]
 [ 0  0  0  0  0  2  4]
 [ 0 13  1  8  0 19 24]
 [ 5  6  1 18  0 20 67]]

NB Bernoulli
Classification_report:
             precision    recall  f1-score   support

          B       0.46      0.42      0.44        77
          C       0.25      0.05      0.08        20
          G       0.35      0.25      0.29        36
          M       0.38      0.27      0.31        45
          O       0.00      0.00      0.00         6
          P       0.54      0.66      0.60        65
          R       0.47      0.61      0.53       117

avg / total       0.44      0.46      0.44       366

[[32  1 10  4  1  6 23]
 [ 1  1  3  0  1  3 11]
 [13  2  9  0  0  4  8]
 [ 3  0  1 12  0  5 24]
 [ 0  0  0  0  0  3  3]
 [ 5  0  3  2  0 43 12]
 [16  0  0 14  1 15 71]]

DT
Classification_report:
             precision    recall  f1-score   support

          B       0.30      0.31      0.31        77
          C       0.10      0.15      0.12        20
          G       0.18      0.19      0.19        36
          M       0.20      0.16      0.18        45
          O       0.00      0.00      0.00         6
          P       0.30      0.26      0.28        65
          R       0.39      0.38      0.38       117

avg / total       0.29      0.28      0.28       366

[[24  3  6  4  3 11 26]
 [ 5  3  3  0  3  2  4]
 [12  3  7  3  1  7  3]
 [ 7  3  3  7  0  2 23]
 [ 0  0  1  1  0  2  2]
 [13  6  5  8  4 17 12]
 [18 11 13 12  3 16 44]]

CRF
Classification_report:
             precision    recall  f1-score   support

          B       0.48      0.56      0.51        77
          C       0.46      0.30      0.36        20
          G       0.32      0.28      0.30        36
          M       0.21      0.16      0.18        45
          O       0.00      0.00      0.00         6
          P       0.60      0.48      0.53        65
          R       0.50      0.62      0.55       117

avg / total       0.45      0.46      0.45       366

CRF 2.0
Classification_report:
             precision    recall  f1-score   support

          B       0.52      0.53      0.53        77
          C       0.23      0.15      0.18        20
          G       0.46      0.36      0.41        36
          M       0.34      0.24      0.29        45
          O       0.00      0.00      0.00         6
          P       0.61      0.54      0.57        65
          R       0.56      0.74      0.64       117

avg / total       0.50      0.52      0.50       366


SVM RBF
Classification_report:
             precision    recall  f1-score   support

          B       0.51      0.97      0.67       179
          C       0.00      0.00      0.00        20
          G       0.00      0.00      0.00        36
          M       0.67      0.07      0.12        59
          O       0.00      0.00      0.00         1
          P       0.92      0.34      0.49        68
          R       0.50      0.46      0.48       102

avg / total       0.53      0.53      0.45       465

[[174   0   0   0   0   0   5]
 [ 11   0   0   0   0   0   9]
 [ 36   0   0   0   0   0   0]
 [ 29   0   0   4   0   1  25]
 [  0   0   0   0   0   0   1]
 [ 38   0   0   0   0  23   7]
 [ 52   0   0   2   0   1  47]]

SVM linear
Classification_report:
             precision    recall  f1-score   support

          B       0.66      0.73      0.69       179
          C       0.08      0.05      0.06        20
          G       0.42      0.36      0.39        36
          M       0.41      0.42      0.42        59
          O       0.00      0.00      0.00         1
          P       0.55      0.54      0.55        68
          R       0.49      0.46      0.48       102

avg / total       0.53      0.55      0.54       465

[[131   1  18   7   0  10  12]
 [  5   1   0   2   0   2  10]
 [ 20   0  13   0   0   2   1]
 [  9   2   0  25   0   5  18]
 [  0   0   0   0   0   1   0]
 [ 18   3   0   3   0  37   7]
 [ 16   5   0  24   0  10  47]]

KNN
Classification_report:
             precision    recall  f1-score   support

          B       0.50      0.71      0.59       179
          C       0.05      0.05      0.05        20
          G       0.22      0.17      0.19        36
          M       0.26      0.20      0.23        59
          O       0.00      0.00      0.00         1
          P       0.48      0.38      0.43        68
          R       0.28      0.18      0.22       102

avg / total       0.38      0.41      0.38       465

[[127   6  11  10   0  11  14]
 [  8   1   1   1   0   1   8]
 [ 26   1   6   0   0   3   0]
 [ 25   2   3  12   0   3  14]
 [  0   0   0   0   0   0   1]
 [ 24   4   3   2   0  26   9]
 [ 44   5   3  22   0  10  18]]

NB Gaussian
Classification_report:
             precision    recall  f1-score   support

          B       0.52      0.60      0.56       179
          C       0.31      0.20      0.24        20
          G       0.26      0.28      0.27        36
          M       0.28      0.46      0.35        59
          O       0.00      0.00      0.00         1
          P       0.26      0.28      0.27        68
          R       0.35      0.14      0.20       102

avg / total       0.38      0.39      0.37       465

[[107   1  24  17   0  24   6]
 [  6   4   0   4   0   4   2]
 [ 21   0  10   1   0   3   1]
 [ 17   1   2  27   0   3   9]
 [  1   0   0   0   0   0   0]
 [ 29   0   2  10   0  19   8]
 [ 25   7   0  37   0  19  14]]

NB Bernoulli
Classification_report:
             precision    recall  f1-score   support

          B       0.51      0.64      0.57       179
          C       0.00      0.00      0.00        20
          G       0.33      0.08      0.13        36
          M       0.31      0.25      0.28        59
          O       0.00      0.00      0.00         1
          P       0.49      0.53      0.51        68
          R       0.38      0.37      0.38       102

avg / total       0.42      0.44      0.42       465

[[114   5   6   9   1  15  29]
 [ 11   0   0   1   0   3   5]
 [ 26   0   3   3   0   2   2]
 [ 20   1   0  15   0   8  15]
 [  1   0   0   0   0   0   0]
 [ 17   0   0   3   1  36  11]
 [ 34   3   0  17   0  10  38]]

DT
Classification_report:
             precision    recall  f1-score   support

          B       0.79      0.75      0.77       179
          C       0.16      0.15      0.15        20
          G       0.61      0.61      0.61        36
          M       0.29      0.29      0.29        59
          O       0.00      0.00      0.00         1
          P       0.57      0.57      0.57        68
          R       0.41      0.44      0.42       102

avg / total       0.57      0.56      0.56       465

[[135   1  13   5   0  13  12]
 [  2   3   0   3   0   0  12]
 [  8   0  22   1   0   3   2]
 [  4   3   0  17   0   6  29]
 [  0   0   0   0   0   1   0]
 [ 12   2   1   2   1  39  11]
 [  9  10   0  31   0   7  45]]

CRF
Classification_report:
             precision    recall  f1-score   support

          B       0.83      0.94      0.88       179
          C       0.38      0.15      0.21        20
          G       0.73      0.53      0.61        36
          M       0.52      0.39      0.45        59
          O       0.00      0.00      0.00         1
          P       0.84      0.72      0.78        68
          R       0.58      0.72      0.64       102

avg / total       0.71      0.72      0.71       465

CRF 2.0
Classification_report:
             precision    recall  f1-score   support

          B       0.93      0.99      0.96       179
          C       0.53      0.45      0.49        20
          G       0.93      0.72      0.81        36
          M       0.82      0.69      0.75        59
          O       0.00      0.00      0.00         1
          P       0.88      0.87      0.87        68
          R       0.76      0.82      0.79       102

avg / total       0.85      0.85      0.85       465


SVM RBF
Classification_report:
             precision    recall  f1-score   support

          B       0.52      0.85      0.64       256
          C       0.00      0.00      0.00        40
          G       0.00      0.00      0.00        72
          M       0.50      0.03      0.05       104
          O       0.00      0.00      0.00         7
          P       0.72      0.50      0.59       133
          R       0.48      0.68      0.56       219

avg / total       0.46      0.53      0.45       831

[[217   0   0   0   0   6  33]
 [ 15   0   0   0   0   3  22]
 [ 65   0   0   0   0   1   6]
 [ 22   0   0   3   0   4  75]
 [  0   0   0   0   0   4   3]
 [ 43   0   0   0   0  67  23]
 [ 58   0   0   3   0   8 150]]

SVM linear
Classification_report:
             precision    recall  f1-score   support

          B       0.55      0.63      0.59       256
          C       0.28      0.23      0.25        40
          G       0.38      0.36      0.37        72
          M       0.36      0.35      0.35       104
          O       0.00      0.00      0.00         7
          P       0.63      0.59      0.61       133
          R       0.49      0.47      0.48       219

avg / total       0.49      0.50      0.49       831

[[161   4  35  10   0  13  33]
 [ 14   9   0   0   0   4  13]
 [ 37   1  26   1   0   1   6]
 [ 18   0   2  36   0   7  41]
 [  0   1   0   0   0   5   1]
 [ 27   6   1   4   0  79  16]
 [ 34  11   4  48   1  17 104]]

KNN
Classification_report:
             precision    recall  f1-score   support

          B       0.43      0.56      0.49       256
          C       0.15      0.12      0.14        40
          G       0.20      0.18      0.19        72
          M       0.22      0.17      0.19       104
          O       0.33      0.14      0.20         7
          P       0.52      0.51      0.52       133
          R       0.33      0.28      0.30       219

avg / total       0.36      0.37      0.36       831

[[144   9  23  12   1  20  47]
 [ 14   5   2   4   0   1  14]
 [ 43   1  13   2   0   4   9]
 [ 30   3   7  18   0   4  42]
 [  0   0   0   0   1   5   1]
 [ 29   4   6  12   1  68  13]
 [ 72  12  13  33   0  28  61]]

NB Gaussian
Classification_report:
             precision    recall  f1-score   support

          B       0.52      0.45      0.48       256
          C       0.11      0.25      0.15        40
          G       0.27      0.26      0.27        72
          M       0.20      0.50      0.29       104
          O       0.00      0.00      0.00         7
          P       0.36      0.22      0.27       133
          R       0.42      0.20      0.27       219

avg / total       0.38      0.32      0.33       831

[[115  22  33  53   0  14  19]
 [ 11  10   2   5   0   4   8]
 [ 28   7  19  11   0   2   5]
 [ 18   4   7  52   0   8  15]
 [  1   0   0   1   0   2   3]
 [ 17  26   2  48   0  29  11]
 [ 33  23   8  89   1  21  44]]

NB Bernoulli
Classification_report:
             precision    recall  f1-score   support

          B       0.51      0.51      0.51       256
          C       0.09      0.05      0.06        40
          G       0.24      0.22      0.23        72
          M       0.25      0.20      0.22       104
          O       0.00      0.00      0.00         7
          P       0.53      0.63      0.57       133
          R       0.41      0.44      0.42       219

avg / total       0.41      0.42      0.41       831

[[131   6  40  18   2  19  40]
 [ 12   2   4   2   1   2  17]
 [ 33   2  16   2   1   6  12]
 [ 18   2   3  21   0  14  46]
 [  0   1   0   0   0   3   3]
 [ 15   4   2   6   2  84  20]
 [ 46   5   3  36   1  32  96]]

DT
Classification_report:
             precision    recall  f1-score   support

          B       0.63      0.57      0.60       256
          C       0.21      0.23      0.22        40
          G       0.37      0.42      0.39        72
          M       0.27      0.31      0.29       104
          O       0.00      0.00      0.00         7
          P       0.50      0.50      0.50       133
          R       0.45      0.46      0.45       219

avg / total       0.47      0.46      0.46       831

[[146   5  23  26   1  24  31]
 [  5   9   2   3   0   4  17]
 [ 23   1  30   8   1   2   7]
 [ 12   3   5  32   0   8  44]
 [  0   0   1   1   0   2   3]
 [ 22   4  11   8   0  66  22]
 [ 25  20  10  39   0  25 100]]

CRF
Classification_report:
             precision    recall  f1-score   support

          B       0.75      0.83      0.79       256
          C       0.63      0.30      0.41        40
          G       0.60      0.49      0.54        72
          M       0.41      0.23      0.29       104
          O       0.00      0.00      0.00         7
          P       0.71      0.60      0.65       133
          R       0.53      0.69      0.60       219

avg / total       0.62      0.62      0.61       831

CRF 2.0
Classification_report:
             precision    recall  f1-score   support

          B       0.84      0.86      0.85       256
          C       0.35      0.33      0.34        40
          G       0.72      0.60      0.65        72
          M       0.61      0.57      0.59       104
          O       0.00      0.00      0.00         7
          P       0.76      0.71      0.74       133
          R       0.67      0.76      0.71       219

avg / total       0.71      0.72      0.71       831
