SVM RBF
Classification_report:
             precision    recall  f1-score   support

          B       0.53      0.12      0.19        77
          C       0.00      0.00      0.00        20
          G       0.00      0.00      0.00        36
          M       0.00      0.00      0.00        45
          O       0.00      0.00      0.00         6
          P       0.89      0.12      0.22        65
          R       0.32      0.93      0.48       117

avg / total       0.37      0.34      0.23       366

[[  9   0   0   0   0   0  68]
 [  0   0   0   0   0   0  20]
 [  0   0   0   0   0   0  36]
 [  0   0   0   0   0   0  45]
 [  0   0   0   0   0   0   6]
 [  1   0   0   0   0   8  56]
 [  7   0   0   0   0   1 109]]

SVM linear
Classification_report:
             precision    recall  f1-score   support

          B       0.39      0.42      0.40        77
          C       0.13      0.20      0.16        20
          G       0.29      0.25      0.27        36
          M       0.18      0.20      0.19        45
          O       1.00      0.33      0.50         6
          P       0.48      0.49      0.48        65
          R       0.45      0.39      0.42       117

avg / total       0.38      0.37      0.37       366

[[32  8  8  4  0  7 18]
 [ 5  4  2  0  0  3  6]
 [11  7  9  2  0  2  5]
 [ 6  1  2  9  0 11 16]
 [ 1  0  0  0  2  1  2]
 [ 7  4  4  9  0 32  9]
 [21  7  6 26  0 11 46]]

KNN
Classification_report:
             precision    recall  f1-score   support

          B       0.25      0.36      0.30        77
          C       0.15      0.15      0.15        20
          G       0.11      0.11      0.11        36
          M       0.26      0.31      0.29        45
          O       0.00      0.00      0.00         6
          P       0.39      0.34      0.36        65
          R       0.46      0.33      0.39       117

avg / total       0.32      0.30      0.30       366

[[28  2 11 10  0  9 17]
 [ 8  3  3  1  0  1  4]
 [13  6  4  1  1  5  6]
 [ 7  4  0 14  0  7 13]
 [ 1  0  3  0  0  1  1]
 [19  2  6  9  2 22  5]
 [34  3 10 18  1 12 39]]

NB Gaussian
Classification_report:
             precision    recall  f1-score   support

          B       0.58      0.09      0.16        77
          C       0.11      0.25      0.15        20
          G       0.40      0.06      0.10        36
          M       0.16      0.29      0.21        45
          O       0.00      0.00      0.00         6
          P       0.28      0.29      0.28        65
          R       0.33      0.44      0.37       117

avg / total       0.34      0.27      0.25       366

[[ 7 10  2 16  0 10 32]
 [ 0  5  1  1  0  4  9]
 [ 2  7  2  4  0  6 15]
 [ 0  3  0 13  0  6 23]
 [ 0  0  0  0  0  1  5]
 [ 0 13  0 13  0 19 20]
 [ 3  7  0 32  1 23 51]]

NB Bernoulli
Classification_report:
             precision    recall  f1-score   support

          B       0.43      0.40      0.42        77
          C       0.00      0.00      0.00        20
          G       0.21      0.17      0.19        36
          M       0.20      0.11      0.14        45
          O       0.00      0.00      0.00         6
          P       0.40      0.38      0.39        65
          R       0.42      0.64      0.51       117

avg / total       0.34      0.39      0.36       366

[[31  0 11  5  0  8 22]
 [ 4  0  0  1  0  2 13]
 [10  0  6  0  0  4 16]
 [ 6  0  2  5  0  7 25]
 [ 0  0  0  0  0  2  4]
 [ 7  0  3  7  0 25 23]
 [14  1  6  7  0 14 75]]

DT
Classification_report:
             precision    recall  f1-score   support

          B       0.31      0.34      0.32        77
          C       0.05      0.05      0.05        20
          G       0.17      0.14      0.15        36
          M       0.25      0.27      0.26        45
          O       0.00      0.00      0.00         6
          P       0.28      0.26      0.27        65
          R       0.38      0.38      0.38       117

avg / total       0.29      0.29      0.29       366

[[26  2  3 12  0 10 24]
 [ 5  1  1  3  0  5  5]
 [ 8  2  5  4  1  7  9]
 [10  2  1 12  1  5 14]
 [ 0  1  1  0  0  3  1]
 [11  4  5  6  3 17 19]
 [24  8 14 11  1 14 45]]

CRF
Classification_report:
             precision    recall  f1-score   support

          B       0.57      0.55      0.56        77
          C       0.33      0.25      0.29        20
          G       0.34      0.28      0.31        36
          M       0.21      0.16      0.18        45
          O       0.00      0.00      0.00         6
          P       0.60      0.51      0.55        65
          R       0.49      0.68      0.57       117

avg / total       0.46      0.48      0.46       366

CRF 2.0
Classification_report:
             precision    recall  f1-score   support

          B       0.56      0.55      0.55        77
          C       0.25      0.15      0.19        20
          G       0.32      0.31      0.31        36
          M       0.32      0.27      0.29        45
          O       0.00      0.00      0.00         6
          P       0.45      0.49      0.47        65
          R       0.56      0.65      0.60       117

avg / total       0.46      0.48      0.47       366


SVM RBF
Classification_report:
             precision    recall  f1-score   support

          B       0.42      0.98      0.59       179
          C       0.00      0.00      0.00        20
          G       0.00      0.00      0.00        36
          M       0.00      0.00      0.00        59
          O       0.00      0.00      0.00         1
          P       0.92      0.18      0.30        68
          R       0.36      0.12      0.18       102

avg / total       0.38      0.43      0.31       465

[[176   0   0   0   0   0   3]
 [ 17   0   0   0   0   0   3]
 [ 36   0   0   0   0   0   0]
 [ 45   0   0   0   0   1  13]
 [  1   0   0   0   0   0   0]
 [ 54   0   0   0   0  12   2]
 [ 89   0   0   1   0   0  12]]

SVM linear
Classification_report:
             precision    recall  f1-score   support

          B       0.66      0.71      0.69       179
          C       0.62      0.40      0.48        20
          G       0.33      0.33      0.33        36
          M       0.28      0.32      0.30        59
          O       0.00      0.00      0.00         1
          P       0.55      0.54      0.55        68
          R       0.45      0.40      0.42       102

avg / total       0.52      0.52      0.52       465

[[127   0  21   9   0  11  11]
 [  3   8   0   1   0   2   6]
 [ 20   0  12   1   0   3   0]
 [  8   0   1  19   0   5  26]
 [  0   0   0   0   0   1   0]
 [ 17   1   1   5   0  37   7]
 [ 16   4   1  32   0   8  41]]

KNN
Classification_report:
             precision    recall  f1-score   support

          B       0.52      0.77      0.62       179
          C       0.07      0.05      0.06        20
          G       0.12      0.08      0.10        36
          M       0.27      0.20      0.23        59
          O       0.00      0.00      0.00         1
          P       0.47      0.32      0.38        68
          R       0.36      0.25      0.29       102

avg / total       0.39      0.43      0.40       465

[[137   3  11   5   0  14   9]
 [ 11   1   0   1   0   1   6]
 [ 29   0   3   0   0   3   1]
 [ 24   3   3  12   0   1  16]
 [  0   0   0   0   0   0   1]
 [ 24   3   2   6   0  22  11]
 [ 39   5   7  20   0   6  25]]

NB Gaussian
Classification_report:
             precision    recall  f1-score   support

          B       0.53      0.58      0.55       179
          C       0.19      0.30      0.24        20
          G       0.20      0.36      0.25        36
          M       0.32      0.46      0.38        59
          O       0.00      0.00      0.00         1
          P       0.30      0.29      0.30        68
          R       0.60      0.12      0.20       102

avg / total       0.44      0.39      0.38       465

[[103   1  46   7   0  21   1]
 [  1   6   0   6   0   5   2]
 [ 22   0  13   0   0   1   0]
 [ 17   4   3  27   0   6   2]
 [  1   0   0   0   0   0   0]
 [ 34   2   3   6   0  20   3]
 [ 18  18   1  39   0  14  12]]

NB Bernoulli
Classification_report:
             precision    recall  f1-score   support

          B       0.52      0.65      0.58       179
          C       0.00      0.00      0.00        20
          G       0.00      0.00      0.00        36
          M       0.38      0.34      0.36        59
          O       0.00      0.00      0.00         1
          P       0.42      0.43      0.42        68
          R       0.41      0.44      0.43       102

avg / total       0.40      0.45      0.42       465

[[116   1   6  12   0  16  28]
 [ 12   0   0   0   0   3   5]
 [ 26   0   0   3   0   3   4]
 [ 15   0   2  20   0   7  15]
 [  1   0   0   0   0   0   0]
 [ 24   0   0   3   0  29  12]
 [ 28   1   3  14   0  11  45]]

DT
Classification_report:
             precision    recall  f1-score   support

          B       0.73      0.77      0.75       179
          C       0.12      0.15      0.14        20
          G       0.69      0.56      0.62        36
          M       0.35      0.36      0.35        59
          O       0.00      0.00      0.00         1
          P       0.62      0.60      0.61        68
          R       0.47      0.45      0.46       102

avg / total       0.58      0.58      0.58       465

[[137   3   9   8   0  11  11]
 [  2   3   0   4   0   2   9]
 [ 15   0  20   0   0   1   0]
 [  5   9   0  21   0   0  24]
 [  0   0   0   0   0   1   0]
 [ 14   3   0   2   0  41   8]
 [ 15   6   0  25   0  10  46]]

CRF
Classification_report:
             precision    recall  f1-score   support

          B       0.83      0.95      0.89       179
          C       0.33      0.15      0.21        20
          G       0.79      0.53      0.63        36
          M       0.51      0.39      0.44        59
          O       0.00      0.00      0.00         1
          P       0.89      0.72      0.80        68
          R       0.55      0.69      0.61       102

avg / total       0.71      0.72      0.71       465

CRF 2.0
Classification_report:
             precision    recall  f1-score   support

          B       0.99      1.00      0.99       179
          C       0.47      0.35      0.40        20
          G       0.92      0.92      0.92        36
          M       0.84      0.80      0.82        59
          O       0.00      0.00      0.00         1
          P       0.94      0.90      0.92        68
          R       0.81      0.89      0.85       102

avg / total       0.89      0.90      0.90       465


SVM RBF
Classification_report:
             precision    recall  f1-score   support

          B       0.43      0.91      0.58       256
          C       0.00      0.00      0.00        40
          G       0.00      0.00      0.00        72
          M       0.00      0.00      0.00       104
          O       0.00      0.00      0.00         7
          P       0.83      0.26      0.39       133
          R       0.50      0.57      0.53       219

avg / total       0.40      0.47      0.38       831

[[233   0   0   0   0   0  23]
 [ 24   0   0   0   0   0  16]
 [ 69   0   0   0   0   0   3]
 [ 37   0   0   0   0   4  63]
 [  5   0   0   0   0   0   2]
 [ 82   0   0   0   0  34  17]
 [ 91   0   0   1   0   3 124]]

SVM linear
Classification_report:
             precision    recall  f1-score   support

          B       0.55      0.57      0.56       256
          C       0.13      0.17      0.15        40
          G       0.25      0.26      0.26        72
          M       0.24      0.29      0.26       104
          O       0.60      0.43      0.50         7
          P       0.46      0.46      0.46       133
          R       0.47      0.37      0.42       219

avg / total       0.43      0.42      0.42       831

[[146   8  39  17   0  21  25]
 [  7   7   0   4   0   6  16]
 [ 35   5  19   3   0   5   5]
 [ 23   5   2  30   1  12  31]
 [  0   0   0   1   3   3   0]
 [ 22   9  10  17   0  61  14]
 [ 31  20   5  54   1  26  82]]

KNN
Classification_report:
             precision    recall  f1-score   support

          B       0.47      0.60      0.53       256
          C       0.10      0.07      0.08        40
          G       0.19      0.19      0.19        72
          M       0.25      0.22      0.23       104
          O       0.00      0.00      0.00         7
          P       0.46      0.44      0.45       133
          R       0.38      0.30      0.33       219

avg / total       0.37      0.38      0.37       831

[[154   5  23  14   1  25  34]
 [ 12   3   2   4   0   2  17]
 [ 37   2  14   4   0   6   9]
 [ 31   4   4  23   0   9  33]
 [  2   0   2   0   0   2   1]
 [ 30   5   9  14   0  59  16]
 [ 61  12  19  34   1  26  66]]

NB Gaussian
Classification_report:
             precision    recall  f1-score   support

          B       0.60      0.43      0.50       256
          C       0.11      0.25      0.15        40
          G       0.33      0.26      0.29        72
          M       0.18      0.48      0.27       104
          O       0.07      0.14      0.09         7
          P       0.26      0.27      0.27       133
          R       0.55      0.18      0.27       219

avg / total       0.43      0.32      0.34       831

[[111  22  26  57   2  31   7]
 [  3  10   1   6   1   9  10]
 [ 24   8  19  12   1   7   1]
 [ 14   4   4  50   3  19  10]
 [  0   0   0   2   1   3   1]
 [ 13  25   2  50   4  36   3]
 [ 19  23   6  96   3  33  39]]

NB Bernoulli
Classification_report:
             precision    recall  f1-score   support

          B       0.47      0.52      0.49       256
          C       0.12      0.03      0.04        40
          G       0.19      0.12      0.15        72
          M       0.33      0.21      0.26       104
          O       0.00      0.00      0.00         7
          P       0.47      0.50      0.49       133
          R       0.43      0.56      0.49       219

avg / total       0.40      0.43      0.41       831

[[133   4  26  10   0  32  51]
 [ 15   1   0   2   0   5  17]
 [ 39   1   9   3   0   6  14]
 [ 22   0   4  22   0  10  46]
 [  1   0   0   0   0   3   3]
 [ 27   0   3   6   0  67  30]
 [ 46   2   6  24   0  19 122]]

DT
Classification_report:
             precision    recall  f1-score   support

          B       0.63      0.59      0.61       256
          C       0.09      0.12      0.10        40
          G       0.33      0.32      0.32        72
          M       0.21      0.22      0.21       104
          O       0.00      0.00      0.00         7
          P       0.41      0.41      0.41       133
          R       0.41      0.39      0.40       219

avg / total       0.42      0.41      0.42       831

[[151   7  23  23   1  18  33]
 [ 11   5   0   4   1   7  12]
 [ 18   2  23   4   1   9  15]
 [ 12  11   5  23   1  17  35]
 [  1   0   0   1   0   3   2]
 [ 21   7   7  13   3  54  28]
 [ 27  25  12  42   3  24  86]]

CRF
Classification_report:
             precision    recall  f1-score   support

          B       0.75      0.84      0.79       256
          C       0.55      0.30      0.39        40
          G       0.62      0.49      0.55        72
          M       0.40      0.25      0.31       104
          O       0.00      0.00      0.00         7
          P       0.75      0.62      0.67       133
          R       0.55      0.71      0.62       219

avg / total       0.62      0.63      0.62       831

CRF 2.0
Classification_report:
             precision    recall  f1-score   support

          B       0.89      0.89      0.89       256
          C       0.28      0.23      0.25        40
          G       0.82      0.71      0.76        72
          M       0.65      0.66      0.66       104
          O       0.00      0.00      0.00         7
          P       0.75      0.78      0.76       133
          R       0.71      0.76      0.74       219

avg / total       0.75      0.76      0.75       831
