SVM RBF
Classification_report:
             precision    recall  f1-score   support

          B       0.57      0.05      0.10        77
          C       0.00      0.00      0.00        20
          G       0.00      0.00      0.00        36
          M       0.00      0.00      0.00        45
          O       0.00      0.00      0.00         6
          P       1.00      0.05      0.09        65
          R       0.32      0.97      0.48       117

avg / total       0.40      0.33      0.19       366

[[  4   0   0   0   0   0  73]
 [  0   0   0   0   0   0  20]
 [  0   0   0   0   0   0  36]
 [  0   0   0   0   0   0  45]
 [  0   0   0   0   0   0   6]
 [  0   0   0   0   0   3  62]
 [  3   0   0   0   0   0 114]]

SVM linear
Classification_report:
             precision    recall  f1-score   support

          B       0.35      0.43      0.38        77
          C       0.11      0.15      0.12        20
          G       0.27      0.25      0.26        36
          M       0.21      0.27      0.23        45
          O       0.60      0.50      0.55         6
          P       0.33      0.29      0.31        65
          R       0.52      0.39      0.45       117

avg / total       0.36      0.34      0.35       366

[[33 12  9  5  0  8 10]
 [ 8  3  1  0  0  3  5]
 [15  4  9  1  0  4  3]
 [ 8  1  2 12  0  9 13]
 [ 1  0  0  0  3  1  1]
 [11  3  5 14  2 19 11]
 [19  5  7 26  0 14 46]]

KNN
Classification_report:
             precision    recall  f1-score   support

          B       0.23      0.36      0.28        77
          C       0.14      0.15      0.15        20
          G       0.28      0.25      0.26        36
          M       0.23      0.24      0.24        45
          O       0.00      0.00      0.00         6
          P       0.30      0.25      0.27        65
          R       0.42      0.32      0.36       117

avg / total       0.30      0.28      0.29       366

[[28  6  9  5  0 11 18]
 [10  3  1  1  0  2  3]
 [13  5  9  1  1  2  5]
 [10  1  0 11  1  8 14]
 [ 0  0  2  1  0  2  1]
 [19  2  6 11  1 16 10]
 [40  4  5 17  1 13 37]]

NB Gaussian
Classification_report:
             precision    recall  f1-score   support

          B       0.71      0.06      0.12        77
          C       0.12      0.25      0.16        20
          G       0.00      0.00      0.00        36
          M       0.16      0.27      0.20        45
          O       0.00      0.00      0.00         6
          P       0.23      0.29      0.26        65
          R       0.37      0.50      0.43       117

avg / total       0.34      0.27      0.24       366

[[ 5  9  0 19  1 16 27]
 [ 0  5  1  1  0  3 10]
 [ 1  7  0  5  2  9 12]
 [ 0  3  0 12  0  8 22]
 [ 0  0  0  0  0  2  4]
 [ 0 12  0 12  0 19 22]
 [ 1  6  0 27  1 24 58]]

NB Bernoulli
Classification_report:
             precision    recall  f1-score   support

          B       0.39      0.31      0.35        77
          C       0.00      0.00      0.00        20
          G       0.26      0.17      0.20        36
          M       0.21      0.09      0.12        45
          O       0.00      0.00      0.00         6
          P       0.37      0.35      0.36        65
          R       0.35      0.59      0.44       117

avg / total       0.31      0.34      0.31       366

[[24  1  5  3  0  8 36]
 [ 3  0  1  0  0  4 12]
 [ 4  0  6  0  0  7 19]
 [ 6  0  1  4  0  4 30]
 [ 0  0  0  0  0  2  4]
 [ 9  0  3  1  0 23 29]
 [16  0  7 11  0 14 69]]

DT
Classification_report:
             precision    recall  f1-score   support

          B       0.34      0.38      0.36        77
          C       0.19      0.20      0.20        20
          G       0.10      0.11      0.10        36
          M       0.12      0.11      0.11        45
          O       0.00      0.00      0.00         6
          P       0.39      0.35      0.37        65
          R       0.44      0.42      0.43       117

avg / total       0.31      0.31      0.31       366

[[29  4 15  8  0  5 16]
 [ 5  4  0  1  1  3  6]
 [15  1  4  4  0  6  6]
 [13  2  2  5  1  8 14]
 [ 1  0  0  2  0  1  2]
 [ 5  2 10  4  2 23 19]
 [17  8 11 19  0 13 49]]

CRF
Classification_report:
             precision    recall  f1-score   support

          B       0.53      0.52      0.52        77
          C       0.38      0.25      0.30        20
          G       0.35      0.25      0.29        36
          M       0.27      0.20      0.23        45
          O       0.00      0.00      0.00         6
          P       0.61      0.52      0.56        65
          R       0.52      0.68      0.59       117

avg / total       0.47      0.48      0.47       366

CRF 2.0
Classification_report:
             precision    recall  f1-score   support

          B       0.67      0.62      0.64        77
          C       0.17      0.10      0.12        20
          G       0.37      0.36      0.37        36
          M       0.25      0.31      0.28        45
          O       0.00      0.00      0.00         6
          P       0.50      0.46      0.48        65
          R       0.51      0.56      0.53       117

avg / total       0.47      0.47      0.47       366


SVM RBF
Classification_report:
             precision    recall  f1-score   support

          B       0.40      0.99      0.57       179
          C       0.00      0.00      0.00        20
          G       0.00      0.00      0.00        36
          M       0.00      0.00      0.00        59
          O       0.00      0.00      0.00         1
          P       0.88      0.10      0.18        68
          R       0.44      0.04      0.07       102

avg / total       0.38      0.41      0.26       465

[[178   0   0   0   0   0   1]
 [ 19   0   0   0   0   0   1]
 [ 35   0   0   0   0   1   0]
 [ 57   0   0   0   0   0   2]
 [  1   0   0   0   0   0   0]
 [ 60   0   0   0   0   7   1]
 [ 98   0   0   0   0   0   4]]

SVM linear
Classification_report:
             precision    recall  f1-score   support

          B       0.67      0.70      0.69       179
          C       0.43      0.30      0.35        20
          G       0.27      0.28      0.27        36
          M       0.25      0.25      0.25        59
          O       0.00      0.00      0.00         1
          P       0.51      0.54      0.53        68
          R       0.48      0.44      0.46       102

avg / total       0.51      0.51      0.51       465

[[126   2  22   7   0  12  10]
 [  2   6   0   2   0   2   8]
 [ 23   0  10   0   0   3   0]
 [ 12   0   1  15   0   5  26]
 [  0   0   0   0   0   1   0]
 [ 15   1   4   6   0  37   5]
 [ 10   5   0  30   0  12  45]]

KNN
Classification_report:
             precision    recall  f1-score   support

          B       0.50      0.73      0.59       179
          C       0.10      0.10      0.10        20
          G       0.15      0.14      0.14        36
          M       0.34      0.27      0.30        59
          O       0.00      0.00      0.00         1
          P       0.48      0.31      0.38        68
          R       0.32      0.19      0.23       102

avg / total       0.39      0.42      0.39       465

[[130   3  15   7   0  13  11]
 [ 12   2   0   2   0   0   4]
 [ 25   1   5   1   0   3   1]
 [ 23   3   3  16   0   1  13]
 [  0   0   0   0   0   0   1]
 [ 26   3   4   3   0  21  11]
 [ 43   9   7  18   0   6  19]]

NB Gaussian
Classification_report:
             precision    recall  f1-score   support

          B       0.52      0.55      0.54       179
          C       0.25      0.50      0.33        20
          G       0.18      0.39      0.25        36
          M       0.32      0.37      0.35        59
          O       0.00      0.00      0.00         1
          P       0.27      0.31      0.29        68
          R       0.62      0.08      0.14       102

avg / total       0.44      0.37      0.36       465

[[99  2 51  5  0 21  1]
 [ 0 10  0  3  0  6  1]
 [17  0 14  0  0  5  0]
 [18  6  4 22  0  7  2]
 [ 0  0  1  0  0  0  0]
 [33  2  5  6  0 21  1]
 [22 20  2 32  0 18  8]]

NB Bernoulli
Classification_report:
             precision    recall  f1-score   support

          B       0.50      0.73      0.59       179
          C       0.00      0.00      0.00        20
          G       0.00      0.00      0.00        36
          M       0.23      0.12      0.16        59
          O       0.00      0.00      0.00         1
          P       0.46      0.25      0.32        68
          R       0.34      0.43      0.38       102

avg / total       0.36      0.43      0.38       465

[[130   1   2   4   0  12  30]
 [  8   0   0   0   0   2  10]
 [ 30   0   0   2   0   2   2]
 [ 17   1   0   7   0   1  33]
 [  0   0   0   0   0   1   0]
 [ 37   1   0   1   0  17  12]
 [ 39   1   0  16   0   2  44]]

DT
Classification_report:
             precision    recall  f1-score   support

          B       0.73      0.69      0.71       179
          C       0.35      0.30      0.32        20
          G       0.42      0.58      0.49        36
          M       0.35      0.37      0.36        59
          O       0.00      0.00      0.00         1
          P       0.58      0.62      0.60        68
          R       0.44      0.41      0.43       102

avg / total       0.56      0.55      0.55       465

[[123   0  27   3   0  15  11]
 [  0   6   0   3   0   0  11]
 [ 15   0  21   0   0   0   0]
 [  4   2   0  22   0   8  23]
 [  0   0   0   0   0   1   0]
 [ 13   1   1   2   1  42   8]
 [ 13   8   1  32   0   6  42]]

CRF
Classification_report:
             precision    recall  f1-score   support

          B       0.83      0.95      0.88       179
          C       0.43      0.15      0.22        20
          G       0.76      0.53      0.62        36
          M       0.47      0.37      0.42        59
          O       0.00      0.00      0.00         1
          P       0.83      0.72      0.77        68
          R       0.56      0.67      0.61       102

avg / total       0.70      0.71      0.70       465

CRF 2.0
Classification_report:
             precision    recall  f1-score   support

          B       0.99      0.99      0.99       179
          C       0.62      0.50      0.56        20
          G       1.00      0.94      0.97        36
          M       0.82      0.76      0.79        59
          O       0.00      0.00      0.00         1
          P       0.88      0.90      0.89        68
          R       0.78      0.85      0.82       102

avg / total       0.89      0.89      0.89       465


SVM RBF
Classification_report:
             precision    recall  f1-score   support

          B       0.38      0.92      0.54       256
          C       0.00      0.00      0.00        40
          G       0.00      0.00      0.00        72
          M       0.00      0.00      0.00       104
          O       0.00      0.00      0.00         7
          P       0.88      0.17      0.29       133
          R       0.50      0.43      0.46       219

avg / total       0.39      0.42      0.33       831

[[235   0   0   1   0   0  20]
 [ 29   0   0   0   0   0  11]
 [ 69   0   0   0   0   0   3]
 [ 63   0   0   0   0   2  39]
 [  5   0   0   0   0   0   2]
 [ 92   0   0   0   0  23  18]
 [124   0   0   0   0   1  94]]

SVM linear
Classification_report:
             precision    recall  f1-score   support

          B       0.59      0.66      0.63       256
          C       0.15      0.15      0.15        40
          G       0.25      0.22      0.23        72
          M       0.23      0.18      0.21       104
          O       0.33      0.14      0.20         7
          P       0.48      0.47      0.48       133
          R       0.48      0.48      0.48       219

avg / total       0.45      0.46      0.45       831

[[170   8  25  12   0  16  25]
 [  7   6   3   0   1   4  19]
 [ 37   4  16   3   0   8   4]
 [ 14   2   3  19   0  18  48]
 [  0   0   0   0   1   4   2]
 [ 32   3   8  10   0  63  17]
 [ 28  18  10  37   1  19 106]]

KNN
Classification_report:
             precision    recall  f1-score   support

          B       0.43      0.59      0.50       256
          C       0.15      0.15      0.15        40
          G       0.23      0.19      0.21        72
          M       0.22      0.21      0.22       104
          O       0.00      0.00      0.00         7
          P       0.41      0.35      0.38       133
          R       0.39      0.28      0.32       219

avg / total       0.35      0.36      0.35       831

[[152   8  19  18   0  24  35]
 [ 13   6   3   3   0   1  14]
 [ 42   2  14   2   0   7   5]
 [ 34   4   3  22   0  10  31]
 [  2   0   2   0   0   1   2]
 [ 46   6   8  16   1  46  10]
 [ 66  15  13  39   2  23  61]]

NB Gaussian
Classification_report:
             precision    recall  f1-score   support

          B       0.62      0.39      0.48       256
          C       0.13      0.30      0.18        40
          G       0.19      0.10      0.13        72
          M       0.20      0.42      0.28       104
          O       0.03      0.14      0.04         7
          P       0.23      0.38      0.28       133
          R       0.50      0.15      0.23       219

avg / total       0.41      0.30      0.31       831

[[100  20  23  46  10  50   7]
 [  3  12   0   4   1  11   9]
 [ 17  10   7   9   3  23   3]
 [  5   5   2  44   4  34  10]
 [  0   0   0   2   1   3   1]
 [ 19  22   3  27  10  50   2]
 [ 17  25   2  83  10  50  32]]

NB Bernoulli
Classification_report:
             precision    recall  f1-score   support

          B       0.45      0.53      0.49       256
          C       0.00      0.00      0.00        40
          G       0.12      0.01      0.02        72
          M       0.09      0.02      0.03       104
          O       0.00      0.00      0.00         7
          P       0.37      0.29      0.32       133
          R       0.33      0.59      0.43       219

avg / total       0.31      0.37      0.32       831

[[136   2   5   3   0  22  88]
 [ 12   0   0   2   0   5  21]
 [ 35   0   1   0   0   9  27]
 [ 23   1   0   2   0   6  72]
 [  0   0   0   0   0   4   3]
 [ 45   1   0   1   0  38  48]
 [ 53   1   2  15   0  18 130]]

DT
Classification_report:
             precision    recall  f1-score   support

          B       0.61      0.53      0.57       256
          C       0.14      0.12      0.13        40
          G       0.28      0.29      0.29        72
          M       0.20      0.25      0.22       104
          O       0.00      0.00      0.00         7
          P       0.48      0.51      0.50       133
          R       0.43      0.43      0.43       219

avg / total       0.43      0.42      0.43       831

[[136   8  26  24   0  24  38]
 [  7   5   3   7   1   4  13]
 [ 24   3  21   7   0   8   9]
 [ 15   2   9  26   1   7  44]
 [  0   0   1   0   0   4   2]
 [ 10   6   6  20   3  68  20]
 [ 31  12   8  45   2  26  95]]

CRF
Classification_report:
             precision    recall  f1-score   support

          B       0.71      0.83      0.76       256
          C       0.68      0.33      0.44        40
          G       0.61      0.49      0.54        72
          M       0.36      0.24      0.29       104
          O       0.00      0.00      0.00         7
          P       0.71      0.62      0.66       133
          R       0.54      0.66      0.59       219

avg / total       0.61      0.62      0.60       831

CRF 2.0
Classification_report:
             precision    recall  f1-score   support

          B       0.90      0.89      0.90       256
          C       0.54      0.38      0.44        40
          G       0.81      0.69      0.75        72
          M       0.60      0.54      0.57       104
          O       0.00      0.00      0.00         7
          P       0.74      0.76      0.75       133
          R       0.66      0.78      0.71       219

avg / total       0.74      0.75      0.74       831
