SVM RBF
Classification_report:
             precision    recall  f1-score   support

          B       0.46      0.34      0.39        77
          C       0.00      0.00      0.00        20
          G       1.00      0.03      0.05        36
          M       0.00      0.00      0.00        45
          O       0.00      0.00      0.00         6
          P       0.77      0.31      0.44        65
          R       0.36      0.86      0.51       117

avg / total       0.45      0.40      0.33       366

[[ 26   0   0   0   0   2  49]
 [  0   0   0   0   0   0  20]
 [ 10   0   1   0   0   0  25]
 [  0   0   0   0   0   2  43]
 [  0   0   0   0   0   1   5]
 [  5   0   0   1   0  20  39]
 [ 15   0   0   0   0   1 101]]

SVM linear
Classification_report:
             precision    recall  f1-score   support

          B       0.40      0.52      0.45        77
          C       0.12      0.15      0.14        20
          G       0.36      0.28      0.31        36
          M       0.16      0.18      0.17        45
          O       1.00      0.33      0.50         6
          P       0.48      0.43      0.46        65
          R       0.43      0.38      0.41       117

avg / total       0.39      0.37      0.37       366

[[40  4  7  4  0  8 14]
 [ 3  3  1  1  0  3  9]
 [11  5 10  2  0  2  6]
 [ 8  2  1  8  0  6 20]
 [ 0  0  0  0  2  1  3]
 [13  4  3 10  0 28  7]
 [24  6  6 26  0 10 45]]

KNN
Classification_report:
             precision    recall  f1-score   support

          B       0.28      0.34      0.31        77
          C       0.15      0.10      0.12        20
          G       0.22      0.19      0.21        36
          M       0.24      0.27      0.25        45
          O       0.00      0.00      0.00         6
          P       0.47      0.42      0.44        65
          R       0.44      0.44      0.44       117

avg / total       0.34      0.34      0.34       366

[[26  4  8  8  0  8 23]
 [ 5  2  3  0  0  2  8]
 [ 9  4  7  2  0  7  7]
 [11  0  1 12  1  4 16]
 [ 0  0  2  0  0  2  2]
 [13  1  5  9  0 27 10]
 [28  2  6 20  1  8 52]]

NB Gaussian
Classification_report:
             precision    recall  f1-score   support

          B       0.58      0.09      0.16        77
          C       0.13      0.25      0.17        20
          G       0.25      0.08      0.12        36
          M       0.18      0.27      0.22        45
          O       0.00      0.00      0.00         6
          P       0.32      0.38      0.35        65
          R       0.35      0.47      0.40       117

avg / total       0.34      0.29      0.27       366

[[ 7  6  4 10  0 13 37]
 [ 0  5  2  2  0  4  7]
 [ 2  6  3  3  0  4 18]
 [ 0  2  1 12  0  9 21]
 [ 0  1  0  0  0  1  4]
 [ 0 11  0 12  0 25 17]
 [ 3  7  2 27  1 22 55]]

NB Bernoulli
Classification_report:
             precision    recall  f1-score   support

          B       0.45      0.36      0.40        77
          C       0.00      0.00      0.00        20
          G       0.37      0.36      0.37        36
          M       0.29      0.29      0.29        45
          O       0.00      0.00      0.00         6
          P       0.47      0.60      0.53        65
          R       0.43      0.50      0.46       117

avg / total       0.39      0.41      0.40       366

[[28  2  5  8  1 12 21]
 [ 1  0  3  0  1  2 13]
 [ 8  0 13  2  0  4  9]
 [ 5  0  2 13  0 11 14]
 [ 0  0  0  0  0  1  5]
 [ 6  0  2  4  0 39 14]
 [14  2 10 18  1 14 58]]

DT
Classification_report:
             precision    recall  f1-score   support

          B       0.30      0.31      0.30        77
          C       0.11      0.05      0.07        20
          G       0.27      0.28      0.27        36
          M       0.14      0.13      0.14        45
          O       0.00      0.00      0.00         6
          P       0.35      0.38      0.36        65
          R       0.40      0.39      0.39       117

avg / total       0.30      0.31      0.30       366

[[24  0 11  9  1  8 24]
 [ 3  1  2  2  0  7  5]
 [ 8  3 10  2  1  3  9]
 [ 9  0  2  6  0  6 22]
 [ 2  0  0  1  0  2  1]
 [10  0  9  8  4 25  9]
 [25  5  3 15  2 21 46]]

CRF
Classification_report:
             precision    recall  f1-score   support

          B       0.56      0.52      0.54        77
          C       0.50      0.25      0.33        20
          G       0.34      0.28      0.31        36
          M       0.19      0.13      0.16        45
          O       0.00      0.00      0.00         6
          P       0.56      0.48      0.52        65
          R       0.49      0.68      0.57       117

avg / total       0.46      0.47      0.46       366

CRF 2.0
Classification_report:
             precision    recall  f1-score   support

          B       0.47      0.51      0.49        77
          C       0.31      0.25      0.28        20
          G       0.18      0.11      0.14        36
          M       0.22      0.27      0.24        45
          O       0.00      0.00      0.00         6
          P       0.46      0.46      0.46        65
          R       0.50      0.54      0.52       117

avg / total       0.40      0.42      0.41       366


SVM RBF
Classification_report:
             precision    recall  f1-score   support

          B       0.53      0.96      0.69       179
          C       0.00      0.00      0.00        20
          G       0.00      0.00      0.00        36
          M       0.64      0.12      0.20        59
          O       0.00      0.00      0.00         1
          P       0.88      0.32      0.47        68
          R       0.50      0.52      0.51       102

avg / total       0.52      0.55      0.47       465

[[172   0   0   0   0   1   6]
 [  8   0   0   0   0   0  12]
 [ 36   0   0   0   0   0   0]
 [ 19   0   0   7   0   1  32]
 [  1   0   0   0   0   0   0]
 [ 43   0   0   0   0  22   3]
 [ 44   0   0   4   0   1  53]]

SVM linear
Classification_report:
             precision    recall  f1-score   support

          B       0.67      0.69      0.68       179
          C       0.58      0.35      0.44        20
          G       0.32      0.33      0.33        36
          M       0.30      0.37      0.33        59
          O       0.00      0.00      0.00         1
          P       0.55      0.59      0.57        68
          R       0.48      0.40      0.44       102

avg / total       0.53      0.53      0.53       465

[[124   1  21   8   0  15  10]
 [  3   7   0   2   0   3   5]
 [ 20   0  12   0   0   2   2]
 [ 11   0   0  22   0   2  24]
 [  0   0   0   0   0   1   0]
 [ 16   1   2   5   0  40   4]
 [ 10   3   2  36   0  10  41]]

KNN
Classification_report:
             precision    recall  f1-score   support

          B       0.53      0.78      0.63       179
          C       0.18      0.15      0.16        20
          G       0.31      0.14      0.19        36
          M       0.24      0.19      0.21        59
          O       0.00      0.00      0.00         1
          P       0.57      0.41      0.48        68
          R       0.38      0.27      0.32       102

avg / total       0.43      0.46      0.43       465

[[140   4   7   5   0  10  13]
 [  6   3   0   1   0   2   8]
 [ 28   0   5   0   0   2   1]
 [ 25   2   0  11   0   3  18]
 [  0   0   0   0   0   0   1]
 [ 25   3   3   4   0  28   5]
 [ 39   5   1  25   0   4  28]]

NB Gaussian
Classification_report:
             precision    recall  f1-score   support

          B       0.58      0.70      0.64       179
          C       0.26      0.50      0.34        20
          G       0.29      0.42      0.34        36
          M       0.35      0.36      0.35        59
          O       0.00      0.00      0.00         1
          P       0.37      0.46      0.41        68
          R       0.60      0.09      0.15       102

avg / total       0.49      0.46      0.42       465

[[126   1  30   4   0  16   2]
 [  0  10   0   2   0   8   0]
 [ 21   0  15   0   0   0   0]
 [ 19   4   3  21   0   9   3]
 [  1   0   0   0   0   0   0]
 [ 29   1   2   4   0  31   1]
 [ 21  22   1  29   0  20   9]]

NB Bernoulli
Classification_report:
             precision    recall  f1-score   support

          B       0.58      0.60      0.59       179
          C       0.06      0.05      0.05        20
          G       0.32      0.22      0.26        36
          M       0.36      0.37      0.37        59
          O       0.00      0.00      0.00         1
          P       0.48      0.59      0.53        68
          R       0.27      0.25      0.26       102

avg / total       0.43      0.44      0.43       465

[[107   5  11   8   0  14  34]
 [  5   1   0   3   0   5   6]
 [ 21   0   8   0   0   2   5]
 [  7   2   2  22   0   8  18]
 [  0   0   0   1   0   0   0]
 [ 13   2   1   6   1  40   5]
 [ 32   7   3  21   0  14  25]]

DT
Classification_report:
             precision    recall  f1-score   support

          B       0.76      0.77      0.76       179
          C       0.08      0.05      0.06        20
          G       0.61      0.61      0.61        36
          M       0.32      0.37      0.35        59
          O       0.00      0.00      0.00         1
          P       0.63      0.62      0.62        68
          R       0.49      0.48      0.49       102

avg / total       0.58      0.59      0.59       465

[[138   2  12   2   0  14  11]
 [  1   1   0   7   0   1  10]
 [ 14   0  22   0   0   0   0]
 [ 10   1   0  22   0   5  21]
 [  0   0   0   0   0   1   0]
 [ 12   0   1   4   0  42   9]
 [  7   8   1  33   0   4  49]]

CRF
Classification_report:
             precision    recall  f1-score   support

          B       0.85      0.94      0.89       179
          C       0.38      0.15      0.21        20
          G       0.78      0.58      0.67        36
          M       0.56      0.42      0.48        59
          O       0.00      0.00      0.00         1
          P       0.83      0.72      0.77        68
          R       0.56      0.71      0.63       102

avg / total       0.72      0.73      0.72       465

CRF 2.0
Classification_report:
             precision    recall  f1-score   support

          B       0.97      0.99      0.98       179
          C       0.47      0.40      0.43        20
          G       0.94      0.92      0.93        36
          M       0.79      0.76      0.78        59
          O       0.00      0.00      0.00         1
          P       0.90      0.88      0.89        68
          R       0.78      0.81      0.80       102

avg / total       0.87      0.88      0.87       465


SVM RBF
Classification_report:
             precision    recall  f1-score   support

          B       0.50      0.89      0.64       256
          C       0.00      0.00      0.00        40
          G       1.00      0.01      0.03        72
          M       0.40      0.02      0.04       104
          O       0.00      0.00      0.00         7
          P       0.64      0.35      0.45       133
          R       0.50      0.68      0.58       219

avg / total       0.52      0.51      0.43       831

[[227   0   0   0   0   3  26]
 [ 14   0   0   0   0   1  25]
 [ 66   0   1   0   0   0   5]
 [ 26   0   0   2   0   9  67]
 [  1   0   0   0   0   3   3]
 [ 66   0   0   0   0  47  20]
 [ 57   0   0   3   0  11 148]]

SVM linear
Classification_report:
             precision    recall  f1-score   support

          B       0.55      0.61      0.58       256
          C       0.31      0.35      0.33        40
          G       0.35      0.38      0.36        72
          M       0.31      0.37      0.34       104
          O       1.00      0.14      0.25         7
          P       0.50      0.46      0.48       133
          R       0.50      0.42      0.45       219

avg / total       0.47      0.47      0.47       831

[[156   3  37  21   0  14  25]
 [  6  14   1   1   0   5  13]
 [ 33   5  27   0   0   5   2]
 [ 15   2   3  38   0  12  34]
 [  0   0   0   0   1   3   3]
 [ 35   8   3  11   0  61  15]
 [ 37  13   6  51   0  21  91]]

KNN
Classification_report:
             precision    recall  f1-score   support

          B       0.46      0.60      0.52       256
          C       0.20      0.12      0.15        40
          G       0.21      0.17      0.19        72
          M       0.23      0.22      0.23       104
          O       0.00      0.00      0.00         7
          P       0.51      0.47      0.49       133
          R       0.36      0.32      0.34       219

avg / total       0.38      0.39      0.38       831

[[153   7  19  18   1  17  41]
 [  8   5   2   2   0   4  19]
 [ 40   1  12   5   0   7   7]
 [ 29   0   4  23   2   8  38]
 [  2   0   1   1   0   2   1]
 [ 29   3   8  13   0  62  18]
 [ 70   9  10  38   0  22  70]]

NB Gaussian
Classification_report:
             precision    recall  f1-score   support

          B       0.65      0.41      0.50       256
          C       0.13      0.28      0.17        40
          G       0.24      0.24      0.24        72
          M       0.22      0.37      0.28       104
          O       0.14      0.14      0.14         7
          P       0.31      0.56      0.40       133
          R       0.53      0.23      0.32       219

avg / total       0.44      0.35      0.37       831

[[104  21  33  31   1  53  13]
 [  1  11   3   4   0  13   8]
 [ 25   6  17   5   1  14   4]
 [  9   1   7  38   0  35  14]
 [  0   1   0   0   1   3   2]
 [  7  21   2  23   2  74   4]
 [ 15  26   8  69   2  49  50]]

NB Bernoulli
Classification_report:
             precision    recall  f1-score   support

          B       0.52      0.50      0.51       256
          C       0.06      0.03      0.04        40
          G       0.23      0.19      0.21        72
          M       0.30      0.21      0.25       104
          O       0.00      0.00      0.00         7
          P       0.47      0.60      0.52       133
          R       0.40      0.46      0.42       219

avg / total       0.40      0.42      0.40       831

[[129   8  27  11   1  31  49]
 [  8   1   3   1   1   8  18]
 [ 35   1  14   0   0   4  18]
 [ 16   1   2  22   0  19  44]
 [  0   0   0   0   0   3   4]
 [ 16   2   6   9   1  80  19]
 [ 46   3  10  31   2  27 100]]

DT
Classification_report:
             precision    recall  f1-score   support

          B       0.57      0.61      0.59       256
          C       0.14      0.12      0.13        40
          G       0.19      0.21      0.20        72
          M       0.25      0.24      0.24       104
          O       0.00      0.00      0.00         7
          P       0.55      0.53      0.54       133
          R       0.48      0.45      0.46       219

avg / total       0.44      0.45      0.44       831

[[156   6  33  16   2  15  28]
 [  6   5   0   9   0   7  13]
 [ 37   0  15   5   0   7   8]
 [ 20   9   8  25   1   7  34]
 [  1   0   2   1   0   2   1]
 [ 20   3   7   9   2  71  21]
 [ 34  13  16  37   0  21  98]]

CRF
Classification_report:
             precision    recall  f1-score   support

          B       0.74      0.84      0.78       256
          C       0.56      0.25      0.34        40
          G       0.61      0.49      0.54        72
          M       0.42      0.26      0.32       104
          O       0.00      0.00      0.00         7
          P       0.73      0.61      0.66       133
          R       0.53      0.69      0.60       219

avg / total       0.62      0.62      0.61       831

CRF 2.0
Classification_report:
             precision    recall  f1-score   support

          B       0.88      0.88      0.88       256
          C       0.47      0.45      0.46        40
          G       0.72      0.68      0.70        72
          M       0.59      0.58      0.59       104
          O       0.00      0.00      0.00         7
          P       0.71      0.72      0.71       133
          R       0.71      0.75      0.73       219

avg / total       0.73      0.74      0.73       831
