SVM RBF
Classification_report:
             precision    recall  f1-score   support

          B       0.40      0.44      0.42        77
          C       0.00      0.00      0.00        20
          G       0.00      0.00      0.00        36
          M       1.00      0.04      0.09        45
          O       0.00      0.00      0.00         6
          P       0.61      0.48      0.53        65
          R       0.41      0.79      0.53       117

avg / total       0.44      0.43      0.36       366

[[34  0  0  0  0  5 38]
 [ 2  0  0  0  0  3 15]
 [21  0  0  0  0  2 13]
 [ 1  0  0  2  0  3 39]
 [ 0  0  0  0  0  2  4]
 [ 7  0  1  0  0 31 26]
 [20  0  0  0  0  5 92]]

SVM linear
Classification_report:
             precision    recall  f1-score   support

          B       0.39      0.43      0.41        77
          C       0.33      0.30      0.32        20
          G       0.41      0.33      0.37        36
          M       0.24      0.24      0.24        45
          O       1.00      0.17      0.29         6
          P       0.58      0.57      0.57        65
          R       0.50      0.53      0.51       117

avg / total       0.45      0.44      0.44       366

[[33  4 10  7  0  5 18]
 [ 3  6  1  1  0  3  6]
 [16  2 12  1  0  1  4]
 [ 6  0  1 11  0  6 21]
 [ 0  0  0  0  1  3  2]
 [ 5  2  4  6  0 37 11]
 [21  4  1 20  0  9 62]]

KNN
Classification_report:
             precision    recall  f1-score   support

          B       0.28      0.34      0.30        77
          C       0.20      0.10      0.13        20
          G       0.22      0.22      0.22        36
          M       0.21      0.31      0.25        45
          O       0.00      0.00      0.00         6
          P       0.38      0.35      0.37        65
          R       0.36      0.30      0.33       117

avg / total       0.30      0.30      0.29       366

[[26  2 12  9  0  9 19]
 [ 5  2  2  2  0  0  9]
 [11  3  8  2  0  5  7]
 [ 8  0  1 14  0  5 17]
 [ 0  0  0  1  0  3  2]
 [15  1  6 13  0 23  7]
 [29  2  8 26  1 16 35]]

NB Gaussian
Classification_report:
             precision    recall  f1-score   support

          B       0.60      0.16      0.25        77
          C       0.09      0.20      0.13        20
          G       0.36      0.11      0.17        36
          M       0.20      0.27      0.23        45
          O       0.00      0.00      0.00         6
          P       0.34      0.32      0.33        65
          R       0.35      0.52      0.42       117

avg / total       0.37      0.31      0.30       366

[[12 11  3  9  0  8 34]
 [ 0  4  4  0  0  3  9]
 [ 3  6  4  4  0  4 15]
 [ 0  3  0 12  0  3 27]
 [ 0  0  0  0  0  2  4]
 [ 0 12  0 10  0 21 22]
 [ 5  7  0 24  0 20 61]]

NB Bernoulli
Classification_report:
             precision    recall  f1-score   support

          B       0.42      0.43      0.43        77
          C       0.12      0.05      0.07        20
          G       0.38      0.22      0.28        36
          M       0.24      0.24      0.24        45
          O       0.00      0.00      0.00         6
          P       0.46      0.55      0.50        65
          R       0.39      0.44      0.42       117

avg / total       0.37      0.39      0.37       366

[[33  1  6  7  0  9 21]
 [ 3  1  2  1  1  3  9]
 [12  1  8  2  0  1 12]
 [ 3  0  2 11  1  5 23]
 [ 0  0  0  0  0  3  3]
 [ 6  2  2  7  0 36 12]
 [21  3  1 18  1 21 52]]

DT
Classification_report:
             precision    recall  f1-score   support

          B       0.31      0.26      0.28        77
          C       0.18      0.20      0.19        20
          G       0.14      0.11      0.12        36
          M       0.16      0.18      0.17        45
          O       0.00      0.00      0.00         6
          P       0.30      0.28      0.29        65
          R       0.38      0.43      0.40       117

avg / total       0.28      0.28      0.28       366

[[20  8  6 12  2  8 21]
 [ 3  4  3  2  1  3  4]
 [ 8  1  4  2  2  4 15]
 [ 6  2  2  8  1  6 20]
 [ 0  0  0  1  0  3  2]
 [ 6  5  6  9  0 18 21]
 [22  2  7 15  2 19 50]]

CRF
Classification_report:
             precision    recall  f1-score   support

          B       0.55      0.52      0.53        77
          C       0.31      0.20      0.24        20
          G       0.35      0.31      0.33        36
          M       0.19      0.16      0.17        45
          O       0.00      0.00      0.00         6
          P       0.58      0.46      0.51        65
          R       0.48      0.65      0.55       117

avg / total       0.45      0.46      0.45       366

CRF 2.0
Classification_report:
             precision    recall  f1-score   support

          B       0.53      0.53      0.53        77
          C       0.50      0.30      0.37        20
          G       0.23      0.14      0.17        36
          M       0.26      0.27      0.26        45
          O       0.00      0.00      0.00         6
          P       0.60      0.58      0.59        65
          R       0.53      0.66      0.59       117

avg / total       0.47      0.49      0.47       366


SVM RBF
Classification_report:
             precision    recall  f1-score   support

          B       0.56      0.95      0.70       179
          C       0.00      0.00      0.00        20
          G       0.00      0.00      0.00        36
          M       0.56      0.08      0.15        59
          O       0.00      0.00      0.00         1
          P       0.89      0.35      0.51        68
          R       0.49      0.59      0.53       102

avg / total       0.52      0.56      0.48       465

[[170   0   0   0   0   1   8]
 [  7   0   0   0   0   0  13]
 [ 36   0   0   0   0   0   0]
 [ 21   0   0   5   0   1  32]
 [  0   0   0   0   0   0   1]
 [ 35   0   0   0   0  24   9]
 [ 37   0   0   4   0   1  60]]

SVM linear
Classification_report:
             precision    recall  f1-score   support

          B       0.70      0.75      0.72       179
          C       0.31      0.25      0.28        20
          G       0.37      0.31      0.33        36
          M       0.41      0.39      0.40        59
          O       0.00      0.00      0.00         1
          P       0.60      0.65      0.62        68
          R       0.43      0.41      0.42       102

avg / total       0.54      0.56      0.55       465

[[134   0  19   6   0   9  11]
 [  1   5   0   2   0   2  10]
 [ 22   0  11   0   0   2   1]
 [  6   1   0  23   0   5  24]
 [  0   0   0   0   0   0   1]
 [ 10   2   0   3   0  44   9]
 [ 19   8   0  22   0  11  42]]

KNN
Classification_report:
             precision    recall  f1-score   support

          B       0.51      0.74      0.60       179
          C       0.11      0.10      0.10        20
          G       0.32      0.25      0.28        36
          M       0.23      0.15      0.18        59
          O       0.00      0.00      0.00         1
          P       0.50      0.41      0.45        68
          R       0.32      0.21      0.25       102

avg / total       0.40      0.43      0.40       465

[[132   8  11   7   0  15   6]
 [ 10   2   0   1   0   2   5]
 [ 22   1   9   1   0   1   2]
 [ 28   0   2   9   0   3  17]
 [  0   0   0   0   0   0   1]
 [ 20   3   2   2   0  28  13]
 [ 46   5   4  19   0   7  21]]

NB Gaussian
Classification_report:
             precision    recall  f1-score   support

          B       0.53      0.61      0.57       179
          C       0.31      0.25      0.28        20
          G       0.24      0.28      0.26        36
          M       0.27      0.39      0.32        59
          O       0.00      0.00      0.00         1
          P       0.36      0.37      0.36        68
          R       0.33      0.15      0.20       102

avg / total       0.40      0.40      0.39       465

[[110   1  28  12   0  19   9]
 [  5   5   0   4   0   4   2]
 [ 21   0  10   1   0   2   2]
 [ 19   0   1  23   0   4  12]
 [  1   0   0   0   0   0   0]
 [ 30   0   1   7   0  25   5]
 [ 22  10   2  37   0  16  15]]

NB Bernoulli
Classification_report:
             precision    recall  f1-score   support

          B       0.53      0.64      0.58       179
          C       0.12      0.05      0.07        20
          G       0.21      0.11      0.15        36
          M       0.37      0.32      0.34        59
          O       0.00      0.00      0.00         1
          P       0.46      0.50      0.48        68
          R       0.37      0.33      0.35       102

avg / total       0.42      0.45      0.43       465

[[115   3  12   9   0  17  23]
 [  9   1   1   1   0   3   5]
 [ 28   0   4   2   0   1   1]
 [ 17   2   0  19   0   5  16]
 [  0   0   0   0   0   0   1]
 [ 15   0   2   4   1  34  12]
 [ 35   2   0  17   0  14  34]]

DT
Classification_report:
             precision    recall  f1-score   support

          B       0.76      0.80      0.78       179
          C       0.13      0.20      0.16        20
          G       0.57      0.44      0.50        36
          M       0.29      0.29      0.29        59
          O       0.00      0.00      0.00         1
          P       0.58      0.56      0.57        68
          R       0.41      0.37      0.39       102

avg / total       0.56      0.55      0.55       465

[[144   1   9   6   0  14   5]
 [  0   4   0   5   0   1  10]
 [ 20   0  16   0   0   0   0]
 [  4   5   1  17   0   1  31]
 [  0   0   0   0   0   1   0]
 [ 15   2   1   2   2  38   8]
 [  6  18   1  29   0  10  38]]

CRF
Classification_report:
             precision    recall  f1-score   support

          B       0.83      0.93      0.88       179
          C       0.43      0.15      0.22        20
          G       0.77      0.56      0.65        36
          M       0.52      0.41      0.46        59
          O       0.00      0.00      0.00         1
          P       0.84      0.72      0.78        68
          R       0.57      0.72      0.64       102

avg / total       0.71      0.72      0.71       465

CRF 2.0
Classification_report:
             precision    recall  f1-score   support

          B       0.96      1.00      0.98       179
          C       0.53      0.40      0.46        20
          G       1.00      0.86      0.93        36
          M       0.76      0.76      0.76        59
          O       0.00      0.00      0.00         1
          P       0.91      0.85      0.88        68
          R       0.75      0.81      0.78       102

avg / total       0.87      0.87      0.87       465


SVM RBF
Classification_report:
             precision    recall  f1-score   support

          B       0.52      0.85      0.65       256
          C       0.00      0.00      0.00        40
          G       1.00      0.03      0.05        72
          M       0.56      0.05      0.09       104
          O       0.00      0.00      0.00         7
          P       0.68      0.51      0.58       133
          R       0.49      0.68      0.56       219

avg / total       0.55      0.53      0.46       831

[[217   0   0   0   0   6  33]
 [ 11   0   0   1   0   2  26]
 [ 65   0   2   0   0   0   5]
 [ 24   0   0   5   0   9  66]
 [  0   0   0   0   0   4   3]
 [ 41   0   0   0   0  68  24]
 [ 57   0   0   3   0  11 148]]

SVM linear
Classification_report:
             precision    recall  f1-score   support

          B       0.56      0.58      0.57       256
          C       0.23      0.25      0.24        40
          G       0.34      0.32      0.33        72
          M       0.36      0.37      0.36       104
          O       0.33      0.14      0.20         7
          P       0.57      0.61      0.59       133
          R       0.46      0.42      0.44       219

avg / total       0.47      0.48      0.47       831

[[149   6  33  14   0  18  36]
 [  8  10   3   2   0   3  14]
 [ 40   1  23   1   0   0   7]
 [ 16   2   2  38   0  11  35]
 [  0   0   0   0   1   2   4]
 [ 22   8   2   6   0  81  14]
 [ 33  16   4  44   2  27  93]]

KNN
Classification_report:
             precision    recall  f1-score   support

          B       0.45      0.57      0.51       256
          C       0.14      0.07      0.10        40
          G       0.26      0.25      0.26        72
          M       0.20      0.16      0.18       104
          O       0.43      0.43      0.43         7
          P       0.45      0.42      0.44       133
          R       0.38      0.34      0.36       219

avg / total       0.37      0.38      0.37       831

[[147   4  27  15   1  21  41]
 [ 14   3   1   4   0   3  15]
 [ 39   1  18   3   0   5   6]
 [ 32   0   4  17   0  11  40]
 [  0   0   0   0   3   2   2]
 [ 32   4   8  11   2  56  20]
 [ 61  10  11  35   1  26  75]]

NB Gaussian
Classification_report:
             precision    recall  f1-score   support

          B       0.55      0.46      0.50       256
          C       0.10      0.25      0.14        40
          G       0.27      0.22      0.24        72
          M       0.19      0.45      0.26       104
          O       0.00      0.00      0.00         7
          P       0.35      0.26      0.30       133
          R       0.43      0.20      0.27       219

avg / total       0.39      0.32      0.33       831

[[118  26  27  52   0  19  14]
 [  7  10   2   3   0   5  13]
 [ 29  10  16  11   0   4   2]
 [ 15   2   7  47   0  11  22]
 [  1   0   0   1   0   2   3]
 [ 16  26   3  50   1  35   2]
 [ 29  29   4  90   1  23  43]]

NB Bernoulli
Classification_report:
             precision    recall  f1-score   support

          B       0.50      0.53      0.52       256
          C       0.13      0.07      0.10        40
          G       0.26      0.22      0.24        72
          M       0.26      0.23      0.25       104
          O       0.00      0.00      0.00         7
          P       0.47      0.62      0.53       133
          R       0.41      0.38      0.40       219

avg / total       0.40      0.41      0.40       831

[[135   7  33  17   2  27  35]
 [ 12   3   3   1   1   9  11]
 [ 31   2  16   4   0   3  16]
 [ 25   2   2  24   1  16  34]
 [  0   0   0   0   0   3   4]
 [ 15   3   3   9   2  82  19]
 [ 50   6   5  36   2  36  84]]

DT
Classification_report:
             precision    recall  f1-score   support

          B       0.61      0.59      0.60       256
          C       0.08      0.10      0.09        40
          G       0.27      0.28      0.27        72
          M       0.20      0.18      0.19       104
          O       0.00      0.00      0.00         7
          P       0.43      0.44      0.44       133
          R       0.42      0.42      0.42       219

avg / total       0.42      0.42      0.42       831

[[151   4  26  20   1  24  30]
 [  6   4   5   5   0   6  14]
 [ 24   1  20   6   2   9  10]
 [ 13  10   6  19   2  10  44]
 [  2   0   1   0   0   2   2]
 [ 20   4   6  17   0  59  27]
 [ 31  26  11  29   4  26  92]]

CRF
Classification_report:
             precision    recall  f1-score   support

          B       0.74      0.83      0.79       256
          C       0.73      0.28      0.40        40
          G       0.63      0.50      0.56        72
          M       0.39      0.24      0.30       104
          O       0.00      0.00      0.00         7
          P       0.76      0.62      0.69       133
          R       0.54      0.71      0.61       219

avg / total       0.63      0.63      0.62       831

CRF 2.0
Classification_report:
             precision    recall  f1-score   support

          B       0.87      0.87      0.87       256
          C       0.34      0.25      0.29        40
          G       0.74      0.71      0.72        72
          M       0.57      0.56      0.57       104
          O       0.00      0.00      0.00         7
          P       0.74      0.75      0.74       133
          R       0.68      0.74      0.71       219

avg / total       0.72      0.73      0.72       831
