SVM RBF
Classification_report:
             precision    recall  f1-score   support

          B       0.43      0.45      0.44        77
          C       0.00      0.00      0.00        20
          G       0.67      0.11      0.19        36
          M       0.60      0.07      0.12        45
          O       0.00      0.00      0.00         6
          P       0.50      0.37      0.42        65
          R       0.40      0.78      0.53       117

avg / total       0.45      0.43      0.37       366

[[35  0  1  0  0  8 33]
 [ 1  0  0  0  0  1 18]
 [13  0  4  0  0  4 15]
 [ 4  0  0  3  0  4 34]
 [ 0  0  0  0  0  1  5]
 [ 9  0  1  1  0 24 30]
 [19  0  0  1  0  6 91]]

SVM linear
Classification_report:
             precision    recall  f1-score   support

          B       0.31      0.35      0.33        77
          C       0.12      0.15      0.13        20
          G       0.32      0.33      0.33        36
          M       0.11      0.13      0.12        45
          O       1.00      0.17      0.29         6
          P       0.37      0.34      0.35        65
          R       0.46      0.39      0.42       117

avg / total       0.34      0.32      0.33       366

[[27  7 11 10  0  9 13]
 [ 6  3  1  0  0  4  6]
 [11  3 12  3  0  2  5]
 [12  0  3  6  0  7 17]
 [ 0  0  0  0  1  2  3]
 [11  4  5 13  0 22 10]
 [21  8  5 23  0 14 46]]

KNN
Classification_report:
             precision    recall  f1-score   support

          B       0.31      0.42      0.35        77
          C       0.21      0.15      0.18        20
          G       0.46      0.33      0.39        36
          M       0.20      0.29      0.24        45
          O       0.00      0.00      0.00         6
          P       0.32      0.25      0.28        65
          R       0.41      0.37      0.39       117

avg / total       0.34      0.33      0.32       366

[[32  3  4 12  1  9 16]
 [ 7  3  3  0  1  1  5]
 [ 9  1 12  0  1  5  8]
 [ 7  2  0 13  0  6 17]
 [ 0  0  0  1  0  3  2]
 [16  3  6 11  0 16 13]
 [33  2  1 28  0 10 43]]

NB Gaussian
Classification_report:
             precision    recall  f1-score   support

          B       0.58      0.09      0.16        77
          C       0.13      0.30      0.18        20
          G       0.27      0.08      0.13        36
          M       0.20      0.29      0.24        45
          O       0.00      0.00      0.00         6
          P       0.34      0.37      0.35        65
          R       0.38      0.51      0.43       117

avg / total       0.36      0.31      0.29       366

[[ 7 10  4  8  0 11 37]
 [ 0  6  2  0  0  4  8]
 [ 2  7  3  3  0  5 16]
 [ 0  3  0 13  0 10 19]
 [ 0  0  0  1  0  1  4]
 [ 0 11  1 14  0 24 15]
 [ 3 10  1 25  2 16 60]]

NB Bernoulli
Classification_report:
             precision    recall  f1-score   support

          B       0.45      0.38      0.41        77
          C       0.14      0.05      0.07        20
          G       0.37      0.44      0.41        36
          M       0.21      0.29      0.25        45
          O       0.00      0.00      0.00         6
          P       0.42      0.49      0.45        65
          R       0.44      0.40      0.42       117

avg / total       0.38      0.38      0.37       366

[[29  2 11  9  1  6 19]
 [ 1  1  3  2  0  7  6]
 [ 9  0 16  0  1  4  6]
 [ 5  0  1 13  1 11 14]
 [ 0  1  0  1  0  1  3]
 [ 4  1  7  8  0 32 13]
 [17  2  5 28  2 16 47]]

DT
Classification_report:
             precision    recall  f1-score   support

          B       0.32      0.29      0.30        77
          C       0.20      0.20      0.20        20
          G       0.15      0.17      0.16        36
          M       0.14      0.18      0.16        45
          O       0.00      0.00      0.00         6
          P       0.30      0.31      0.31        65
          R       0.44      0.43      0.43       117

avg / total       0.30      0.30      0.30       366

[[22  0 10 13  0 12 20]
 [ 2  4  4  1  1  7  1]
 [11  3  6  3  0  5  8]
 [ 8  2  4  8  0  4 19]
 [ 1  0  1  0  0  2  2]
 [12  4  8  7  0 20 14]
 [13  7  6 24  1 16 50]]

CRF
Classification_report:
             precision    recall  f1-score   support

          B       0.52      0.53      0.53        77
          C       0.50      0.25      0.33        20
          G       0.35      0.31      0.33        36
          M       0.21      0.18      0.19        45
          O       0.00      0.00      0.00         6
          P       0.56      0.49      0.52        65
          R       0.50      0.65      0.57       117

avg / total       0.46      0.47      0.46       366

CRF 2.0
Classification_report:
             precision    recall  f1-score   support

          B       0.60      0.62      0.61        77
          C       0.31      0.25      0.28        20
          G       0.45      0.39      0.42        36
          M       0.30      0.31      0.31        45
          O       0.00      0.00      0.00         6
          P       0.52      0.46      0.49        65
          R       0.53      0.61      0.56       117

avg / total       0.49      0.50      0.49       366


SVM RBF
Classification_report:
             precision    recall  f1-score   support

          B       0.60      0.92      0.73       179
          C       0.00      0.00      0.00        20
          G       0.00      0.00      0.00        36
          M       0.69      0.19      0.29        59
          O       0.00      0.00      0.00         1
          P       0.66      0.34      0.45        68
          R       0.52      0.72      0.60       102

avg / total       0.53      0.58      0.52       465

[[165   0   0   0   0   6   8]
 [  2   0   0   0   0   1  17]
 [ 34   0   0   0   0   2   0]
 [ 12   0   0  11   0   1  35]
 [  1   0   0   0   0   0   0]
 [ 38   0   0   0   0  23   7]
 [ 22   0   0   5   0   2  73]]

SVM linear
Classification_report:
             precision    recall  f1-score   support

          B       0.66      0.68      0.67       179
          C       0.35      0.40      0.37        20
          G       0.32      0.33      0.33        36
          M       0.35      0.39      0.37        59
          O       0.00      0.00      0.00         1
          P       0.53      0.57      0.55        68
          R       0.42      0.34      0.38       102

avg / total       0.51      0.51      0.51       465

[[121   1  23   9   0  15  10]
 [  1   8   0   1   0   1   9]
 [ 20   0  12   0   0   3   1]
 [  8   2   0  23   0   5  21]
 [  0   0   0   0   0   1   0]
 [ 18   1   1   2   0  39   7]
 [ 15  11   1  31   0   9  35]]

KNN
Classification_report:
             precision    recall  f1-score   support

          B       0.53      0.78      0.63       179
          C       0.05      0.05      0.05        20
          G       0.16      0.11      0.13        36
          M       0.34      0.19      0.24        59
          O       0.00      0.00      0.00         1
          P       0.57      0.44      0.50        68
          R       0.38      0.26      0.31       102

avg / total       0.43      0.46      0.43       465

[[139   3  12   6   0  10   9]
 [  8   1   0   1   0   1   9]
 [ 26   0   4   0   0   4   2]
 [ 26   2   2  11   0   1  17]
 [  0   0   0   0   0   0   1]
 [ 27   2   2   1   0  30   6]
 [ 37  12   5  13   1   7  27]]

NB Gaussian
Classification_report:
             precision    recall  f1-score   support

          B       0.57      0.66      0.61       179
          C       0.26      0.55      0.35        20
          G       0.24      0.33      0.28        36
          M       0.46      0.41      0.43        59
          O       0.00      0.00      0.00         1
          P       0.38      0.50      0.43        68
          R       0.58      0.14      0.22       102

avg / total       0.49      0.46      0.44       465

[[118   4  34   4   0  19   0]
 [  0  11   0   0   0   6   3]
 [ 24   0  12   0   0   0   0]
 [ 17   7   1  24   0   6   4]
 [  0   0   1   0   0   0   0]
 [ 29   0   1   1   0  34   3]
 [ 19  20   2  23   0  24  14]]

NB Bernoulli
Classification_report:
             precision    recall  f1-score   support

          B       0.48      0.44      0.46       179
          C       0.00      0.00      0.00        20
          G       0.27      0.22      0.24        36
          M       0.36      0.39      0.37        59
          O       0.00      0.00      0.00         1
          P       0.39      0.51      0.45        68
          R       0.26      0.25      0.25       102

avg / total       0.37      0.36      0.36       465

[[78 12 20 11  1 26 31]
 [ 7  0  1  2  0  2  8]
 [20  0  8  3  0  2  3]
 [ 7  4  1 23  0  6 18]
 [ 0  0  0  0  0  0  1]
 [18  2  0  2  0 35 11]
 [31  5  0 23  0 18 25]]

DT
Classification_report:
             precision    recall  f1-score   support

          B       0.77      0.77      0.77       179
          C       0.11      0.10      0.10        20
          G       0.59      0.53      0.56        36
          M       0.26      0.29      0.27        59
          O       0.00      0.00      0.00         1
          P       0.61      0.63      0.62        68
          R       0.42      0.41      0.42       102

avg / total       0.56      0.56      0.56       465

[[137   1  11   6   0  13  11]
 [  1   2   0   5   0   2  10]
 [ 15   0  19   0   0   2   0]
 [  5   4   0  17   0   3  30]
 [  0   0   0   0   0   1   0]
 [ 10   1   1   7   0  43   6]
 [ 11  11   1  31   0   6  42]]

CRF
Classification_report:
             precision    recall  f1-score   support

          B       0.85      0.95      0.89       179
          C       0.40      0.20      0.27        20
          G       0.83      0.53      0.64        36
          M       0.47      0.39      0.43        59
          O       0.00      0.00      0.00         1
          P       0.85      0.74      0.79        68
          R       0.55      0.67      0.60       102

avg / total       0.71      0.72      0.71       465

CRF 2.0
Classification_report:
             precision    recall  f1-score   support

          B       0.98      0.99      0.99       179
          C       0.69      0.45      0.55        20
          G       1.00      0.94      0.97        36
          M       0.86      0.83      0.84        59
          O       0.00      0.00      0.00         1
          P       0.95      0.91      0.93        68
          R       0.82      0.92      0.87       102

avg / total       0.91      0.92      0.91       465


SVM RBF
Classification_report:
             precision    recall  f1-score   support

          B       0.54      0.82      0.65       256
          C       0.00      0.00      0.00        40
          G       0.60      0.08      0.15        72
          M       0.56      0.05      0.09       104
          O       0.00      0.00      0.00         7
          P       0.59      0.46      0.52       133
          R       0.47      0.69      0.56       219

avg / total       0.51      0.52      0.45       831

[[210   0   2   1   0   8  35]
 [  7   0   0   0   0   2  31]
 [ 56   0   6   0   0   5   5]
 [ 18   0   0   5   0  11  70]
 [  0   0   0   0   0   4   3]
 [ 48   0   0   0   0  61  24]
 [ 51   0   2   3   0  12 151]]

SVM linear
Classification_report:
             precision    recall  f1-score   support

          B       0.52      0.59      0.55       256
          C       0.20      0.28      0.23        40
          G       0.31      0.32      0.31        72
          M       0.28      0.30      0.29       104
          O       0.00      0.00      0.00         7
          P       0.50      0.44      0.47       133
          R       0.50      0.42      0.46       219

avg / total       0.45      0.44      0.44       831

[[150  11  31  22   1  15  26]
 [  6  11   2   1   0   4  16]
 [ 37   2  23   1   0   5   4]
 [ 22   2   5  31   1  12  31]
 [  0   0   0   0   0   5   2]
 [ 32   9   8  12   0  59  13]
 [ 40  20   6  42   0  18  93]]

KNN
Classification_report:
             precision    recall  f1-score   support

          B       0.49      0.62      0.55       256
          C       0.19      0.15      0.17        40
          G       0.30      0.25      0.27        72
          M       0.25      0.26      0.25       104
          O       0.50      0.14      0.22         7
          P       0.49      0.44      0.46       133
          R       0.43      0.37      0.40       219

avg / total       0.41      0.42      0.41       831

[[160   4  18  20   0  26  28]
 [ 11   6   3   6   0   1  13]
 [ 36   1  18   2   0   7   8]
 [ 28   4   4  27   0   8  33]
 [  2   0   1   1   1   1   1]
 [ 30   7   7  10   0  58  21]
 [ 59   9  10  42   1  18  80]]

NB Gaussian
Classification_report:
             precision    recall  f1-score   support

          B       0.61      0.37      0.46       256
          C       0.16      0.40      0.23        40
          G       0.28      0.22      0.25        72
          M       0.25      0.31      0.28       104
          O       0.00      0.00      0.00         7
          P       0.29      0.63      0.40       133
          R       0.49      0.20      0.28       219

avg / total       0.43      0.34      0.35       831

[[95 22 31 24  6 65 13]
 [ 2 16  0  4  0 11  7]
 [23  7 16  3  0 21  2]
 [ 6  7  4 32  0 37 18]
 [ 1  0  0  0  0  4  2]
 [ 8 20  3 13  2 84  3]
 [22 29  4 51  5 65 43]]

NB Bernoulli
Classification_report:
             precision    recall  f1-score   support

          B       0.46      0.44      0.45       256
          C       0.06      0.05      0.06        40
          G       0.21      0.19      0.20        72
          M       0.35      0.28      0.31       104
          O       0.00      0.00      0.00         7
          P       0.40      0.57      0.47       133
          R       0.35      0.33      0.34       219

avg / total       0.36      0.37      0.36       831

[[112  14  35  11   2  31  51]
 [  6   2   5   2   1   8  16]
 [ 41   2  14   2   0   7   6]
 [ 15   3   1  29   1  17  38]
 [  0   1   0   0   0   2   4]
 [ 24   4   7   2   0  76  20]
 [ 48   6   6  36   2  48  73]]

DT
Classification_report:
             precision    recall  f1-score   support

          B       0.63      0.63      0.63       256
          C       0.11      0.12      0.12        40
          G       0.33      0.28      0.30        72
          M       0.22      0.18      0.20       104
          O       0.00      0.00      0.00         7
          P       0.45      0.47      0.46       133
          R       0.45      0.48      0.47       219

avg / total       0.45      0.45      0.45       831

[[161   7  20  10   1  30  27]
 [  6   5   1   4   0   7  17]
 [ 22   3  20  11   5   5   6]
 [ 15   6   5  19   1   8  50]
 [  1   0   1   1   0   3   1]
 [ 25   6   7   7   1  62  25]
 [ 27  19   7  35   3  23 105]]

CRF
Classification_report:
             precision    recall  f1-score   support

          B       0.73      0.82      0.77       256
          C       0.69      0.28      0.39        40
          G       0.61      0.50      0.55        72
          M       0.40      0.25      0.31       104
          O       0.00      0.00      0.00         7
          P       0.71      0.63      0.67       133
          R       0.53      0.68      0.59       219

avg / total       0.61      0.62      0.61       831

CRF 2.0
Classification_report:
             precision    recall  f1-score   support

          B       0.87      0.89      0.88       256
          C       0.44      0.35      0.39        40
          G       0.75      0.69      0.72        72
          M       0.66      0.61      0.63       104
          O       0.00      0.00      0.00         7
          P       0.73      0.68      0.71       133
          R       0.68      0.77      0.72       219

avg / total       0.73      0.74      0.73       831
