SVM RBF
Classification_report:
             precision    recall  f1-score   support

          B       0.45      0.52      0.48        77
          C       0.00      0.00      0.00        20
          G       0.00      0.00      0.00        36
          M       1.00      0.02      0.04        45
          O       0.00      0.00      0.00         6
          P       0.61      0.51      0.55        65
          R       0.42      0.80      0.55       117

avg / total       0.46      0.46      0.38       366

[[40  0  0  0  0  6 31]
 [ 3  0  0  0  0  2 15]
 [17  0  0  0  0  2 17]
 [ 5  0  0  1  0  2 37]
 [ 0  0  0  0  0  2  4]
 [ 8  0  0  0  0 33 24]
 [16  0  0  0  0  7 94]]

SVM linear
Classification_report:
             precision    recall  f1-score   support

          B       0.34      0.45      0.39        77
          C       0.31      0.25      0.28        20
          G       0.43      0.36      0.39        36
          M       0.16      0.18      0.17        45
          O       1.00      0.17      0.29         6
          P       0.58      0.49      0.53        65
          R       0.47      0.44      0.46       117

avg / total       0.42      0.40      0.40       366

[[35  3 10  6  0  8 15]
 [ 6  5  0  1  0  2  6]
 [14  1 13  3  0  0  5]
 [ 9  0  1  8  0  4 23]
 [ 0  0  0  0  1  3  2]
 [10  2  4  9  0 32  8]
 [30  5  2 22  0  6 52]]

KNN
Classification_report:
             precision    recall  f1-score   support

          B       0.25      0.35      0.29        77
          C       0.25      0.20      0.22        20
          G       0.26      0.22      0.24        36
          M       0.18      0.27      0.22        45
          O       0.00      0.00      0.00         6
          P       0.43      0.35      0.39        65
          R       0.40      0.31      0.35       117

avg / total       0.32      0.30      0.30       366

[[27  4  8  8  0 13 17]
 [ 7  4  0  4  0  1  4]
 [ 9  1  8  6  0  4  8]
 [11  2  0 12  1  3 16]
 [ 1  1  0  1  0  1  2]
 [19  1  7  8  0 23  7]
 [35  3  8 26  1  8 36]]

NB Gaussian
Classification_report:
             precision    recall  f1-score   support

          B       0.54      0.17      0.26        77
          C       0.16      0.30      0.21        20
          G       0.31      0.11      0.16        36
          M       0.29      0.27      0.28        45
          O       0.00      0.00      0.00         6
          P       0.35      0.40      0.37        65
          R       0.38      0.56      0.45       117

avg / total       0.37      0.35      0.33       366

[[13  7  6  2  0 13 36]
 [ 0  6  0  0  0  3 11]
 [ 4  4  4  2  0  6 16]
 [ 0  3  0 12  0  7 23]
 [ 0  0  0  0  0  1  5]
 [ 0  9  2  9  0 26 19]
 [ 7  8  1 17  0 18 66]]

NB Bernoulli
Classification_report:
             precision    recall  f1-score   support

          B       0.42      0.39      0.40        77
          C       0.30      0.15      0.20        20
          G       0.37      0.28      0.32        36
          M       0.26      0.31      0.29        45
          O       0.40      0.33      0.36         6
          P       0.47      0.55      0.51        65
          R       0.45      0.47      0.46       117

avg / total       0.41      0.41      0.41       366

[[30  2  9  8  0  9 19]
 [ 2  3  0  2  0  4  9]
 [13  0 10  2  0  2  9]
 [ 4  0  2 14  0  8 17]
 [ 0  1  0  0  2  1  2]
 [ 6  2  2  7  1 36 11]
 [17  2  4 20  2 17 55]]

DT
Classification_report:
             precision    recall  f1-score   support

          B       0.34      0.39      0.36        77
          C       0.05      0.05      0.05        20
          G       0.03      0.03      0.03        36
          M       0.06      0.07      0.06        45
          O       0.00      0.00      0.00         6
          P       0.35      0.38      0.37        65
          R       0.42      0.36      0.39       117

avg / total       0.28      0.28      0.28       366

[[30  2  5 10  1 10 19]
 [ 3  1  2  3  1  3  7]
 [ 8  0  1  8  0 10  9]
 [14  3  8  3  1  6 10]
 [ 0  1  1  0  0  2  2]
 [ 8  3  7 10  2 25 10]
 [25 12  8 14  1 15 42]]

CRF
Classification_report:
             precision    recall  f1-score   support

          B       0.56      0.57      0.56        77
          C       0.50      0.30      0.37        20
          G       0.31      0.33      0.32        36
          M       0.19      0.13      0.16        45
          O       0.00      0.00      0.00         6
          P       0.59      0.52      0.55        65
          R       0.49      0.60      0.54       117

avg / total       0.46      0.47      0.46       366

CRF 2.0
Classification_report:
             precision    recall  f1-score   support

          B       0.52      0.56      0.54        77
          C       0.30      0.15      0.20        20
          G       0.33      0.19      0.25        36
          M       0.29      0.29      0.29        45
          O       0.00      0.00      0.00         6
          P       0.66      0.63      0.65        65
          R       0.57      0.71      0.63       117

avg / total       0.49      0.52      0.50       366


SVM RBF
Classification_report:
             precision    recall  f1-score   support

          B       0.64      0.97      0.77       179
          C       0.00      0.00      0.00        20
          G       0.00      0.00      0.00        36
          M       0.67      0.10      0.18        59
          O       0.00      0.00      0.00         1
          P       0.81      0.38      0.52        68
          R       0.53      0.80      0.64       102

avg / total       0.57      0.62      0.54       465

[[173   0   0   0   0   0   6]
 [  0   0   0   0   0   1  19]
 [ 35   0   0   0   0   1   0]
 [ 11   0   0   6   0   2  40]
 [  0   0   0   0   0   1   0]
 [ 34   0   0   0   0  26   8]
 [ 16   0   0   3   0   1  82]]

SVM linear
Classification_report:
             precision    recall  f1-score   support

          B       0.70      0.78      0.74       179
          C       0.40      0.20      0.27        20
          G       0.44      0.39      0.41        36
          M       0.40      0.41      0.40        59
          O       0.00      0.00      0.00         1
          P       0.63      0.63      0.63        68
          R       0.54      0.51      0.52       102

avg / total       0.58      0.59      0.59       465

[[139   1  18   7   0   9   5]
 [  1   4   0   4   0   2   9]
 [ 21   0  14   0   0   1   0]
 [  7   0   0  24   0   5  23]
 [  0   0   0   0   0   1   0]
 [ 13   2   0   2   0  43   8]
 [ 17   3   0  23   0   7  52]]

KNN
Classification_report:
             precision    recall  f1-score   support

          B       0.55      0.75      0.64       179
          C       0.14      0.10      0.12        20
          G       0.14      0.08      0.11        36
          M       0.24      0.24      0.24        59
          O       0.00      0.00      0.00         1
          P       0.43      0.49      0.46        68
          R       0.46      0.23      0.30       102

avg / total       0.42      0.45      0.42       465

[[135   2   9  10   0  20   3]
 [  8   2   0   3   0   2   5]
 [ 23   0   3   0   0   9   1]
 [ 24   2   2  14   0   1  16]
 [  0   0   0   0   0   1   0]
 [ 23   1   4   5   0  33   2]
 [ 32   7   3  27   0  10  23]]

NB Gaussian
Classification_report:
             precision    recall  f1-score   support

          B       0.54      0.65      0.59       179
          C       0.19      0.25      0.22        20
          G       0.38      0.36      0.37        36
          M       0.40      0.36      0.38        59
          O       0.00      0.00      0.00         1
          P       0.29      0.44      0.35        68
          R       0.51      0.18      0.26       102

avg / total       0.45      0.44      0.42       465

[[116   3  20   4   0  33   3]
 [  3   5   0   3   0   6   3]
 [ 20   0  13   0   0   3   0]
 [ 22   3   0  21   0   7   6]
 [  0   0   0   0   0   1   0]
 [ 28   1   1   3   0  30   5]
 [ 25  14   0  21   0  24  18]]

NB Bernoulli
Classification_report:
             precision    recall  f1-score   support

          B       0.57      0.56      0.57       179
          C       0.00      0.00      0.00        20
          G       0.23      0.25      0.24        36
          M       0.27      0.32      0.29        59
          O       0.00      0.00      0.00         1
          P       0.47      0.62      0.54        68
          R       0.38      0.29      0.33       102

avg / total       0.42      0.43      0.43       465

[[101   4  23  18   0  17  16]
 [  9   0   1   3   0   3   4]
 [ 18   0   9   4   0   0   5]
 [ 12   2   3  19   0   8  15]
 [  0   0   0   0   0   0   1]
 [ 10   1   1   6   1  42   7]
 [ 27   2   3  21   0  19  30]]

DT
Classification_report:
             precision    recall  f1-score   support

          B       0.72      0.68      0.70       179
          C       0.21      0.25      0.23        20
          G       0.51      0.67      0.58        36
          M       0.40      0.37      0.39        59
          O       0.00      0.00      0.00         1
          P       0.53      0.57      0.55        68
          R       0.46      0.44      0.45       102

avg / total       0.56      0.55      0.55       465

[[121   2  23   1   0  19  13]
 [  1   5   0   5   0   1   8]
 [ 12   0  24   0   0   0   0]
 [  5   4   0  22   0   4  24]
 [  0   0   0   0   0   1   0]
 [ 15   2   0   4   0  39   8]
 [ 14  11   0  23   0   9  45]]

CRF
Classification_report:
             precision    recall  f1-score   support

          B       0.82      0.93      0.87       179
          C       0.33      0.10      0.15        20
          G       0.74      0.56      0.63        36
          M       0.48      0.39      0.43        59
          O       0.00      0.00      0.00         1
          P       0.88      0.75      0.81        68
          R       0.53      0.65      0.58       102

avg / total       0.69      0.71      0.69       465

CRF 2.0
Classification_report:
             precision    recall  f1-score   support

          B       0.98      1.00      0.99       179
          C       0.70      0.35      0.47        20
          G       0.97      0.94      0.96        36
          M       0.84      0.81      0.83        59
          O       0.00      0.00      0.00         1
          P       0.95      0.91      0.93        68
          R       0.81      0.91      0.86       102

avg / total       0.91      0.91      0.90       465


SVM RBF
Classification_report:
             precision    recall  f1-score   support

          B       0.59      0.85      0.70       256
          C       0.00      0.00      0.00        40
          G       1.00      0.04      0.08        72
          M       0.50      0.02      0.04       104
          O       0.00      0.00      0.00         7
          P       0.71      0.54      0.62       133
          R       0.48      0.78      0.60       219

avg / total       0.57      0.56      0.48       831

[[218   0   0   0   0   2  36]
 [  4   0   0   0   0   4  32]
 [ 58   0   3   0   0   2   9]
 [ 19   0   0   2   0   6  77]
 [  0   0   0   0   0   3   4]
 [ 36   0   0   1   0  72  24]
 [ 36   0   0   1   0  12 170]]

SVM linear
Classification_report:
             precision    recall  f1-score   support

          B       0.55      0.62      0.59       256
          C       0.27      0.28      0.27        40
          G       0.37      0.35      0.36        72
          M       0.32      0.37      0.34       104
          O       0.50      0.14      0.22         7
          P       0.59      0.58      0.59       133
          R       0.50      0.42      0.46       219

avg / total       0.49      0.48      0.48       831

[[159   4  34  15   0  15  29]
 [  9  11   0   2   0   4  14]
 [ 38   2  25   4   0   1   2]
 [ 17   4   2  38   0   7  36]
 [  0   1   0   0   1   4   1]
 [ 27   7   2  10   0  77  10]
 [ 37  12   5  50   1  22  92]]

KNN
Classification_report:
             precision    recall  f1-score   support

          B       0.48      0.60      0.53       256
          C       0.17      0.10      0.12        40
          G       0.23      0.19      0.21        72
          M       0.23      0.26      0.24       104
          O       0.00      0.00      0.00         7
          P       0.44      0.47      0.45       133
          R       0.44      0.32      0.37       219

avg / total       0.39      0.40      0.39       831

[[153   4  21  25   0  33  20]
 [ 11   4   1   4   0   2  18]
 [ 38   0  14   5   0  10   5]
 [ 21   4   4  27   0  14  34]
 [  1   1   1   0   0   2   2]
 [ 32   5   8  13   0  62  13]
 [ 65   6  12  45   1  19  71]]

NB Gaussian
Classification_report:
             precision    recall  f1-score   support

          B       0.55      0.46      0.50       256
          C       0.14      0.33      0.20        40
          G       0.33      0.25      0.29        72
          M       0.24      0.28      0.26       104
          O       0.00      0.00      0.00         7
          P       0.37      0.59      0.45       133
          R       0.44      0.28      0.34       219

avg / total       0.41      0.38      0.38       831

[[117  25  25  25   0  44  20]
 [  5  13   0   2   0  10  10]
 [ 28   5  18   4   0  10   7]
 [ 13   6   3  29   0  24  29]
 [  1   0   0   0   0   3   3]
 [ 17  13   2  13   0  78  10]
 [ 30  29   6  50   0  42  62]]

NB Bernoulli
Classification_report:
             precision    recall  f1-score   support

          B       0.50      0.48      0.49       256
          C       0.16      0.10      0.12        40
          G       0.28      0.26      0.27        72
          M       0.25      0.24      0.24       104
          O       0.22      0.29      0.25         7
          P       0.43      0.60      0.50       133
          R       0.44      0.38      0.41       219

avg / total       0.40      0.41      0.40       831

[[123  11  35  20   1  34  32]
 [ 10   4   2   2   1  11  10]
 [ 32   1  19   4   0   5  11]
 [ 20   1   2  25   0  22  34]
 [  0   0   0   0   2   2   3]
 [ 16   3   3  12   2  80  17]
 [ 47   5   8  38   3  34  84]]

DT
Classification_report:
             precision    recall  f1-score   support

          B       0.63      0.61      0.62       256
          C       0.13      0.12      0.13        40
          G       0.37      0.35      0.36        72
          M       0.19      0.23      0.21       104
          O       0.00      0.00      0.00         7
          P       0.51      0.50      0.50       133
          R       0.43      0.43      0.43       219

avg / total       0.45      0.45      0.45       831

[[156   6  14  21   2  21  36]
 [  9   5   0  11   0   1  14]
 [ 14   1  25  14   1   7  10]
 [ 18   3   6  24   0  13  40]
 [  0   0   2   1   0   2   2]
 [ 18   4   9  11   3  66  22]
 [ 31  19  11  42   2  20  94]]

CRF
Classification_report:
             precision    recall  f1-score   support

          B       0.75      0.84      0.79       256
          C       0.73      0.28      0.40        40
          G       0.64      0.47      0.54        72
          M       0.41      0.25      0.31       104
          O       0.00      0.00      0.00         7
          P       0.72      0.61      0.66       133
          R       0.53      0.69      0.60       219

avg / total       0.63      0.62      0.61       831

CRF 2.0
Classification_report:
             precision    recall  f1-score   support

          B       0.86      0.89      0.87       256
          C       0.36      0.25      0.29        40
          G       0.76      0.67      0.71        72
          M       0.59      0.57      0.58       104
          O       0.00      0.00      0.00         7
          P       0.72      0.72      0.72       133
          R       0.66      0.73      0.70       219

avg / total       0.71      0.72      0.72       831
