SVM RBF
Classification_report:
             precision    recall  f1-score   support

          B       0.40      0.25      0.30        77
          C       0.00      0.00      0.00        20
          G       0.00      0.00      0.00        36
          M       0.00      0.00      0.00        45
          O       0.00      0.00      0.00         6
          P       0.74      0.48      0.58        65
          R       0.38      0.90      0.53       117

avg / total       0.34      0.42      0.34       366

[[ 19   0   0   0   0   4  54]
 [  2   0   0   0   0   2  16]
 [ 13   0   0   0   0   0  23]
 [  1   0   0   0   0   1  43]
 [  0   0   0   0   0   2   4]
 [  3   0   0   0   0  31  31]
 [ 10   0   0   0   0   2 105]]

SVM linear
Classification_report:
             precision    recall  f1-score   support

          B       0.40      0.51      0.45        77
          C       0.45      0.25      0.32        20
          G       0.55      0.33      0.41        36
          M       0.24      0.24      0.24        45
          O       0.00      0.00      0.00         6
          P       0.64      0.60      0.62        65
          R       0.45      0.50      0.47       117

avg / total       0.45      0.45      0.44       366

[[39  0  6  6  0  4 22]
 [ 6  5  0  0  0  2  7]
 [13  0 12  2  0  0  9]
 [ 6  1  1 11  0  5 21]
 [ 0  0  0  0  0  5  1]
 [ 8  2  2  3  0 39 11]
 [26  3  1 23  0  6 58]]

KNN
Classification_report:
             precision    recall  f1-score   support

          B       0.28      0.45      0.35        77
          C       0.15      0.10      0.12        20
          G       0.38      0.17      0.23        36
          M       0.15      0.22      0.18        45
          O       0.33      0.17      0.22         6
          P       0.52      0.46      0.49        65
          R       0.39      0.27      0.32       117

avg / total       0.34      0.32      0.32       366

[[35  1  4 12  0 12 13]
 [ 7  2  0  4  2  1  4]
 [11  2  6  7  0  2  8]
 [12  1  0 10  0  5 17]
 [ 0  1  0  0  1  2  2]
 [17  1  2  8  0 30  7]
 [43  5  4 27  0  6 32]]

NB Gaussian
Classification_report:
             precision    recall  f1-score   support

          B       0.57      0.27      0.37        77
          C       0.13      0.25      0.17        20
          G       0.50      0.17      0.25        36
          M       0.42      0.24      0.31        45
          O       0.00      0.00      0.00         6
          P       0.42      0.42      0.42        65
          R       0.40      0.65      0.50       117

avg / total       0.43      0.40      0.38       366

[[21  8  5  0  0  9 34]
 [ 1  5  0  0  0  4 10]
 [ 6  4  6  1  0  3 16]
 [ 1  3  0 11  0  6 24]
 [ 0  0  0  0  0  2  4]
 [ 0  8  1  4  0 27 25]
 [ 8 10  0 10  0 13 76]]

NB Bernoulli
Classification_report:
             precision    recall  f1-score   support

          B       0.40      0.49      0.44        77
          C       0.38      0.15      0.21        20
          G       0.42      0.22      0.29        36
          M       0.27      0.29      0.28        45
          O       0.33      0.17      0.22         6
          P       0.61      0.63      0.62        65
          R       0.46      0.49      0.47       117

avg / total       0.44      0.44      0.43       366

[[38  1  6  7  0  7 18]
 [ 4  3  0  1  0  1 11]
 [17  1  8  2  0  2  6]
 [ 5  0  1 13  0  5 21]
 [ 1  0  0  0  1  3  1]
 [ 5  2  3  4  0 41 10]
 [26  1  1 22  2  8 57]]

DT
Classification_report:
             precision    recall  f1-score   support

          B       0.36      0.38      0.37        77
          C       0.00      0.00      0.00        20
          G       0.15      0.17      0.16        36
          M       0.07      0.07      0.07        45
          O       0.00      0.00      0.00         6
          P       0.37      0.35      0.36        65
          R       0.35      0.33      0.34       117

avg / total       0.28      0.27      0.28       366

[[29  3  7  8  1  9 20]
 [ 6  0  3  2  1  1  7]
 [ 8  1  6  2  3  7  9]
 [ 9  6  6  3  2  3 16]
 [ 1  0  0  0  0  2  3]
 [10  5  5  6  0 23 16]
 [18  8 12 22  1 17 39]]

CRF
Classification_report:
             precision    recall  f1-score   support

          B       0.54      0.48      0.51        77
          C       0.36      0.20      0.26        20
          G       0.38      0.28      0.32        36
          M       0.18      0.13      0.15        45
          O       0.00      0.00      0.00         6
          P       0.58      0.48      0.53        65
          R       0.48      0.67      0.56       117

avg / total       0.45      0.45      0.44       366

CRF 2.0
Classification_report:
             precision    recall  f1-score   support

          B       0.59      0.58      0.59        77
          C       0.00      0.00      0.00        20
          G       0.61      0.39      0.47        36
          M       0.38      0.20      0.26        45
          O       0.00      0.00      0.00         6
          P       0.68      0.65      0.66        65
          R       0.53      0.81      0.64       117

avg / total       0.52      0.56      0.53       366


SVM RBF
Classification_report:
             precision    recall  f1-score   support

          B       0.59      0.97      0.73       179
          C       0.00      0.00      0.00        20
          G       0.00      0.00      0.00        36
          M       0.00      0.00      0.00        59
          O       0.00      0.00      0.00         1
          P       0.83      0.22      0.35        68
          R       0.53      0.78      0.63       102

avg / total       0.46      0.58      0.47       465

[[174   0   0   0   0   0   5]
 [  0   0   0   0   0   1  19]
 [ 36   0   0   0   0   0   0]
 [ 21   0   0   0   0   1  37]
 [  1   0   0   0   0   0   0]
 [ 43   0   0   0   0  15  10]
 [ 21   0   0   0   0   1  80]]

SVM linear
Classification_report:
             precision    recall  f1-score   support

          B       0.71      0.79      0.75       179
          C       0.33      0.05      0.09        20
          G       0.32      0.19      0.24        36
          M       0.41      0.41      0.41        59
          O       0.00      0.00      0.00         1
          P       0.63      0.62      0.62        68
          R       0.51      0.58      0.54       102

avg / total       0.57      0.59      0.57       465

[[142   0  15   7   0   7   8]
 [  0   1   0   3   0   2  14]
 [ 25   0   7   0   0   3   1]
 [  7   0   0  24   0   4  24]
 [  0   0   0   0   0   1   0]
 [ 15   1   0   1   0  42   9]
 [ 11   1   0  23   0   8  59]]

KNN
Classification_report:
             precision    recall  f1-score   support

          B       0.54      0.73      0.62       179
          C       0.07      0.05      0.06        20
          G       0.19      0.08      0.12        36
          M       0.28      0.27      0.27        59
          O       0.00      0.00      0.00         1
          P       0.44      0.47      0.46        68
          R       0.46      0.27      0.34       102

avg / total       0.42      0.45      0.43       465

[[131   3   6  11   0  23   5]
 [  6   1   0   3   0   1   9]
 [ 25   0   3   1   0   6   1]
 [ 23   1   1  16   0   3  15]
 [  1   0   0   0   0   0   0]
 [ 23   1   2   7   0  32   3]
 [ 35   8   4  20   0   7  28]]

NB Gaussian
Classification_report:
             precision    recall  f1-score   support

          B       0.51      0.64      0.57       179
          C       0.06      0.05      0.06        20
          G       0.36      0.25      0.30        36
          M       0.41      0.34      0.37        59
          O       0.00      0.00      0.00         1
          P       0.32      0.46      0.38        68
          R       0.38      0.20      0.26       102

avg / total       0.41      0.42      0.40       465

[[115   5  15   5   0  29  10]
 [ 10   1   0   2   0   4   3]
 [ 21   0   9   1   0   2   3]
 [ 19   1   1  20   0   7  11]
 [  0   0   0   0   0   1   0]
 [ 25   2   0   4   0  31   6]
 [ 35   7   0  17   0  23  20]]

NB Bernoulli
Classification_report:
             precision    recall  f1-score   support

          B       0.59      0.59      0.59       179
          C       0.00      0.00      0.00        20
          G       0.27      0.22      0.24        36
          M       0.32      0.39      0.35        59
          O       0.00      0.00      0.00         1
          P       0.49      0.62      0.55        68
          R       0.43      0.39      0.41       102

avg / total       0.45      0.47      0.46       465

[[105   1  17  16   1  17  22]
 [  8   0   1   2   0   3   6]
 [ 20   0   8   3   0   1   4]
 [ 14   0   1  23   0   8  13]
 [  0   0   0   0   0   0   1]
 [  9   1   1   7   0  42   8]
 [ 23   2   2  21   0  14  40]]

DT
Classification_report:
             precision    recall  f1-score   support

          B       0.76      0.70      0.73       179
          C       0.15      0.20      0.17        20
          G       0.51      0.58      0.55        36
          M       0.34      0.34      0.34        59
          O       0.00      0.00      0.00         1
          P       0.53      0.65      0.58        68
          R       0.46      0.40      0.43       102

avg / total       0.56      0.55      0.55       465

[[126   1  18   3   0  23   8]
 [  2   4   0   5   0   3   6]
 [ 14   0  21   0   0   0   1]
 [  4   6   0  20   0   3  26]
 [  0   0   0   0   0   1   0]
 [ 10   0   2   4   1  44   7]
 [ 10  15   0  27   0   9  41]]

CRF
Classification_report:
             precision    recall  f1-score   support

          B       0.84      0.95      0.89       179
          C       0.43      0.15      0.22        20
          G       0.87      0.56      0.68        36
          M       0.51      0.41      0.45        59
          O       0.00      0.00      0.00         1
          P       0.85      0.74      0.79        68
          R       0.57      0.71      0.63       102

avg / total       0.72      0.73      0.72       465

CRF 2.0
Classification_report:
             precision    recall  f1-score   support

          B       0.98      1.00      0.99       179
          C       0.50      0.10      0.17        20
          G       1.00      0.97      0.99        36
          M       0.94      0.83      0.88        59
          O       0.00      0.00      0.00         1
          P       0.98      0.90      0.94        68
          R       0.75      0.95      0.84       102

avg / total       0.90      0.91      0.90       465


SVM RBF
Classification_report:
             precision    recall  f1-score   support

          B       0.57      0.85      0.68       256
          C       0.00      0.00      0.00        40
          G       0.00      0.00      0.00        72
          M       0.50      0.01      0.02       104
          O       0.00      0.00      0.00         7
          P       0.76      0.58      0.66       133
          R       0.49      0.78      0.60       219

avg / total       0.49      0.56      0.48       831

[[218   0   0   0   0   4  34]
 [  5   0   0   1   0   2  32]
 [ 65   0   0   0   0   0   7]
 [ 22   0   0   1   0   4  77]
 [  0   0   0   0   0   4   3]
 [ 33   0   0   0   0  77  23]
 [ 38   0   0   0   0  10 171]]

SVM linear
Classification_report:
             precision    recall  f1-score   support

          B       0.56      0.68      0.61       256
          C       0.41      0.28      0.33        40
          G       0.45      0.32      0.37        72
          M       0.37      0.33      0.35       104
          O       0.00      0.00      0.00         7
          P       0.62      0.59      0.61       133
          R       0.52      0.53      0.52       219

avg / total       0.51      0.52      0.52       831

[[173   2  23  18   0   8  32]
 [  8  11   0   0   0   6  15]
 [ 41   2  23   0   0   1   5]
 [ 20   1   1  34   0   7  41]
 [  0   1   0   0   0   4   2]
 [ 27   4   1   8   0  79  14]
 [ 39   6   3  33   0  22 116]]

KNN
Classification_report:
             precision    recall  f1-score   support

          B       0.40      0.50      0.44       256
          C       0.15      0.10      0.12        40
          G       0.29      0.17      0.21        72
          M       0.15      0.23      0.18       104
          O       0.00      0.00      0.00         7
          P       0.44      0.47      0.45       133
          R       0.43      0.27      0.33       219

avg / total       0.36      0.35      0.34       831

[[127   5  12  55   0  36  21]
 [ 12   4   4   6   1   2  11]
 [ 41   0  12   7   0   7   5]
 [ 34   0   2  24   0  12  32]
 [  0   1   1   1   0   2   2]
 [ 39   3   2  17   0  62  10]
 [ 64  13   9  54   0  19  60]]

NB Gaussian
Classification_report:
             precision    recall  f1-score   support

          B       0.52      0.52      0.52       256
          C       0.08      0.15      0.11        40
          G       0.37      0.32      0.34        72
          M       0.24      0.22      0.23       104
          O       0.00      0.00      0.00         7
          P       0.39      0.44      0.41       133
          R       0.43      0.39      0.41       219

avg / total       0.40      0.39      0.40       831

[[133  22  24  17   0  29  31]
 [  9   6   2   1   0  10  12]
 [ 32   3  23   2   0   4   8]
 [ 19   2   5  23   0  17  38]
 [  0   0   0   1   0   2   4]
 [ 27  15   2  12   0  58  19]
 [ 38  25   6  38   0  27  85]]

NB Bernoulli
Classification_report:
             precision    recall  f1-score   support

          B       0.51      0.52      0.52       256
          C       0.19      0.10      0.13        40
          G       0.40      0.32      0.35        72
          M       0.25      0.23      0.24       104
          O       0.17      0.14      0.15         7
          P       0.51      0.68      0.58       133
          R       0.43      0.42      0.42       219

avg / total       0.43      0.44      0.43       831

[[134   7  27  19   0  25  44]
 [ 11   4   1   1   1   8  14]
 [ 31   1  23   2   0   6   9]
 [ 22   0   1  24   0  16  41]
 [  0   0   0   0   1   3   3]
 [ 16   3   3   9   1  90  11]
 [ 47   6   3  40   3  29  91]]

DT
Classification_report:
             precision    recall  f1-score   support

          B       0.57      0.55      0.56       256
          C       0.07      0.07      0.07        40
          G       0.23      0.21      0.22        72
          M       0.15      0.14      0.15       104
          O       0.00      0.00      0.00         7
          P       0.45      0.49      0.47       133
          R       0.39      0.41      0.40       219

avg / total       0.39      0.40      0.39       831

[[142   6  24  18   1  24  41]
 [  6   3   1   8   0   6  16]
 [ 21   5  15   2   1  17  11]
 [ 17   6   5  15   0  14  47]
 [  2   0   1   0   0   1   3]
 [ 21   3   7  12   1  65  24]
 [ 38  20  11  44   0  17  89]]

CRF
Classification_report:
             precision    recall  f1-score   support

          B       0.74      0.84      0.79       256
          C       0.80      0.30      0.44        40
          G       0.61      0.50      0.55        72
          M       0.38      0.25      0.30       104
          O       0.00      0.00      0.00         7
          P       0.75      0.62      0.68       133
          R       0.54      0.72      0.62       219

avg / total       0.63      0.64      0.62       831

CRF 2.0
Classification_report:
             precision    recall  f1-score   support

          B       0.85      0.90      0.87       256
          C       0.39      0.23      0.29        40
          G       0.81      0.71      0.76        72
          M       0.63      0.52      0.57       104
          O       0.00      0.00      0.00         7
          P       0.82      0.77      0.79       133
          R       0.67      0.80      0.73       219

avg / total       0.74      0.75      0.74       831
