SVM RBF
Classification_report:
             precision    recall  f1-score   support

          B       0.37      0.34      0.35        77
          C       0.00      0.00      0.00        20
          G       0.80      0.11      0.20        36
          M       0.50      0.02      0.04        45
          O       0.00      0.00      0.00         6
          P       0.50      0.28      0.36        65
          R       0.38      0.82      0.52       117

avg / total       0.43      0.40      0.33       366

[[26  0  1  0  0  7 43]
 [ 1  0  0  0  0  1 18]
 [11  0  4  0  0  2 19]
 [ 4  0  0  1  0  4 36]
 [ 0  0  0  0  0  1  5]
 [10  0  0  1  0 18 36]
 [18  0  0  0  0  3 96]]

SVM linear
Classification_report:
             precision    recall  f1-score   support

          B       0.32      0.35      0.33        77
          C       0.18      0.25      0.21        20
          G       0.27      0.28      0.27        36
          M       0.19      0.24      0.21        45
          O       0.50      0.17      0.25         6
          P       0.34      0.32      0.33        65
          R       0.47      0.38      0.42       117

avg / total       0.35      0.33      0.33       366

[[27  6 11  7  0 13 13]
 [ 6  5  1  1  0  1  6]
 [11  4 10  2  0  6  3]
 [ 6  0  2 11  0  8 18]
 [ 0  0  0  2  1  0  3]
 [13  4  7 13  0 21  7]
 [22  9  6 22  1 12 45]]

KNN
Classification_report:
             precision    recall  f1-score   support

          B       0.28      0.39      0.33        77
          C       0.06      0.05      0.05        20
          G       0.26      0.28      0.27        36
          M       0.28      0.36      0.31        45
          O       0.00      0.00      0.00         6
          P       0.38      0.31      0.34        65
          R       0.47      0.37      0.41       117

avg / total       0.34      0.33      0.33       366

[[30  5  6  9  0 11 16]
 [ 8  1  1  1  0  3  6]
 [17  2 10  0  0  2  5]
 [ 9  1  3 16  0  6 10]
 [ 0  0  2  0  0  2  2]
 [13  3  8 11  0 20 10]
 [30  6  9 20  1  8 43]]

NB Gaussian
Classification_report:
             precision    recall  f1-score   support

          B       0.60      0.08      0.14        77
          C       0.07      0.15      0.09        20
          G       0.29      0.06      0.09        36
          M       0.16      0.31      0.21        45
          O       0.00      0.00      0.00         6
          P       0.27      0.38      0.32        65
          R       0.41      0.43      0.42       117

avg / total       0.36      0.27      0.26       366

[[ 6  8  3 17  0 18 25]
 [ 0  3  2  2  1  5  7]
 [ 1  7  2  3  0 10 13]
 [ 0  3  0 14  0 11 17]
 [ 0  1  0  2  0  1  2]
 [ 0 13  0 17  1 25  9]
 [ 3 10  0 31  2 21 50]]

NB Bernoulli
Classification_report:
             precision    recall  f1-score   support

          B       0.39      0.31      0.35        77
          C       0.17      0.05      0.08        20
          G       0.18      0.11      0.14        36
          M       0.25      0.24      0.25        45
          O       0.00      0.00      0.00         6
          P       0.32      0.32      0.32        65
          R       0.34      0.47      0.39       117

avg / total       0.30      0.32      0.30       366

[[24  1  6  7  1  7 31]
 [ 2  1  1  2  0  6  8]
 [ 8  1  4  1  0  4 18]
 [ 6  0  1 11  0  5 22]
 [ 0  0  0  1  0  1  4]
 [ 7  0  4  7  0 21 26]
 [15  3  6 15  1 22 55]]

DT
Classification_report:
             precision    recall  f1-score   support

          B       0.30      0.36      0.33        77
          C       0.05      0.05      0.05        20
          G       0.17      0.19      0.18        36
          M       0.14      0.11      0.12        45
          O       0.00      0.00      0.00         6
          P       0.42      0.34      0.38        65
          R       0.39      0.38      0.39       117

avg / total       0.30      0.30      0.29       366

[[28  1 11  7  2  8 20]
 [ 3  1  4  2  0  3  7]
 [ 9  3  7  6  0  2  9]
 [ 9  2  3  5  1  6 19]
 [ 1  0  0  2  0  0  3]
 [15  3  9  3  0 22 13]
 [29 10  8 11  3 11 45]]

CRF
Classification_report:
             precision    recall  f1-score   support

          B       0.56      0.52      0.54        77
          C       0.33      0.20      0.25        20
          G       0.37      0.28      0.32        36
          M       0.24      0.20      0.22        45
          O       0.00      0.00      0.00         6
          P       0.57      0.48      0.52        65
          R       0.49      0.68      0.57       117

avg / total       0.46      0.48      0.46       366

CRF 2.0
Classification_report:
             precision    recall  f1-score   support

          B       0.72      0.61      0.66        77
          C       0.33      0.25      0.29        20
          G       0.41      0.33      0.37        36
          M       0.33      0.36      0.34        45
          O       0.00      0.00      0.00         6
          P       0.49      0.49      0.49        65
          R       0.51      0.63      0.57       117

avg / total       0.50      0.51      0.50       366


SVM RBF
Classification_report:
             precision    recall  f1-score   support

          B       0.57      0.94      0.71       179
          C       0.00      0.00      0.00        20
          G       0.00      0.00      0.00        36
          M       0.60      0.15      0.24        59
          O       0.00      0.00      0.00         1
          P       0.78      0.31      0.44        68
          R       0.51      0.64      0.57       102

avg / total       0.52      0.57      0.49       465

[[169   0   0   0   0   2   8]
 [  5   0   0   0   0   0  15]
 [ 34   0   0   0   0   2   0]
 [ 15   0   0   9   0   1  34]
 [  1   0   0   0   0   0   0]
 [ 41   0   0   0   0  21   6]
 [ 30   0   0   6   0   1  65]]

SVM linear
Classification_report:
             precision    recall  f1-score   support

          B       0.65      0.66      0.66       179
          C       0.25      0.25      0.25        20
          G       0.30      0.31      0.30        36
          M       0.31      0.32      0.31        59
          O       0.00      0.00      0.00         1
          P       0.47      0.50      0.48        68
          R       0.36      0.31      0.34       102

avg / total       0.47      0.47      0.47       465

[[119   1  25   3   1  20  10]
 [  0   5   0   1   0   3  11]
 [ 24   0  11   0   0   1   0]
 [  9   1   0  19   0   3  27]
 [  0   0   0   0   0   1   0]
 [ 19   4   1   2   0  34   8]
 [ 13   9   0  37   0  11  32]]

KNN
Classification_report:
             precision    recall  f1-score   support

          B       0.54      0.75      0.63       179
          C       0.13      0.10      0.11        20
          G       0.14      0.14      0.14        36
          M       0.29      0.20      0.24        59
          O       0.00      0.00      0.00         1
          P       0.60      0.44      0.51        68
          R       0.40      0.28      0.33       102

avg / total       0.44      0.46      0.44       465

[[135   1  17   3   0  14   9]
 [  4   2   0   1   0   1  12]
 [ 25   0   5   3   0   2   1]
 [ 25   1   4  12   0   0  17]
 [  1   0   0   0   0   0   0]
 [ 24   1   6   2   0  30   5]
 [ 35  10   5  20   0   3  29]]

NB Gaussian
Classification_report:
             precision    recall  f1-score   support

          B       0.54      0.64      0.59       179
          C       0.26      0.70      0.38        20
          G       0.19      0.31      0.23        36
          M       0.40      0.31      0.35        59
          O       0.00      0.00      0.00         1
          P       0.36      0.44      0.39        68
          R       0.50      0.05      0.09       102

avg / total       0.45      0.42      0.38       465

[[115   2  42   2   0  17   1]
 [  0  14   0   0   0   5   1]
 [ 24   0  11   0   0   1   0]
 [ 23   8   1  18   0   7   2]
 [  0   0   1   0   0   0   0]
 [ 31   3   2   1   0  30   1]
 [ 21  27   1  24   0  24   5]]

NB Bernoulli
Classification_report:
             precision    recall  f1-score   support

          B       0.52      0.61      0.56       179
          C       0.09      0.05      0.06        20
          G       0.08      0.03      0.04        36
          M       0.40      0.37      0.39        59
          O       0.00      0.00      0.00         1
          P       0.50      0.44      0.47        68
          R       0.29      0.32      0.31       102

avg / total       0.40      0.42      0.41       465

[[110   7   6   6   0  16  34]
 [ 10   1   0   3   0   0   6]
 [ 26   0   1   2   0   1   6]
 [ 13   2   1  22   0   2  19]
 [  1   0   0   0   0   0   0]
 [ 18   0   0   4   0  30  16]
 [ 35   1   4  18   0  11  33]]

DT
Classification_report:
             precision    recall  f1-score   support

          B       0.72      0.69      0.70       179
          C       0.21      0.25      0.23        20
          G       0.46      0.50      0.48        36
          M       0.27      0.27      0.27        59
          O       0.00      0.00      0.00         1
          P       0.57      0.66      0.61        68
          R       0.42      0.37      0.40       102

avg / total       0.53      0.53      0.53       465

[[124   1  19   7   0  18  10]
 [  1   5   0   1   0   0  13]
 [ 17   0  18   0   0   1   0]
 [  4   6   0  16   0   8  25]
 [  0   0   0   0   0   1   0]
 [ 11   1   1   6   0  45   4]
 [ 16  11   1  30   0   6  38]]

CRF
Classification_report:
             precision    recall  f1-score   support

          B       0.84      0.94      0.89       179
          C       0.50      0.15      0.23        20
          G       0.79      0.53      0.63        36
          M       0.51      0.39      0.44        59
          O       0.00      0.00      0.00         1
          P       0.85      0.74      0.79        68
          R       0.56      0.72      0.63       102

avg / total       0.72      0.72      0.71       465

CRF 2.0
Classification_report:
             precision    recall  f1-score   support

          B       1.00      1.00      1.00       179
          C       0.47      0.35      0.40        20
          G       0.97      0.97      0.97        36
          M       0.91      0.86      0.89        59
          O       0.00      0.00      0.00         1
          P       0.95      0.93      0.94        68
          R       0.81      0.90      0.86       102

avg / total       0.91      0.92      0.92       465


SVM RBF
Classification_report:
             precision    recall  f1-score   support

          B       0.51      0.83      0.63       256
          C       0.00      0.00      0.00        40
          G       0.56      0.07      0.12        72
          M       0.57      0.04      0.07       104
          O       0.00      0.00      0.00         7
          P       0.58      0.35      0.44       133
          R       0.47      0.68      0.56       219

avg / total       0.49      0.50      0.43       831

[[212   0   1   1   0   9  33]
 [  9   0   0   0   0   1  30]
 [ 59   0   5   0   0   2   6]
 [ 23   0   0   4   0   9  68]
 [  1   0   0   0   0   3   3]
 [ 59   1   0   0   0  47  26]
 [ 55   0   3   2   0  10 149]]

SVM linear
Classification_report:
             precision    recall  f1-score   support

          B       0.59      0.66      0.62       256
          C       0.24      0.30      0.27        40
          G       0.38      0.32      0.35        72
          M       0.27      0.22      0.24       104
          O       0.20      0.14      0.17         7
          P       0.47      0.46      0.46       133
          R       0.48      0.46      0.47       219

avg / total       0.46      0.47      0.46       831

[[168   8  24  14   1  21  20]
 [  3  12   1   1   0   6  17]
 [ 35   3  23   1   0   5   5]
 [ 16   1   2  23   1  13  48]
 [  0   0   0   0   1   5   1]
 [ 29   9   4  10   0  61  20]
 [ 36  17   6  37   2  20 101]]

KNN
Classification_report:
             precision    recall  f1-score   support

          B       0.47      0.66      0.55       256
          C       0.12      0.10      0.11        40
          G       0.22      0.21      0.21        72
          M       0.20      0.18      0.19       104
          O       0.00      0.00      0.00         7
          P       0.55      0.43      0.48       133
          R       0.38      0.30      0.34       219

avg / total       0.38      0.40      0.38       831

[[168   2  21  16   0  19  30]
 [  7   4   2   5   0   1  21]
 [ 42   2  15   0   0   7   6]
 [ 39   4   6  19   0   9  27]
 [  3   0   1   1   0   0   2]
 [ 33   4   8   8   0  57  23]
 [ 63  16  16  48   0  10  66]]

NB Gaussian
Classification_report:
             precision    recall  f1-score   support

          B       0.67      0.23      0.34       256
          C       0.14      0.42      0.21        40
          G       0.23      0.17      0.19        72
          M       0.21      0.21      0.21       104
          O       0.00      0.00      0.00         7
          P       0.23      0.69      0.34       133
          R       0.59      0.10      0.17       219

avg / total       0.45      0.27      0.26       831

[[ 58  26  25  18   9 117   3]
 [  1  17   1   3   0  16   2]
 [ 15   8  12   5   0  31   1]
 [  3   8   6  22   2  55   8]
 [  0   0   0   0   0   7   0]
 [  2  20   5  10   3  92   1]
 [  8  43   4  46   8  88  22]]

NB Bernoulli
Classification_report:
             precision    recall  f1-score   support

          B       0.45      0.49      0.47       256
          C       0.18      0.05      0.08        40
          G       0.14      0.06      0.08        72
          M       0.27      0.16      0.20       104
          O       0.00      0.00      0.00         7
          P       0.38      0.45      0.42       133
          R       0.31      0.41      0.35       219

avg / total       0.34      0.36      0.34       831

[[125   3  12  11   1  34  70]
 [ 10   2   1   2   0   7  18]
 [ 40   0   4   0   0   5  23]
 [ 16   1   4  17   0  14  52]
 [  2   0   0   0   0   2   3]
 [ 29   0   0   4   1  60  39]
 [ 54   5   7  28   1  34  90]]

DT
Classification_report:
             precision    recall  f1-score   support

          B       0.63      0.59      0.61       256
          C       0.13      0.15      0.14        40
          G       0.35      0.40      0.38        72
          M       0.27      0.25      0.26       104
          O       0.00      0.00      0.00         7
          P       0.48      0.47      0.47       133
          R       0.42      0.45      0.43       219

avg / total       0.45      0.45      0.45       831

[[152   8  32  11   0  19  34]
 [  5   6   0   7   0   6  16]
 [ 26   3  29   3   0   4   7]
 [  5   6   5  26   0  12  50]
 [  1   0   1   0   0   2   3]
 [ 22   7   8   8   2  62  24]
 [ 29  17   7  40   3  25  98]]

CRF
Classification_report:
             precision    recall  f1-score   support

          B       0.73      0.84      0.78       256
          C       0.65      0.28      0.39        40
          G       0.60      0.49      0.54        72
          M       0.42      0.26      0.32       104
          O       0.00      0.00      0.00         7
          P       0.74      0.61      0.67       133
          R       0.52      0.68      0.59       219

avg / total       0.62      0.62      0.61       831

CRF 2.0
Classification_report:
             precision    recall  f1-score   support

          B       0.90      0.89      0.90       256
          C       0.34      0.30      0.32        40
          G       0.76      0.72      0.74        72
          M       0.60      0.63      0.62       104
          O       0.00      0.00      0.00         7
          P       0.67      0.70      0.69       133
          R       0.69      0.71      0.70       219

avg / total       0.72      0.73      0.73       831
