SVM RBF
Classification_report:
             precision    recall  f1-score   support

          B       0.44      0.52      0.48        77
          C       0.00      0.00      0.00        20
          G       0.75      0.08      0.15        36
          M       0.00      0.00      0.00        45
          O       0.00      0.00      0.00         6
          P       0.49      0.45      0.47        65
          R       0.42      0.75      0.54       117

avg / total       0.39      0.44      0.37       366

[[40  0  0  0  0  7 30]
 [ 2  0  0  0  0  1 17]
 [13  0  3  0  0  5 15]
 [ 8  0  0  0  0  5 32]
 [ 0  0  0  0  0  2  4]
 [ 9  0  1  1  0 29 25]
 [18  0  0  1  0 10 88]]

SVM linear
Classification_report:
             precision    recall  f1-score   support

          B       0.36      0.45      0.40        77
          C       0.22      0.35      0.27        20
          G       0.32      0.31      0.31        36
          M       0.18      0.22      0.20        45
          O       1.00      0.17      0.29         6
          P       0.40      0.35      0.38        65
          R       0.48      0.37      0.42       117

avg / total       0.38      0.36      0.36       366

[[35  7 10  4  0  8 13]
 [ 4  7  1  1  0  1  6]
 [12  4 11  1  0  5  3]
 [ 8  4  3 10  0  7 13]
 [ 0  0  0  1  1  2  2]
 [ 9  4  6 13  0 23 10]
 [29  6  3 25  0 11 43]]

KNN
Classification_report:
             precision    recall  f1-score   support

          B       0.24      0.32      0.28        77
          C       0.21      0.20      0.21        20
          G       0.31      0.31      0.31        36
          M       0.14      0.18      0.16        45
          O       0.33      0.17      0.22         6
          P       0.36      0.31      0.33        65
          R       0.38      0.30      0.34       117

avg / total       0.30      0.28      0.29       366

[[25  8  9 10  1  8 16]
 [ 4  4  1  1  0  2  8]
 [11  2 11  2  0  4  6]
 [12  0  1  8  0  7 17]
 [ 1  0  0  0  1  1  3]
 [15  1 10 13  0 20  6]
 [36  4  4 24  1 13 35]]

NB Gaussian
Classification_report:
             precision    recall  f1-score   support

          B       0.64      0.09      0.16        77
          C       0.15      0.35      0.21        20
          G       0.20      0.03      0.05        36
          M       0.15      0.20      0.17        45
          O       0.00      0.00      0.00         6
          P       0.30      0.40      0.34        65
          R       0.37      0.49      0.42       117

avg / total       0.35      0.29      0.27       366

[[ 7  9  4  8  0 13 36]
 [ 0  7  0  2  0  5  6]
 [ 2  5  1  4  0 13 11]
 [ 0  4  0  9  0  9 23]
 [ 0  0  0  0  0  1  5]
 [ 0 12  0 11  0 26 16]
 [ 2 11  0 26  0 21 57]]

NB Bernoulli
Classification_report:
             precision    recall  f1-score   support

          B       0.49      0.43      0.46        77
          C       0.20      0.15      0.17        20
          G       0.42      0.39      0.41        36
          M       0.21      0.18      0.19        45
          O       0.33      0.33      0.33         6
          P       0.40      0.55      0.47        65
          R       0.42      0.42      0.42       117

avg / total       0.39      0.40      0.39       366

[[33  4  6  6  1  7 20]
 [ 1  3  0  0  1  5 10]
 [10  1 14  1  0  4  6]
 [ 2  1  1  8  0 14 19]
 [ 0  1  0  0  2  1  2]
 [ 5  2  4  7  0 36 11]
 [16  3  8 17  2 22 49]]

DT
Classification_report:
             precision    recall  f1-score   support

          B       0.30      0.30      0.30        77
          C       0.08      0.05      0.06        20
          G       0.08      0.08      0.08        36
          M       0.09      0.11      0.10        45
          O       0.00      0.00      0.00         6
          P       0.23      0.22      0.22        65
          R       0.41      0.41      0.41       117

avg / total       0.26      0.26      0.26       366

[[23  2 10 10  1 10 21]
 [ 3  1  3  2  0  4  7]
 [13  0  3  6  0  7  7]
 [ 5  2  6  5  0 11 16]
 [ 2  1  0  0  0  1  2]
 [11  2 11 10  1 14 16]
 [20  5  5 24  1 14 48]]

CRF
Classification_report:
             precision    recall  f1-score   support

          B       0.56      0.52      0.54        77
          C       0.33      0.20      0.25        20
          G       0.37      0.28      0.32        36
          M       0.24      0.20      0.22        45
          O       0.00      0.00      0.00         6
          P       0.57      0.48      0.52        65
          R       0.49      0.68      0.57       117

avg / total       0.46      0.48      0.46       366

CRF 2.0
Classification_report:
             precision    recall  f1-score   support

          B       0.59      0.57      0.58        77
          C       0.12      0.10      0.11        20
          G       0.30      0.22      0.25        36
          M       0.24      0.31      0.27        45
          O       0.00      0.00      0.00         6
          P       0.53      0.49      0.51        65
          R       0.53      0.59      0.56       117

avg / total       0.45      0.46      0.46       366


SVM RBF
Classification_report:
             precision    recall  f1-score   support

          B       0.63      0.93      0.76       179
          C       0.00      0.00      0.00        20
          G       1.00      0.03      0.05        36
          M       0.71      0.17      0.27        59
          O       0.00      0.00      0.00         1
          P       0.72      0.38      0.50        68
          R       0.52      0.77      0.62       102

avg / total       0.63      0.61      0.54       465

[[167   0   0   0   0   5   7]
 [  0   0   0   0   0   0  20]
 [ 33   0   1   0   0   2   0]
 [ 10   0   0  10   0   1  38]
 [  0   0   0   0   0   1   0]
 [ 34   0   0   1   0  26   7]
 [ 19   0   0   3   0   1  79]]

SVM linear
Classification_report:
             precision    recall  f1-score   support

          B       0.64      0.66      0.65       179
          C       0.50      0.35      0.41        20
          G       0.35      0.42      0.38        36
          M       0.36      0.41      0.38        59
          O       0.00      0.00      0.00         1
          P       0.51      0.50      0.50        68
          R       0.47      0.40      0.43       102

avg / total       0.52      0.52      0.51       465

[[119   1  25   5   0  20   9]
 [  0   7   0   1   0   1  11]
 [ 19   0  15   0   0   1   1]
 [ 10   1   0  24   0   4  20]
 [  0   0   0   0   0   1   0]
 [ 23   0   0   6   0  34   5]
 [ 16   5   3  31   0   6  41]]

KNN
Classification_report:
             precision    recall  f1-score   support

          B       0.56      0.83      0.67       179
          C       0.23      0.15      0.18        20
          G       0.19      0.11      0.14        36
          M       0.31      0.20      0.24        59
          O       0.00      0.00      0.00         1
          P       0.52      0.51      0.52        68
          R       0.49      0.30      0.38       102

avg / total       0.47      0.50      0.47       465

[[148   1  11   5   0  12   2]
 [  5   3   0   3   0   1   8]
 [ 26   0   4   0   0   6   0]
 [ 24   1   0  12   0   4  18]
 [  1   0   0   0   0   0   0]
 [ 23   1   3   2   0  35   4]
 [ 35   7   3  17   0   9  31]]

NB Gaussian
Classification_report:
             precision    recall  f1-score   support

          B       0.55      0.67      0.60       179
          C       0.22      0.50      0.30        20
          G       0.33      0.36      0.34        36
          M       0.40      0.29      0.33        59
          O       0.00      0.00      0.00         1
          P       0.30      0.43      0.35        68
          R       0.45      0.09      0.15       102

avg / total       0.44      0.43      0.40       465

[[120   4  26   3   0  26   0]
 [  1  10   0   1   0   6   2]
 [ 22   0  13   0   0   1   0]
 [ 20   7   0  17   0   8   7]
 [  0   0   1   0   0   0   0]
 [ 33   2   0   2   0  29   2]
 [ 24  23   0  20   0  26   9]]

NB Bernoulli
Classification_report:
             precision    recall  f1-score   support

          B       0.55      0.50      0.52       179
          C       0.00      0.00      0.00        20
          G       0.23      0.22      0.23        36
          M       0.35      0.36      0.35        59
          O       0.00      0.00      0.00         1
          P       0.43      0.56      0.48        68
          R       0.33      0.32      0.33       102

avg / total       0.41      0.41      0.41       465

[[90  8 19 13  0 21 28]
 [ 7  0  0  4  0  4  5]
 [20  0  8  3  0  3  2]
 [11  3  0 21  0  7 17]
 [ 0  0  0  0  0  0  1]
 [10  3  1  2  1 38 13]
 [26  2  7 17  1 16 33]]

DT
Classification_report:
             precision    recall  f1-score   support

          B       0.75      0.75      0.75       179
          C       0.14      0.15      0.15        20
          G       0.61      0.64      0.62        36
          M       0.38      0.41      0.39        59
          O       0.00      0.00      0.00         1
          P       0.60      0.62      0.61        68
          R       0.44      0.39      0.41       102

avg / total       0.57      0.57      0.57       465

[[134   0  13   5   0  15  12]
 [  5   3   0   5   0   0   7]
 [ 12   0  23   0   0   1   0]
 [  5   5   0  24   0   1  24]
 [  0   0   0   0   0   1   0]
 [ 12   2   0   2   2  42   8]
 [ 11  11   2  28   0  10  40]]

CRF
Classification_report:
             precision    recall  f1-score   support

          B       0.84      0.94      0.89       179
          C       0.50      0.15      0.23        20
          G       0.79      0.53      0.63        36
          M       0.51      0.39      0.44        59
          O       0.00      0.00      0.00         1
          P       0.85      0.74      0.79        68
          R       0.56      0.72      0.63       102

avg / total       0.72      0.72      0.71       465

CRF 2.0
Classification_report:
             precision    recall  f1-score   support

          B       0.99      1.00      0.99       179
          C       0.31      0.20      0.24        20
          G       1.00      0.97      0.99        36
          M       0.85      0.75      0.79        59
          O       0.00      0.00      0.00         1
          P       0.95      0.88      0.92        68
          R       0.77      0.91      0.83       102

avg / total       0.89      0.89      0.89       465


SVM RBF
Classification_report:
             precision    recall  f1-score   support

          B       0.58      0.80      0.67       256
          C       0.00      0.00      0.00        40
          G       0.69      0.12      0.21        72
          M       0.50      0.03      0.05       104
          O       0.00      0.00      0.00         7
          P       0.58      0.48      0.52       133
          R       0.48      0.75      0.59       219

avg / total       0.52      0.54      0.47       831

[[206   0   3   0   0  14  33]
 [  6   0   0   0   0   2  32]
 [ 51   0   9   0   0   3   9]
 [ 17   0   0   3   0  11  73]
 [  0   0   0   0   0   4   3]
 [ 39   0   1   1   0  64  28]
 [ 39   0   0   2   0  13 165]]

SVM linear
Classification_report:
             precision    recall  f1-score   support

          B       0.54      0.61      0.57       256
          C       0.20      0.25      0.22        40
          G       0.32      0.33      0.33        72
          M       0.32      0.36      0.34       104
          O       0.50      0.14      0.22         7
          P       0.50      0.47      0.48       133
          R       0.53      0.43      0.48       219

avg / total       0.47      0.46      0.46       831

[[156  11  36  17   1  17  18]
 [ 10  10   0   2   0   5  13]
 [ 32   1  24   1   0   7   7]
 [ 20   1   4  37   0  12  30]
 [  0   0   0   1   1   4   1]
 [ 33   4   6  14   0  62  14]
 [ 39  22   4  42   0  17  95]]

KNN
Classification_report:
             precision    recall  f1-score   support

          B       0.47      0.68      0.55       256
          C       0.13      0.10      0.11        40
          G       0.20      0.17      0.18        72
          M       0.21      0.19      0.20       104
          O       0.00      0.00      0.00         7
          P       0.48      0.43      0.45       133
          R       0.43      0.29      0.35       219

avg / total       0.38      0.40      0.38       831

[[175   6  21  18   2  16  18]
 [ 14   4   0   3   0   2  17]
 [ 45   0  12   2   0   8   5]
 [ 39   2   3  20   0  11  29]
 [  2   0   0   1   0   1   3]
 [ 35   3   9  15   0  57  14]
 [ 65  16  15  35   0  24  64]]

NB Gaussian
Classification_report:
             precision    recall  f1-score   support

          B       0.60      0.35      0.44       256
          C       0.13      0.40      0.20        40
          G       0.33      0.22      0.27        72
          M       0.24      0.27      0.25       104
          O       0.10      0.14      0.12         7
          P       0.29      0.67      0.40       133
          R       0.56      0.21      0.30       219

avg / total       0.45      0.34      0.35       831

[[90 24 25 21  6 82  8]
 [ 2 16  0  2  0 12  8]
 [26 10 16  4  0 15  1]
 [ 6 11  2 28  0 44 13]
 [ 1  0  0  0  1  2  3]
 [ 9 18  3 11  1 89  2]
 [16 41  2 50  2 63 45]]

NB Bernoulli
Classification_report:
             precision    recall  f1-score   support

          B       0.52      0.48      0.50       256
          C       0.14      0.07      0.10        40
          G       0.31      0.31      0.31        72
          M       0.23      0.17      0.20       104
          O       0.12      0.14      0.13         7
          P       0.42      0.59      0.49       133
          R       0.40      0.42      0.41       219

avg / total       0.40      0.40      0.40       831

[[122  11  29  17   1  29  47]
 [ 14   3   1   2   2  10   8]
 [ 28   0  22   2   0   9  11]
 [ 14   1   1  18   0  22  48]
 [  0   0   0   1   1   2   3]
 [ 20   1   5   7   1  78  21]
 [ 38   5  13  33   3  35  92]]

DT
Classification_report:
             precision    recall  f1-score   support

          B       0.63      0.55      0.59       256
          C       0.17      0.17      0.17        40
          G       0.29      0.32      0.31        72
          M       0.20      0.21      0.21       104
          O       0.00      0.00      0.00         7
          P       0.48      0.49      0.49       133
          R       0.44      0.47      0.45       219

avg / total       0.45      0.43      0.44       831

[[142   8  20  20   2  20  44]
 [  4   7   2   4   0   7  16]
 [ 16   4  23   7   5   6  11]
 [ 16   4  10  22   0  15  37]
 [  0   0   1   1   0   4   1]
 [ 17   1  10  18   2  65  20]
 [ 32  16  12  37   2  18 102]]

CRF
Classification_report:
             precision    recall  f1-score   support

          B       0.76      0.83      0.79       256
          C       0.69      0.28      0.39        40
          G       0.62      0.49      0.55        72
          M       0.44      0.26      0.33       104
          O       0.00      0.00      0.00         7
          P       0.74      0.62      0.68       133
          R       0.53      0.70      0.60       219

avg / total       0.63      0.63      0.62       831

CRF 2.0
Classification_report:
             precision    recall  f1-score   support

          B       0.88      0.87      0.87       256
          C       0.32      0.30      0.31        40
          G       0.74      0.69      0.71        72
          M       0.54      0.58      0.56       104
          O       0.00      0.00      0.00         7
          P       0.69      0.68      0.69       133
          R       0.65      0.68      0.66       219

avg / total       0.70      0.70      0.70       831
