SVM RBF
Classification_report:
             precision    recall  f1-score   support
          B       0.55      0.34      0.42        77
          C       0.00      0.00      0.00        20
          G       0.00      0.00      0.00        36
          M       0.00      0.00      0.00        45
          O       0.00      0.00      0.00         6
          P       0.50      0.06      0.11        65
          R       0.36      0.97      0.53       117

avg / total       0.32      0.39      0.28       366

[[ 26   0   0   0   0   0  51]
 [  0   0   0   0   0   2  18]
 [ 11   0   0   0   0   0  25]
 [  1   0   0   0   0   1  43]
 [  0   0   0   0   0   0   6]
 [  6   0   0   0   0   4  55]
 [  3   0   0   0   0   1 113]]

SVM linear
Classification_report:
             precision    recall  f1-score   support
          B       0.43      0.49      0.46        77
          C       0.29      0.35      0.32        20
          G       0.38      0.33      0.35        36
          M       0.22      0.20      0.21        45
          O       1.00      0.50      0.67         6
          P       0.42      0.37      0.39        65
          R       0.47      0.48      0.47       117

avg / total       0.41      0.41      0.41       366

[[38  2 11  6  0  9 11]
 [ 2  7  0  0  0  2  9]
 [12  1 12  1  0  4  6]
 [ 5  0  1  9  0  6 24]
 [ 0  1  0  0  3  0  2]
 [15  3  6  5  0 24 12]
 [17 10  2 20  0 12 56]]

KNN
Classification_report:
             precision    recall  f1-score   support
          B       0.42      0.57      0.48        77
          C       0.31      0.20      0.24        20
          G       0.18      0.22      0.20        36
          M       0.13      0.16      0.14        45
          O       0.00      0.00      0.00         6
          P       0.41      0.29      0.34        65
          R       0.41      0.35      0.38       117

avg / total       0.34      0.34      0.33       366

[[44  0 10  4  0  7 12]
 [ 4  4  2  3  0  0  7]
 [13  2  8  1  0  3  9]
 [ 7  1  3  7  0  9 18]
 [ 1  0  0  2  0  0  3]
 [16  1  9  8  1 19 11]
 [21  5 13 29  0  8 41]]

NB
Classification_report:
             precision    recall  f1-score   support
          B       0.48      0.49      0.49        77
          C       0.71      0.25      0.37        20
          G       0.56      0.39      0.46        36
          M       0.42      0.40      0.41        45
          O       0.00      0.00      0.00         6
          P       0.42      0.49      0.45        65
          R       0.55      0.62      0.58       117

avg / total       0.50      0.49      0.49       366

[[38  0  7  0  2 14 16]
 [ 2  5  1  0  0  1 11]
 [14  1 14  0  0  5  2]
 [ 4  0  0 18  0  8 15]
 [ 0  0  0  0  0  0  6]
 [15  0  2  7  1 32  8]
 [ 6  1  1 18  3 16 72]]

DT
Classification_report:
             precision    recall  f1-score   support
          B       0.49      0.47      0.48        77
          C       0.10      0.05      0.07        20
          G       0.12      0.11      0.12        36
          M       0.11      0.09      0.10        45
          O       0.33      0.17      0.22         6
          P       0.65      0.63      0.64        65
          R       0.43      0.55      0.48       117

avg / total       0.39      0.41      0.40       366

[[36  2 11  5  0  5 18]
 [ 1  1  3  3  0  1 11]
 [12  1  4  1  0  2 16]
 [ 5  2  4  4  0  1 29]
 [ 1  0  0  1  1  3  0]
 [ 6  1  1  4  2 41 10]
 [12  3  9 19  0 10 64]]

CRF
Classification_report:
             precision    recall  f1-score   support
          B      0.577     0.532     0.554        77
          C      0.400     0.500     0.444        20
          G      0.143     0.056     0.080        36
          M      0.200     0.067     0.100        45
          O      0.000     0.000     0.000         6
          P      0.558     0.446     0.496        65
          R      0.519     0.838     0.641       117

avg / total      0.447     0.500     0.454       366
