SVM RBF
Classification_report:
             precision    recall  f1-score   support
          B       0.55      0.36      0.44        77
          C       0.00      0.00      0.00        20
          G       0.00      0.00      0.00        36
          M       0.00      0.00      0.00        45
          O       0.00      0.00      0.00         6
          P       0.56      0.08      0.14        65
          R       0.37      0.96      0.53       117

avg / total       0.33      0.40      0.29       366

[[ 28   0   0   0   0   0  49]
 [  0   0   0   0   0   2  18]
 [ 13   0   0   0   0   0  23]
 [  1   0   0   0   0   1  43]
 [  0   0   0   0   0   0   6]
 [  5   0   0   0   0   5  55]
 [  4   0   0   0   0   1 112]]

SVM linear
Classification_report:
             precision    recall  f1-score   support
          B       0.49      0.57      0.53        77
          C       0.27      0.30      0.29        20
          G       0.36      0.39      0.37        36
          M       0.26      0.31      0.29        45
          O       0.75      0.50      0.60         6
          P       0.51      0.45      0.48        65
          R       0.53      0.46      0.50       117

avg / total       0.46      0.45      0.45       366

[[44  0 13  6  0  6  8]
 [ 1  6  1  2  0  2  8]
 [11  2 14  1  0  3  5]
 [ 4  0  4 14  0  7 16]
 [ 0  0  0  0  3  1  2]
 [15  2  5  6  0 29  8]
 [15 12  2 24  1  9 54]]

KNN
Classification_report:
             precision    recall  f1-score   support
          B       0.35      0.53      0.42        77
          C       0.36      0.20      0.26        20
          G       0.26      0.28      0.27        36
          M       0.16      0.16      0.16        45
          O       0.33      0.17      0.22         6
          P       0.46      0.38      0.42        65
          R       0.39      0.33      0.36       117

avg / total       0.35      0.35      0.34       366

[[41  0  6  7  0 12 11]
 [ 3  4  3  2  0  0  8]
 [14  3 10  2  1  2  4]
 [ 7  0  4  7  0  3 24]
 [ 1  0  1  0  1  0  3]
 [19  1  7  2  0 25 11]
 [32  3  7 23  1 12 39]]

NB
Classification_report:
             precision    recall  f1-score   support
          B       0.48      0.49      0.49        77
          C       0.71      0.25      0.37        20
          G       0.56      0.39      0.46        36
          M       0.42      0.40      0.41        45
          O       0.00      0.00      0.00         6
          P       0.42      0.49      0.45        65
          R       0.55      0.62      0.58       117

avg / total       0.50      0.49      0.49       366

[[38  0  7  0  2 14 16]
 [ 2  5  1  0  0  1 11]
 [14  1 14  0  0  5  2]
 [ 4  0  0 18  0  8 15]
 [ 0  0  0  0  0  0  6]
 [15  0  2  7  1 32  8]
 [ 6  1  1 18  3 16 72]]

DT
Classification_report:
             precision    recall  f1-score   support
          B       0.45      0.47      0.46        77
          C       0.27      0.20      0.23        20
          G       0.29      0.28      0.28        36
          M       0.20      0.18      0.19        45
          O       0.00      0.00      0.00         6
          P       0.60      0.69      0.64        65
          R       0.46      0.46      0.46       117

avg / total       0.42      0.43      0.42       366

[[36  5 10  5  0  6 15]
 [ 3  4  0  4  0  1  8]
 [10  0 10  3  1  0 12]
 [10  1  1  8  0  7 18]
 [ 0  0  0  0  0  5  1]
 [ 5  0  1  2  3 45  9]
 [16  5 13 18  0 11 54]]

CRF
Classification_report:
             precision    recall  f1-score   support
          B      0.544     0.558     0.551        77
          C      0.367     0.550     0.440        20
          G      0.312     0.139     0.192        36
          M      0.333     0.111     0.167        45
          O      0.000     0.000     0.000         6
          P      0.538     0.431     0.479        65
          R      0.500     0.744     0.598       117

avg / total      0.462     0.489     0.456       366
