SVM RBF
Classification_report:
             precision    recall  f1-score   support
          B       0.51      0.27      0.36        77
          C       0.00      0.00      0.00        20
          G       0.00      0.00      0.00        36
          M       0.00      0.00      0.00        45
          O       0.00      0.00      0.00         6
          P       0.82      0.22      0.34        65
          R       0.36      0.95      0.52       117

avg / total       0.37      0.40      0.30       366

[[ 21   0   0   0   0   0  56]
 [  0   0   0   0   0   2  18]
 [ 12   0   0   0   0   0  24]
 [  0   0   0   0   0   0  45]
 [  0   0   0   0   0   0   6]
 [  3   0   0   0   0  14  48]
 [  5   0   0   0   0   1 111]]

SVM linear
Classification_report:
             precision    recall  f1-score   support
          B       0.48      0.56      0.51        77
          C       0.55      0.30      0.39        20
          G       0.46      0.36      0.41        36
          M       0.24      0.27      0.25        45
          O       1.00      0.17      0.29         6
          P       0.69      0.65      0.67        65
          R       0.52      0.56      0.54       117

avg / total       0.51      0.50      0.50       366

[[43  0 12  4  0  5 13]
 [ 1  6  0  1  0  3  9]
 [15  0 13  1  0  1  6]
 [ 8  0  0 12  0  2 23]
 [ 0  1  0  1  1  1  2]
 [ 9  1  3  3  0 42  7]
 [14  3  0 28  0  7 65]]

KNN
Classification_report:
             precision    recall  f1-score   support
          B       0.37      0.55      0.44        77
          C       0.45      0.25      0.32        20
          G       0.25      0.19      0.22        36
          M       0.25      0.29      0.27        45
          O       0.50      0.17      0.25         6
          P       0.42      0.40      0.41        65
          R       0.46      0.38      0.42       117

avg / total       0.39      0.38      0.37       366

[[42  1  4  5  0 16  9]
 [ 4  5  1  1  0  0  9]
 [15  2  7  0  0  4  8]
 [ 8  0  2 13  0  3 19]
 [ 0  0  1  1  1  1  2]
 [19  2  7  6  1 26  4]
 [27  1  6 27  0 12 44]]

NB
Classification_report:
             precision    recall  f1-score   support
          B       0.49      0.49      0.49        77
          C       0.71      0.25      0.37        20
          G       0.56      0.39      0.46        36
          M       0.42      0.40      0.41        45
          O       0.00      0.00      0.00         6
          P       0.42      0.49      0.45        65
          R       0.55      0.62      0.58       117

avg / total       0.50      0.49      0.49       366

[[38  0  7  0  2 14 16]
 [ 1  5  1  0  0  1 12]
 [14  1 14  0  0  5  2]
 [ 4  0  0 18  0  8 15]
 [ 0  0  0  0  0  0  6]
 [15  0  2  7  1 32  8]
 [ 6  1  1 18  3 16 72]]

DT
Classification_report:
             precision    recall  f1-score   support
          B       0.42      0.39      0.40        77
          C       0.10      0.10      0.10        20
          G       0.30      0.22      0.25        36
          M       0.13      0.16      0.14        45
          O       0.33      0.17      0.22         6
          P       0.58      0.60      0.59        65
          R       0.46      0.50      0.48       117

avg / total       0.40      0.40      0.39       366

[[30  4  5 10  0 10 18]
 [ 3  2  4  4  0  4  3]
 [ 9  4  8  6  0  1  8]
 [ 7  2  2  7  0  1 26]
 [ 0  0  0  0  1  3  2]
 [ 7  1  2  4  2 39 10]
 [16  7  6 21  0  9 58]]

CRF
Classification_report:
             precision    recall  f1-score   support
          B      0.547     0.532     0.539        77
          C      0.400     0.500     0.444        20
          G      0.214     0.083     0.120        36
          M      0.222     0.044     0.074        45
          O      0.000     0.000     0.000         6
          P      0.558     0.446     0.496        65
          R      0.513     0.838     0.636       117

avg / total      0.448     0.500     0.450       366
