SVM RBF
Classification_report:
             precision    recall  f1-score   support
          B       0.44      0.96      0.61       179
          C       0.00      0.00      0.00        20
          G       0.00      0.00      0.00        36
          M       0.00      0.00      0.00        59
          O       0.00      0.00      0.00         1
          P       0.00      0.00      0.00        68
          R       0.39      0.29      0.33       103

avg / total       0.26      0.43      0.31       466

[[172   0   0   0   0   0   7]
 [ 10   0   0   0   0   0  10]
 [ 36   0   0   0   0   0   0]
 [ 42   0   0   0   0   0  17]
 [  1   0   0   0   0   0   0]
 [ 55   0   0   0   0   0  13]
 [ 73   0   0   0   0   0  30]]

SVM linear
Classification_report:
             precision    recall  f1-score   support
          B       0.58      0.64      0.61       179
          C       0.12      0.10      0.11        20
          G       0.27      0.22      0.24        36
          M       0.27      0.29      0.28        59
          O       0.00      0.00      0.00         1
          P       0.54      0.51      0.53        68
          R       0.40      0.37      0.38       103

avg / total       0.45      0.46      0.45       466

[[114   5  16  18   0   9  17]
 [  5   2   2   2   0   3   6]
 [ 25   1   8   0   0   0   2]
 [ 13   3   2  17   0   5  19]
 [  0   0   0   0   0   0   1]
 [ 14   1   1   4   0  35  13]
 [ 26   4   1  21   0  13  38]]

KNN
Classification_report:
             precision    recall  f1-score   support
          B       0.46      0.65      0.54       179
          C       0.14      0.15      0.14        20
          G       0.14      0.11      0.12        36
          M       0.21      0.14      0.16        59
          O       0.00      0.00      0.00         1
          P       0.43      0.34      0.38        68
          R       0.29      0.19      0.23       103

avg / total       0.35      0.38      0.35       466

[[117   4  14  10   0  15  19]
 [ 10   3   0   1   0   3   3]
 [ 28   0   4   1   0   2   1]
 [ 30   0   3   8   0   3  15]
 [  0   0   0   0   0   0   1]
 [ 22   6   3   5   0  23   9]
 [ 47   9   5  14   0   8  20]]

NB
Classification_report:
             precision    recall  f1-score   support
          B       0.57      0.50      0.53       179
          C       0.00      0.00      0.00        20
          G       0.17      0.11      0.14        36
          M       0.32      0.39      0.35        59
          O       0.00      0.00      0.00         1
          P       0.39      0.53      0.45        68
          R       0.45      0.48      0.46       103

avg / total       0.43      0.43      0.43       466

[[89  5 18 21  0 29 17]
 [ 8  0  0  5  0  1  6]
 [18  2  4  2  0  4  6]
 [ 9  1  0 23  0  9 17]
 [ 1  0  0  0  0  0  0]
 [13  2  0  4  0 36 13]
 [17  4  1 18  0 14 49]]

DT
Classification_report:
             precision    recall  f1-score   support
          B       0.44      0.37      0.40       179
          C       0.00      0.00      0.00        20
          G       0.20      0.28      0.24        36
          M       0.13      0.15      0.14        59
          O       0.00      0.00      0.00         1
          P       0.42      0.40      0.41        68
          R       0.25      0.26      0.26       103

avg / total       0.32      0.30      0.31       466

[[67 10 23 28  0 11 40]
 [ 7  0  0  4  0  4  5]
 [14  0 10  4  0  3  5]
 [17  1  6  9  0  5 21]
 [ 0  0  0  0  0  0  1]
 [19  7  3  3  0 27  9]
 [29  3  7 21  1 15 27]]

CRF
Classification_report:
             precision    recall  f1-score   support
          B      0.608     0.832     0.703       179
          C      0.667     0.700     0.683        20
          G      0.353     0.167     0.226        36
          M      0.388     0.322     0.352        59
          O      0.000     0.000     0.000         1
          P      0.520     0.382     0.441        68
          R      0.464     0.379     0.417       103

avg / total      0.517     0.543     0.518       466
