SVM RBF
Classification_report:
             precision    recall  f1-score   support
          B       0.44      0.96      0.60       179
          C       0.00      0.00      0.00        20
          G       0.00      0.00      0.00        36
          M       0.00      0.00      0.00        59
          O       0.00      0.00      0.00         1
          P       0.00      0.00      0.00        68
          R       0.38      0.28      0.32       103

avg / total       0.25      0.43      0.30       466

[[171   0   0   0   0   0   8]
 [ 11   0   0   0   0   0   9]
 [ 35   0   0   0   0   0   1]
 [ 42   0   0   0   0   0  17]
 [  1   0   0   0   0   0   0]
 [ 56   0   0   0   0   0  12]
 [ 74   0   0   0   0   0  29]]

SVM linear
Classification_report:
             precision    recall  f1-score   support
          B       0.52      0.68      0.59       179
          C       0.17      0.20      0.19        20
          G       0.19      0.14      0.16        36
          M       0.23      0.17      0.20        59
          O       0.00      0.00      0.00         1
          P       0.39      0.34      0.36        68
          R       0.33      0.25      0.28       103

avg / total       0.38      0.41      0.39       466

[[122   6  14   7   1  12  17]
 [  4   4   2   1   0   1   8]
 [ 26   2   5   1   0   1   1]
 [ 22   3   3  10   0   5  16]
 [  0   0   0   0   0   0   1]
 [ 27   4   1   2   0  23  11]
 [ 33   4   1  22   0  17  26]]

KNN
Classification_report:
             precision    recall  f1-score   support
          B       0.47      0.71      0.57       179
          C       0.22      0.20      0.21        20
          G       0.11      0.08      0.09        36
          M       0.18      0.10      0.13        59
          O       0.00      0.00      0.00         1
          P       0.32      0.21      0.25        68
          R       0.32      0.22      0.26       103

avg / total       0.34      0.38      0.34       466

[[127   3  12   6   0  14  17]
 [ 10   4   1   2   0   1   2]
 [ 27   1   3   2   0   2   1]
 [ 28   1   6   6   0   4  14]
 [  1   0   0   0   0   0   0]
 [ 31   3   1   4   0  14  15]
 [ 46   6   5  14   0   9  23]]

NB
Classification_report:
             precision    recall  f1-score   support
          B       0.57      0.49      0.53       179
          C       0.00      0.00      0.00        20
          G       0.18      0.11      0.14        36
          M       0.32      0.39      0.35        59
          O       0.00      0.00      0.00         1
          P       0.39      0.53      0.45        68
          R       0.45      0.48      0.46       103

avg / total       0.43      0.43      0.43       466

[[88  5 18 21  0 29 18]
 [ 8  0  0  5  0  1  6]
 [18  2  4  2  0  4  6]
 [ 9  1  0 23  0  9 17]
 [ 1  0  0  0  0  0  0]
 [13  2  0  4  0 36 13]
 [17  5  0 18  0 14 49]]

DT
Classification_report:
             precision    recall  f1-score   support
          B       0.49      0.53      0.51       179
          C       0.27      0.20      0.23        20
          G       0.18      0.19      0.19        36
          M       0.25      0.20      0.22        59
          O       0.00      0.00      0.00         1
          P       0.45      0.44      0.45        68
          R       0.34      0.36      0.35       103

avg / total       0.39      0.39      0.39       466

[[94  3 21 17  0 14 30]
 [ 8  4  2  1  0  3  2]
 [19  1  7  1  0  1  7]
 [18  0  5 12  0  6 18]
 [ 0  0  0  1  0  0  0]
 [15  4  2  3  0 30 14]
 [37  3  1 13  0 12 37]]

CRF
Classification_report:
             precision    recall  f1-score   support
          B      0.632     0.883     0.737       179
          C      0.650     0.650     0.650        20
          G      0.385     0.139     0.204        36
          M      0.343     0.203     0.255        59
          O      0.000     0.000     0.000         1
          P      0.481     0.368     0.417        68
          R      0.479     0.447     0.462       103

avg / total      0.520     0.556     0.522       466
