SVM RBF
Classification_report:
             precision    recall  f1-score   support
          B       0.44      0.97      0.61       179
          C       0.00      0.00      0.00        20
          G       0.00      0.00      0.00        36
          M       0.00      0.00      0.00        59
          O       0.00      0.00      0.00         1
          P       0.00      0.00      0.00        68
          R       0.39      0.28      0.33       103

avg / total       0.26      0.43      0.31       466

[[173   0   0   0   0   0   6]
 [ 10   0   0   0   0   0  10]
 [ 36   0   0   0   0   0   0]
 [ 43   0   0   0   0   0  16]
 [  1   0   0   0   0   0   0]
 [ 55   0   0   0   0   0  13]
 [ 74   0   0   0   0   0  29]]

SVM linear
Classification_report:
             precision    recall  f1-score   support
          B       0.58      0.65      0.61       179
          C       0.15      0.10      0.12        20
          G       0.28      0.22      0.25        36
          M       0.31      0.34      0.32        59
          O       0.00      0.00      0.00         1
          P       0.53      0.53      0.53        68
          R       0.41      0.35      0.38       103

avg / total       0.46      0.47      0.46       466

[[117   2  16  15   0  12  17]
 [  4   2   2   2   0   3   7]
 [ 25   1   8   0   0   0   2]
 [ 15   3   0  20   0   5  16]
 [  0   0   0   0   0   1   0]
 [ 14   2   2   4   0  36  10]
 [ 28   3   1  24   0  11  36]]

KNN
Classification_report:
             precision    recall  f1-score   support
          B       0.50      0.70      0.58       179
          C       0.10      0.10      0.10        20
          G       0.04      0.03      0.03        36
          M       0.26      0.20      0.23        59
          O       0.00      0.00      0.00         1
          P       0.42      0.35      0.38        68
          R       0.30      0.20      0.24       103

avg / total       0.36      0.40      0.37       466

[[125   5   9   9   0  12  19]
 [ 10   2   0   1   0   3   4]
 [ 28   0   1   1   0   4   2]
 [ 26   1   3  12   0   4  13]
 [  1   0   0   0   0   0   0]
 [ 24   4   3   3   0  24  10]
 [ 37   8   7  20   0  10  21]]

NB
Classification_report:
             precision    recall  f1-score   support
          B       0.57      0.50      0.53       179
          C       0.00      0.00      0.00        20
          G       0.17      0.11      0.14        36
          M       0.32      0.39      0.35        59
          O       0.00      0.00      0.00         1
          P       0.39      0.53      0.45        68
          R       0.45      0.48      0.46       103

avg / total       0.43      0.43      0.43       466

[[89  5 18 21  0 29 17]
 [ 8  0  0  5  0  1  6]
 [18  2  4  2  0  4  6]
 [ 9  1  0 23  0  9 17]
 [ 1  0  0  0  0  0  0]
 [13  2  0  4  0 36 13]
 [17  4  1 18  0 14 49]]

DT
Classification_report:
             precision    recall  f1-score   support
          B       0.41      0.39      0.40       179
          C       0.08      0.10      0.09        20
          G       0.09      0.08      0.09        36
          M       0.22      0.25      0.24        59
          O       0.00      0.00      0.00         1
          P       0.44      0.44      0.44        68
          R       0.30      0.28      0.29       103

avg / total       0.32      0.32      0.32       466

[[70 12 17 23  1 18 38]
 [ 9  2  1  1  0  5  2]
 [22  0  3  3  0  1  7]
 [19  2  4 15  0  4 15]
 [ 1  0  0  0  0  0  0]
 [18  5  2  6  0 30  7]
 [33  4  7 20  0 10 29]]

CRF
Classification_report:
             precision    recall  f1-score   support
          B      0.617     0.838     0.711       179
          C      0.667     0.700     0.683        20
          G      0.385     0.139     0.204        36
          M      0.368     0.237     0.289        59
          O      0.000     0.000     0.000         1
          P      0.481     0.368     0.417        68
          R      0.444     0.427     0.436       103

avg / total      0.510     0.541     0.512       466
