SVM RBF
Classification_report:
             precision    recall  f1-score   support
          B       0.44      0.96      0.60       179
          C       0.00      0.00      0.00        20
          G       0.00      0.00      0.00        36
          M       0.00      0.00      0.00        59
          O       0.00      0.00      0.00         1
          P       0.00      0.00      0.00        68
          R       0.40      0.30      0.34       103

avg / total       0.26      0.43      0.31       466

[[171   0   0   0   0   0   8]
 [ 11   0   0   0   0   0   9]
 [ 36   0   0   0   0   0   0]
 [ 41   0   0   0   0   0  18]
 [  1   0   0   0   0   0   0]
 [ 57   0   0   0   0   0  11]
 [ 72   0   0   0   0   0  31]]

SVM linear
Classification_report:
             precision    recall  f1-score   support
          B       0.51      0.55      0.53       179
          C       0.17      0.20      0.18        20
          G       0.22      0.31      0.26        36
          M       0.24      0.24      0.24        59
          O       0.00      0.00      0.00         1
          P       0.48      0.44      0.46        68
          R       0.38      0.28      0.32       103

avg / total       0.40      0.40      0.40       466

[[99  5 25 23  0  8 19]
 [ 3  4  3  2  0  2  6]
 [19  1 11  0  0  2  3]
 [21  5  3 14  0  4 12]
 [ 0  0  0  0  0  1  0]
 [18  4  4  5  0 30  7]
 [36  5  3 15  0 15 29]]

KNN
Classification_report:
             precision    recall  f1-score   support
          B       0.47      0.72      0.57       179
          C       0.18      0.15      0.16        20
          G       0.10      0.06      0.07        36
          M       0.26      0.17      0.20        59
          O       0.00      0.00      0.00         1
          P       0.35      0.28      0.31        68
          R       0.25      0.14      0.17       103

avg / total       0.33      0.38      0.34       466

[[129   3  12   7   0  17  11]
 [  9   3   0   2   0   2   4]
 [ 31   0   2   0   0   1   2]
 [ 29   2   2  10   0   2  14]
 [  1   0   0   0   0   0   0]
 [ 29   4   1   3   0  19  12]
 [ 48   5   4  17   1  14  14]]

NB
Classification_report:
             precision    recall  f1-score   support
          B       0.57      0.49      0.53       179
          C       0.00      0.00      0.00        20
          G       0.18      0.11      0.14        36
          M       0.32      0.39      0.35        59
          O       0.00      0.00      0.00         1
          P       0.39      0.53      0.45        68
          R       0.45      0.48      0.46       103

avg / total       0.43      0.43      0.43       466

[[88  5 18 21  0 29 18]
 [ 8  0  0  5  0  1  6]
 [18  2  4  2  0  4  6]
 [ 9  1  0 23  0  9 17]
 [ 1  0  0  0  0  0  0]
 [13  2  0  4  0 36 13]
 [17  5  0 18  0 14 49]]

DT
Classification_report:
             precision    recall  f1-score   support
          B       0.50      0.54      0.52       179
          C       0.15      0.15      0.15        20
          G       0.16      0.14      0.15        36
          M       0.16      0.14      0.15        59
          O       0.00      0.00      0.00         1
          P       0.55      0.57      0.56        68
          R       0.26      0.25      0.26       103

avg / total       0.37      0.38      0.37       466

[[96  6 13 21  0 14 29]
 [ 5  3  0  1  0  4  7]
 [23  1  5  1  0  2  4]
 [17  2  6  8  1  4 21]
 [ 0  0  0  1  0  0  0]
 [13  0  2  2  0 39 12]
 [39  8  6 15  1  8 26]]

CRF
Classification_report:
             precision    recall  f1-score   support
          B      0.607     0.810     0.694       179
          C      0.737     0.700     0.718        20
          G      0.429     0.167     0.240        36
          M      0.351     0.220     0.271        59
          O      0.000     0.000     0.000         1
          P      0.519     0.397     0.450        68
          R      0.419     0.427     0.423       103

avg / total      0.511     0.534     0.509       466
