SVM RBF
Classification_report:
             precision    recall  f1-score   support
          B       0.48      0.84      0.61       256
          C       0.00      0.00      0.00        40
          G       0.00      0.00      0.00        72
          M       0.00      0.00      0.00       104
          O       0.00      0.00      0.00         7
          P       0.84      0.39      0.53       133
          R       0.45      0.65      0.53       220

avg / total       0.40      0.49      0.41       832

[[215   0   0   0   0   2  39]
 [  9   0   0   0   0   3  28]
 [ 64   0   0   0   0   0   8]
 [ 38   0   0   0   0   0  66]
 [  0   0   0   0   0   1   6]
 [ 52   0   0   0   0  52  29]
 [ 73   0   0   0   0   4 143]]

SVM linear
Classification_report:
             precision    recall  f1-score   support
          B       0.50      0.56      0.53       256
          C       0.18      0.17      0.18        40
          G       0.38      0.35      0.36        72
          M       0.29      0.25      0.27       104
          O       0.25      0.14      0.18         7
          P       0.64      0.59      0.61       133
          R       0.44      0.45      0.44       220

avg / total       0.45      0.46      0.45       832

[[144   5  34  19   0   9  45]
 [ 12   7   0   2   1   5  13]
 [ 38   1  25   1   0   0   7]
 [ 21   4   2  26   0   8  43]
 [  0   1   0   0   1   3   2]
 [ 23   4   3   8   0  78  17]
 [ 49  16   1  34   2  19  99]]

KNN
Classification_report:
             precision    recall  f1-score   support
          B       0.41      0.61      0.49       256
          C       0.07      0.05      0.06        40
          G       0.18      0.12      0.15        72
          M       0.18      0.14      0.16       104
          O       0.20      0.14      0.17         7
          P       0.41      0.37      0.39       133
          R       0.36      0.27      0.31       220

avg / total       0.33      0.35      0.33       832

[[156   9  19  13   1  27  31]
 [ 13   2   1   6   0   6  12]
 [ 48   2   9   3   0   6   4]
 [ 36   0   2  15   0   9  42]
 [  1   0   0   0   1   1   4]
 [ 48   3   6  11   1  49  15]
 [ 74  13  13  36   2  22  60]]

NB
Classification_report:
             precision    recall  f1-score   support
          B       0.51      0.34      0.41       256
          C       0.09      0.07      0.08        40
          G       0.32      0.33      0.33        72
          M       0.35      0.53      0.42       104
          O       0.00      0.00      0.00         7
          P       0.36      0.47      0.41       133
          R       0.46      0.44      0.45       220

avg / total       0.41      0.40      0.40       832

[[88 10 40 29  6 52 31]
 [10  3  3  3  0  6 15]
 [28  1 24  3  0  6 10]
 [ 8  4  1 55  0 11 25]
 [ 2  0  0  0  0  0  5]
 [20  5  1 16  3 62 26]
 [17 10  6 51  3 36 97]]

DT
Classification_report:
             precision    recall  f1-score   support
          B       0.48      0.46      0.47       256
          C       0.06      0.05      0.05        40
          G       0.08      0.07      0.08        72
          M       0.14      0.15      0.15       104
          O       0.11      0.14      0.12         7
          P       0.54      0.56      0.55       133
          R       0.37      0.40      0.39       220

avg / total       0.36      0.37      0.36       832

[[118  12  27  37   2  14  46]
 [  8   2   5   4   0   7  14]
 [ 31   1   5   8   0   6  21]
 [ 27   6   2  16   1   8  44]
 [  2   1   0   1   1   1   1]
 [ 13   2   3  16   3  74  22]
 [ 46  11  17  30   2  26  88]]

CRF
Classification_report:
             precision    recall  f1-score   support
          B      0.510     0.711     0.594       256
          C      0.286     0.350     0.315        40
          G      0.091     0.014     0.024        72
          M      0.029     0.010     0.014       104
          O      0.000     0.000     0.000         7
          P      0.520     0.383     0.442       133
          R      0.457     0.586     0.514       220

avg / total      0.386     0.454     0.408       832
