SVM RBF
Classification_report:
             precision    recall  f1-score   support
          B       0.46      0.83      0.59       256
          C       0.00      0.00      0.00        40
          G       0.00      0.00      0.00        72
          M       0.00      0.00      0.00       104
          O       0.00      0.00      0.00         7
          P       0.68      0.20      0.30       133
          R       0.44      0.65      0.52       220

avg / total       0.37      0.46      0.37       832

[[213   0   0   0   0   1  42]
 [  8   0   0   0   0   3  29]
 [ 65   0   0   0   0   0   7]
 [ 38   0   0   0   0   4  62]
 [  1   0   0   0   0   0   6]
 [ 69   0   0   0   0  26  38]
 [ 73   0   0   0   0   4 143]]

SVM linear
Classification_report:
             precision    recall  f1-score   support
          B       0.48      0.61      0.54       256
          C       0.20      0.23      0.21        40
          G       0.30      0.28      0.29        72
          M       0.28      0.29      0.28       104
          O       0.29      0.29      0.29         7
          P       0.52      0.41      0.46       133
          R       0.42      0.35      0.38       220

avg / total       0.42      0.42      0.41       832

[[155   7  32  18   0  13  31]
 [ 10   9   0   1   1   6  13]
 [ 40   2  20   1   0   5   4]
 [ 24   2   3  30   0   7  38]
 [  1   0   0   0   2   2   2]
 [ 34   6   7  14   0  54  18]
 [ 56  20   4  44   4  16  76]]

KNN
Classification_report:
             precision    recall  f1-score   support
          B       0.43      0.64      0.51       256
          C       0.20      0.15      0.17        40
          G       0.22      0.18      0.20        72
          M       0.16      0.15      0.15       104
          O       0.33      0.14      0.20         7
          P       0.45      0.34      0.39       133
          R       0.34      0.24      0.28       220

avg / total       0.34      0.36      0.34       832

[[163   2  20  21   0  25  25]
 [ 11   6   2   4   0   5  12]
 [ 48   0  13   2   0   2   7]
 [ 39   5   4  16   0   4  36]
 [  0   0   0   1   1   0   5]
 [ 38   5  11  14   0  45  20]
 [ 80  12   9  45   2  19  53]]

NB
Classification_report:
             precision    recall  f1-score   support
          B       0.51      0.34      0.41       256
          C       0.09      0.07      0.08        40
          G       0.32      0.33      0.33        72
          M       0.35      0.53      0.42       104
          O       0.00      0.00      0.00         7
          P       0.36      0.47      0.41       133
          R       0.46      0.44      0.45       220

avg / total       0.41      0.40      0.40       832

[[88 10 39 29  6 53 31]
 [10  3  3  3  0  6 15]
 [28  1 24  3  0  6 10]
 [ 8  4  1 55  0 11 25]
 [ 2  0  0  0  0  0  5]
 [20  5  1 16  3 62 26]
 [17 11  6 51  4 34 97]]

DT
Classification_report:
             precision    recall  f1-score   support
          B       0.44      0.45      0.44       256
          C       0.09      0.07      0.08        40
          G       0.12      0.12      0.12        72
          M       0.19      0.19      0.19       104
          O       0.00      0.00      0.00         7
          P       0.52      0.57      0.55       133
          R       0.34      0.33      0.34       220

avg / total       0.35      0.35      0.35       832

[[114   8  33  27   1  23  50]
 [  7   3   4   8   0   5  13]
 [ 47   2   9   1   0   2  11]
 [ 20   4   5  20   1  11  43]
 [  1   1   0   1   0   2   2]
 [ 18   3   3  11   4  76  18]
 [ 50  14  19  36   3  26  72]]
