SVM RBF
Classification_report:
             precision    recall  f1-score   support
          B       0.44      0.81      0.57       256
          C       0.00      0.00      0.00        40
          G       0.00      0.00      0.00        72
          M       0.00      0.00      0.00       104
          O       0.00      0.00      0.00         7
          P       0.67      0.14      0.23       133
          R       0.42      0.63      0.50       220

avg / total       0.35      0.44      0.34       832

[[207   0   0   0   0   1  48]
 [  9   0   0   0   0   3  28]
 [ 63   0   0   0   0   0   9]
 [ 42   0   0   0   0   3  59]
 [  0   0   0   0   0   0   7]
 [ 74   0   0   0   0  18  41]
 [ 80   0   0   0   0   2 138]]

SVM linear
Classification_report:
             precision    recall  f1-score   support
          B       0.53      0.68      0.60       256
          C       0.22      0.20      0.21        40
          G       0.37      0.19      0.25        72
          M       0.37      0.26      0.31       104
          O       0.33      0.29      0.31         7
          P       0.57      0.47      0.52       133
          R       0.45      0.49      0.47       220

avg / total       0.47      0.48      0.46       832

[[175   2  20  12   0  12  35]
 [  6   8   0   2   0   6  18]
 [ 50   2  14   0   0   2   4]
 [ 21   4   0  27   1   6  45]
 [  0   0   0   0   2   2   3]
 [ 29   6   2   7   0  63  26]
 [ 48  14   2  25   3  20 108]]

KNN
Classification_report:
             precision    recall  f1-score   support
          B       0.41      0.59      0.48       256
          C       0.19      0.17      0.18        40
          G       0.18      0.15      0.17        72
          M       0.16      0.13      0.15       104
          O       0.00      0.00      0.00         7
          P       0.39      0.34      0.36       133
          R       0.30      0.22      0.26       220

avg / total       0.31      0.33      0.32       832

[[150   3  27  10   0  34  32]
 [ 14   7   2   5   0   2  10]
 [ 46   1  11   1   0   5   8]
 [ 33   6   4  14   1  10  36]
 [  0   0   0   1   0   0   6]
 [ 44   4   5  12   0  45  23]
 [ 81  16  12  43   1  18  49]]

NB
Classification_report:
             precision    recall  f1-score   support
          B       0.51      0.34      0.41       256
          C       0.09      0.07      0.08        40
          G       0.32      0.33      0.33        72
          M       0.35      0.53      0.42       104
          O       0.00      0.00      0.00         7
          P       0.36      0.47      0.41       133
          R       0.46      0.44      0.45       220

avg / total       0.41      0.40      0.40       832

[[88 10 39 29  6 53 31]
 [10  3  3  3  0  6 15]
 [28  1 24  3  0  6 10]
 [ 8  4  1 55  0 11 25]
 [ 2  0  0  0  0  0  5]
 [20  5  1 16  3 62 26]
 [17 11  6 51  4 34 97]]

DT
Classification_report:
             precision    recall  f1-score   support
          B       0.48      0.52      0.50       256
          C       0.17      0.12      0.14        40
          G       0.20      0.15      0.17        72
          M       0.21      0.22      0.22       104
          O       0.00      0.00      0.00         7
          P       0.61      0.59      0.60       133
          R       0.42      0.45      0.43       220

avg / total       0.41      0.42      0.41       832

[[132   9  23  26   0  22  44]
 [  9   5   5   3   0   3  15]
 [ 40   2  11   9   1   0   9]
 [ 25   4   3  23   2   7  40]
 [  2   0   0   3   0   0   2]
 [ 18   3   2   7   0  79  24]
 [ 49   7  10  37   1  18  98]]
