SVM RBF
Classification_report:
             precision    recall  f1-score   support

          B       1.00      0.05      0.10        77
          C       0.00      0.00      0.00        20
          G       0.00      0.00      0.00        36
          M       0.00      0.00      0.00        45
          O       0.00      0.00      0.00         6
          P       0.00      0.00      0.00        65
          R       0.32      1.00      0.49       117

avg / total       0.31      0.33      0.18       366

[[  4   0   0   0   0   0  73]
 [  0   0   0   0   0   0  20]
 [  0   0   0   0   0   0  36]
 [  0   0   0   0   0   0  45]
 [  0   0   0   0   0   0   6]
 [  0   0   0   0   0   0  65]
 [  0   0   0   0   0   0 117]]

SVM linear
Classification_report:
             precision    recall  f1-score   support

          B       0.37      0.43      0.40        77
          C       0.14      0.20      0.16        20
          G       0.26      0.31      0.28        36
          M       0.19      0.24      0.22        45
          O       0.67      0.67      0.67         6
          P       0.41      0.37      0.39        65
          R       0.51      0.37      0.43       117

avg / total       0.38      0.36      0.36       366

[[33  5 12  8  0  6 13]
 [ 3  4  3  0  0  2  8]
 [12  3 11  2  0  4  4]
 [ 9  2  2 11  0 10 11]
 [ 0  0  0  0  4  0  2]
 [13  5  7 13  0 24  3]
 [20 10  7 23  2 12 43]]

KNN
Classification_report:
             precision    recall  f1-score   support

          B       0.35      0.44      0.39        77
          C       0.18      0.15      0.16        20
          G       0.23      0.25      0.24        36
          M       0.18      0.20      0.19        45
          O       0.00      0.00      0.00         6
          P       0.38      0.31      0.34        65
          R       0.35      0.32      0.33       117

avg / total       0.31      0.31      0.31       366

[[34  3  7  5  0  4 24]
 [ 5  3  2  0  0  6  4]
 [11  3  9  2  0  2  9]
 [ 9  2  2  9  0  4 19]
 [ 0  0  4  0  0  0  2]
 [12  3  4 11  1 20 14]
 [27  3 11 22  0 16 38]]

NB Gaussian
Classification_report:
             precision    recall  f1-score   support

          B       0.56      0.12      0.19        77
          C       0.07      0.15      0.10        20
          G       0.14      0.03      0.05        36
          M       0.16      0.31      0.21        45
          O       0.12      0.17      0.14         6
          P       0.30      0.37      0.33        65
          R       0.34      0.36      0.35       117

avg / total       0.32      0.26      0.25       366

[[ 9  6  3 16  1 12 30]
 [ 0  3  2  2  0  3 10]
 [ 3  8  1  4  1  9 10]
 [ 0  2  1 14  0  9 19]
 [ 0  1  0  0  1  1  3]
 [ 0 13  0 16  2 24 10]
 [ 4  9  0 38  3 21 42]]

NB Bernoulli
Classification_report:
             precision    recall  f1-score   support

          B       0.42      0.40      0.41        77
          C       0.00      0.00      0.00        20
          G       0.25      0.17      0.20        36
          M       0.23      0.16      0.19        45
          O       0.00      0.00      0.00         6
          P       0.44      0.60      0.51        65
          R       0.41      0.52      0.46       117

avg / total       0.35      0.39      0.37       366

[[31  0  5  6  0  8 27]
 [ 3  0  3  0  0  4 10]
 [ 9  1  6  0  0  7 13]
 [ 6  0  0  7  0 11 21]
 [ 0  0  1  1  0  1  3]
 [ 6  0  2  5  0 39 13]
 [19  0  7 11  1 18 61]]

DT
Classification_report:
             precision    recall  f1-score   support

          B       0.29      0.31      0.30        77
          C       0.23      0.15      0.18        20
          G       0.17      0.17      0.17        36
          M       0.24      0.22      0.23        45
          O       0.00      0.00      0.00         6
          P       0.21      0.22      0.21        65
          R       0.47      0.48      0.47       117

avg / total       0.31      0.31      0.31       366

[[24  2  5  7  1 18 20]
 [ 5  3  2  1  0  5  4]
 [12  2  6  0  1  6  9]
 [ 7  2  5 10  2  7 12]
 [ 0  0  2  0  0  2  2]
 [18  3  6  6  2 14 16]
 [16  1 10 17  2 15 56]]

CRF
Classification_report:
             precision    recall  f1-score   support

          B       0.56      0.52      0.54        77
          C       0.33      0.20      0.25        20
          G       0.37      0.28      0.32        36
          M       0.24      0.20      0.22        45
          O       0.00      0.00      0.00         6
          P       0.57      0.48      0.52        65
          R       0.49      0.68      0.57       117

avg / total       0.46      0.48      0.46       366

CRF 2.0
Classification_report:
             precision    recall  f1-score   support

          B       0.54      0.57      0.56        77
          C       0.31      0.25      0.28        20
          G       0.39      0.42      0.41        36
          M       0.23      0.22      0.23        45
          O       0.00      0.00      0.00         6
          P       0.51      0.48      0.49        65
          R       0.52      0.56      0.54       117

avg / total       0.46      0.47      0.46       366


SVM RBF
Classification_report:
             precision    recall  f1-score   support

          B       0.38      1.00      0.56       179
          C       0.00      0.00      0.00        20
          G       0.00      0.00      0.00        36
          M       0.00      0.00      0.00        59
          O       0.00      0.00      0.00         1
          P       0.00      0.00      0.00        68
          R       0.00      0.00      0.00       102

avg / total       0.15      0.38      0.21       465

[[179   0   0   0   0   0   0]
 [ 20   0   0   0   0   0   0]
 [ 36   0   0   0   0   0   0]
 [ 59   0   0   0   0   0   0]
 [  1   0   0   0   0   0   0]
 [ 68   0   0   0   0   0   0]
 [102   0   0   0   0   0   0]]

SVM linear
Classification_report:
             precision    recall  f1-score   support

          B       0.67      0.71      0.69       179
          C       0.25      0.25      0.25        20
          G       0.32      0.39      0.35        36
          M       0.35      0.32      0.34        59
          O       0.00      0.00      0.00         1
          P       0.48      0.54      0.51        68
          R       0.40      0.31      0.35       102

avg / total       0.50      0.50      0.50       465

[[127   1  23   3   0  12  13]
 [  1   5   1   3   0   2   8]
 [ 19   0  14   0   0   3   0]
 [  7   2   1  19   0   6  24]
 [  0   0   0   0   0   1   0]
 [ 18   1   3   5   0  37   4]
 [ 17  11   2  24   0  16  32]]

KNN
Classification_report:
             precision    recall  f1-score   support

          B       0.44      0.76      0.56       179
          C       0.07      0.05      0.06        20
          G       0.22      0.11      0.15        36
          M       0.39      0.25      0.31        59
          O       0.00      0.00      0.00         1
          P       0.48      0.21      0.29        68
          R       0.32      0.19      0.23       102

avg / total       0.38      0.41      0.36       465

[[136   7   7   9   0   5  15]
 [ 16   1   0   0   0   0   3]
 [ 26   1   4   1   0   1   3]
 [ 29   1   1  15   0   4   9]
 [  0   0   0   0   0   0   1]
 [ 36   2   2   4   0  14  10]
 [ 63   2   4   9   0   5  19]]

NB Gaussian
Classification_report:
             precision    recall  f1-score   support

          B       0.58      0.68      0.63       179
          C       0.26      0.50      0.34        20
          G       0.26      0.39      0.31        36
          M       0.40      0.49      0.44        59
          O       0.00      0.00      0.00         1
          P       0.36      0.40      0.38        68
          R       0.42      0.08      0.13       102

avg / total       0.45      0.45      0.42       465

[[121   0  34   6   0  16   2]
 [  0  10   0   1   0   6   3]
 [ 22   0  14   0   0   0   0]
 [ 14   4   1  29   0   6   5]
 [  1   0   0   0   0   0   0]
 [ 31   2   4   3   0  27   1]
 [ 19  22   0  33   0  20   8]]

NB Bernoulli
Classification_report:
             precision    recall  f1-score   support

          B       0.47      0.52      0.50       179
          C       0.00      0.00      0.00        20
          G       0.15      0.06      0.08        36
          M       0.36      0.37      0.37        59
          O       0.00      0.00      0.00         1
          P       0.44      0.53      0.48        68
          R       0.33      0.33      0.33       102

avg / total       0.38      0.40      0.39       465

[[93  5  8 14  0 24 35]
 [ 9  0  0  1  0  3  7]
 [26  0  2  1  0  2  5]
 [14  3  1 22  0  4 15]
 [ 1  0  0  0  0  0  0]
 [21  0  0  5  0 36  6]
 [32  3  2 18  0 13 34]]

DT
Classification_report:
             precision    recall  f1-score   support

          B       0.79      0.72      0.75       179
          C       0.21      0.20      0.21        20
          G       0.51      0.58      0.55        36
          M       0.38      0.36      0.37        59
          O       0.00      0.00      0.00         1
          P       0.59      0.68      0.63        68
          R       0.45      0.48      0.47       102

avg / total       0.58      0.58      0.58       465

[[128   1  18   6   0  15  11]
 [  1   4   0   1   0   4  10]
 [ 13   0  21   0   0   1   1]
 [  4   1   0  21   0   2  31]
 [  0   0   0   0   0   1   0]
 [  7   3   1   5   0  46   6]
 [ 10  10   1  23   0   9  49]]

CRF
Classification_report:
             precision    recall  f1-score   support

          B       0.84      0.94      0.89       179
          C       0.50      0.15      0.23        20
          G       0.79      0.53      0.63        36
          M       0.51      0.39      0.44        59
          O       0.00      0.00      0.00         1
          P       0.85      0.74      0.79        68
          R       0.56      0.72      0.63       102

avg / total       0.72      0.72      0.71       465

CRF 2.0
Classification_report:
             precision    recall  f1-score   support

          B       0.99      1.00      0.99       179
          C       0.43      0.30      0.35        20
          G       0.89      0.94      0.92        36
          M       0.84      0.81      0.83        59
          O       0.00      0.00      0.00         1
          P       0.91      0.85      0.88        68
          R       0.80      0.87      0.84       102

avg / total       0.88      0.89      0.89       465


SVM RBF
Classification_report:
             precision    recall  f1-score   support

          B       0.32      0.99      0.48       256
          C       0.00      0.00      0.00        40
          G       0.00      0.00      0.00        72
          M       0.00      0.00      0.00       104
          O       0.00      0.00      0.00         7
          P       1.00      0.03      0.06       133
          R       0.56      0.08      0.14       219

avg / total       0.41      0.33      0.20       831

[[254   0   0   0   0   0   2]
 [ 38   0   0   0   0   0   2]
 [ 71   0   0   0   0   0   1]
 [100   0   0   0   0   0   4]
 [  7   0   0   0   0   0   0]
 [124   0   0   0   0   4   5]
 [201   0   0   0   0   0  18]]

SVM linear
Classification_report:
             precision    recall  f1-score   support

          B       0.56      0.64      0.60       256
          C       0.15      0.17      0.16        40
          G       0.34      0.29      0.31        72
          M       0.26      0.24      0.25       104
          O       0.33      0.43      0.38         7
          P       0.46      0.44      0.45       133
          R       0.48      0.43      0.46       219

avg / total       0.45      0.45      0.45       831

[[165   7  24  14   0  22  24]
 [  5   7   2   3   1   7  15]
 [ 37   2  21   1   0   6   5]
 [ 20   2   0  25   1  15  41]
 [  0   0   0   0   3   2   2]
 [ 27   9  10  13   1  58  15]
 [ 39  20   5  41   3  16  95]]

KNN
Classification_report:
             precision    recall  f1-score   support

          B       0.40      0.63      0.49       256
          C       0.07      0.05      0.06        40
          G       0.27      0.26      0.27        72
          M       0.25      0.20      0.22       104
          O       0.00      0.00      0.00         7
          P       0.46      0.29      0.36       133
          R       0.31      0.22      0.26       219

avg / total       0.34      0.35      0.33       831

[[162  10  26  12   0  15  31]
 [ 17   2   4   3   0   5   9]
 [ 38   0  19   3   0   4   8]
 [ 38   5   3  21   0   7  30]
 [  2   0   0   2   0   0   3]
 [ 53   2   7   5   0  39  27]
 [ 97   8  12  37   2  15  48]]

NB Gaussian
Classification_report:
             precision    recall  f1-score   support

          B       0.65      0.33      0.44       256
          C       0.13      0.33      0.19        40
          G       0.33      0.22      0.26        72
          M       0.24      0.50      0.33       104
          O       0.05      0.14      0.07         7
          P       0.29      0.56      0.39       133
          R       0.61      0.18      0.28       219

avg / total       0.47      0.34      0.34       831

[[84 22 21 47  7 68  7]
 [ 1 13  1  5  1 13  6]
 [23  8 16  6  1 18  0]
 [ 2  3  5 52  0 32 10]
 [ 0  0  1  1  1  3  1]
 [ 5 22  2 22  6 75  1]
 [14 29  3 81  6 47 39]]

NB Bernoulli
Classification_report:
             precision    recall  f1-score   support

          B       0.46      0.47      0.47       256
          C       0.05      0.03      0.03        40
          G       0.21      0.11      0.15        72
          M       0.29      0.21      0.25       104
          O       0.00      0.00      0.00         7
          P       0.42      0.57      0.49       133
          R       0.35      0.41      0.38       219

avg / total       0.36      0.38      0.37       831

[[120   7  18  17   2  35  57]
 [ 15   1   3   0   0   5  16]
 [ 27   4   8   2   0  10  21]
 [ 21   2   0  22   0  17  42]
 [  3   0   0   0   0   2   2]
 [ 23   3   1   4   2  76  24]
 [ 51   5   8  30   1  35  89]]

DT
Classification_report:
             precision    recall  f1-score   support

          B       0.60      0.54      0.57       256
          C       0.18      0.17      0.18        40
          G       0.26      0.31      0.28        72
          M       0.27      0.29      0.28       104
          O       0.00      0.00      0.00         7
          P       0.46      0.47      0.47       133
          R       0.46      0.47      0.46       219

avg / total       0.45      0.43      0.44       831

[[137   5  30  19   2  26  37]
 [  4   7   4   7   0   5  13]
 [ 23   1  22   6   0   9  11]
 [ 10   6  10  30   4  12  32]
 [  0   1   1   1   0   2   2]
 [ 21   5  12   8   0  63  24]
 [ 32  14   7  40   4  20 102]]

CRF
Classification_report:
             precision    recall  f1-score   support

          B       0.73      0.84      0.78       256
          C       0.65      0.28      0.39        40
          G       0.60      0.49      0.54        72
          M       0.42      0.26      0.32       104
          O       0.00      0.00      0.00         7
          P       0.74      0.61      0.67       133
          R       0.52      0.68      0.59       219

avg / total       0.62      0.62      0.61       831

CRF 2.0
Classification_report:
             precision    recall  f1-score   support

          B       0.90      0.88      0.89       256
          C       0.48      0.38      0.42        40
          G       0.71      0.68      0.70        72
          M       0.60      0.64      0.62       104
          O       0.00      0.00      0.00         7
          P       0.72      0.71      0.71       133
          R       0.68      0.74      0.71       219

avg / total       0.73      0.74      0.73       831
