SVM RBF
Classification_report:
             precision    recall  f1-score   support

          B       0.59      0.17      0.26        77
          C       0.00      0.00      0.00        20
          G       0.00      0.00      0.00        36
          M       0.00      0.00      0.00        45
          O       0.00      0.00      0.00         6
          P       0.71      0.15      0.25        65
          R       0.34      0.95      0.50       117

avg / total       0.36      0.37      0.26       366

[[ 13   0   0   0   0   1  63]
 [  1   0   0   0   0   0  19]
 [  1   0   0   0   0   0  35]
 [  0   0   0   0   0   2  43]
 [  0   0   0   0   0   0   6]
 [  2   0   0   0   0  10  53]
 [  5   0   0   0   0   1 111]]

SVM linear
Classification_report:
             precision    recall  f1-score   support

          B       0.40      0.42      0.41        77
          C       0.22      0.20      0.21        20
          G       0.39      0.36      0.38        36
          M       0.29      0.29      0.29        45
          O       1.00      0.17      0.29         6
          P       0.61      0.63      0.62        65
          R       0.46      0.48      0.47       117

avg / total       0.44      0.44      0.43       366

[[32  3 11  6  0  4 21]
 [ 4  4  0  1  0  2  9]
 [13  2 13  0  0  4  4]
 [ 5  1  2 13  0  4 20]
 [ 0  0  0  0  1  4  1]
 [ 4  3  3  4  0 41 10]
 [23  5  4 21  0  8 56]]

KNN
Classification_report:
             precision    recall  f1-score   support

          B       0.30      0.42      0.35        77
          C       0.22      0.20      0.21        20
          G       0.17      0.19      0.18        36
          M       0.23      0.20      0.21        45
          O       0.20      0.17      0.18         6
          P       0.47      0.45      0.46        65
          R       0.47      0.38      0.42       117

avg / total       0.36      0.34      0.35       366

[[32  3  9  8  0  7 18]
 [ 5  4  3  0  0  3  5]
 [13  7  7  1  1  4  3]
 [14  0  1  9  1  5 15]
 [ 2  0  0  0  1  2  1]
 [11  1  8  7  1 29  8]
 [30  3 13 14  1 12 44]]

NB Gaussian
Classification_report:
             precision    recall  f1-score   support

          B       0.49      0.25      0.33        77
          C       0.03      0.05      0.04        20
          G       0.29      0.25      0.27        36
          M       0.21      0.31      0.25        45
          O       0.00      0.00      0.00         6
          P       0.34      0.25      0.29        65
          R       0.40      0.52      0.46       117

avg / total       0.35      0.33      0.32       366

[[19  6  7 12  0  5 28]
 [ 1  1  4  1  0  3 10]
 [ 9  5  9  2  0  1 10]
 [ 1  2  2 14  0  7 19]
 [ 0  0  0  0  0  2  4]
 [ 1  9  5 15  0 16 19]
 [ 8  7  4 24  0 13 61]]

NB Bernoulli
Classification_report:
             precision    recall  f1-score   support

          B       0.40      0.34      0.37        77
          C       0.09      0.05      0.06        20
          G       0.30      0.33      0.32        36
          M       0.30      0.38      0.33        45
          O       0.25      0.17      0.20         6
          P       0.49      0.58      0.53        65
          R       0.50      0.47      0.48       117

avg / total       0.40      0.41      0.40       366

[[26  3 14 11  0 10 13]
 [ 3  1  1  1  0  4 10]
 [12  3 12  0  0  3  6]
 [ 3  0  2 17  0  6 17]
 [ 0  0  0  0  1  3  2]
 [ 5  1  6  6  1 38  8]
 [16  3  5 22  2 14 55]]

DT
Classification_report:
             precision    recall  f1-score   support

          B       0.32      0.32      0.32        77
          C       0.04      0.05      0.05        20
          G       0.15      0.17      0.16        36
          M       0.18      0.20      0.19        45
          O       0.00      0.00      0.00         6
          P       0.22      0.18      0.20        65
          R       0.50      0.50      0.50       117

avg / total       0.30      0.30      0.30       366

[[25  5 12 10  1 11 13]
 [ 3  1  5  1  0  5  5]
 [10  2  6  1  0  7 10]
 [11  1  5  9  0  3 16]
 [ 0  2  1  0  0  2  1]
 [13  7  8 11  1 12 13]
 [17  5  4 18  1 14 58]]

CRF
Classification_report:
             precision    recall  f1-score   support

          B       0.55      0.52      0.53        77
          C       0.33      0.20      0.25        20
          G       0.33      0.25      0.29        36
          M       0.19      0.13      0.16        45
          O       0.00      0.00      0.00         6
          P       0.57      0.49      0.53        65
          R       0.48      0.68      0.56       117

avg / total       0.44      0.46      0.45       366

CRF 2.0
Classification_report:
             precision    recall  f1-score   support

          B       0.50      0.45      0.48        77
          C       0.09      0.05      0.06        20
          G       0.31      0.22      0.26        36
          M       0.22      0.22      0.22        45
          O       0.00      0.00      0.00         6
          P       0.56      0.60      0.58        65
          R       0.52      0.62      0.57       117

avg / total       0.43      0.45      0.44       366


SVM RBF
Classification_report:
             precision    recall  f1-score   support

          B       0.43      0.98      0.60       179
          C       0.00      0.00      0.00        20
          G       0.00      0.00      0.00        36
          M       0.50      0.02      0.03        59
          O       0.00      0.00      0.00         1
          P       0.83      0.22      0.35        68
          R       0.38      0.14      0.20       102

avg / total       0.43      0.44      0.33       465

[[175   0   0   0   0   1   3]
 [ 16   0   0   0   0   0   4]
 [ 36   0   0   0   0   0   0]
 [ 47   0   0   1   0   0  11]
 [  1   0   0   0   0   0   0]
 [ 48   0   0   0   0  15   5]
 [ 85   0   0   1   0   2  14]]

SVM linear
Classification_report:
             precision    recall  f1-score   support

          B       0.59      0.64      0.62       179
          C       0.00      0.00      0.00        20
          G       0.27      0.19      0.23        36
          M       0.33      0.39      0.36        59
          O       0.00      0.00      0.00         1
          P       0.50      0.53      0.51        68
          R       0.43      0.39      0.41       102

avg / total       0.46      0.48      0.46       465

[[115   1  17  14   0  17  15]
 [  6   0   0   1   0   2  11]
 [ 27   0   7   0   0   1   1]
 [  9   2   0  23   0   6  19]
 [  0   0   0   0   0   0   1]
 [ 17   2   1   5   0  36   7]
 [ 20   4   1  27   0  10  40]]

KNN
Classification_report:
             precision    recall  f1-score   support

          B       0.47      0.77      0.59       179
          C       0.12      0.20      0.15        20
          G       0.27      0.11      0.16        36
          M       0.23      0.17      0.19        59
          O       0.00      0.00      0.00         1
          P       0.50      0.26      0.35        68
          R       0.23      0.11      0.15       102

avg / total       0.36      0.40      0.35       465

[[138   9   5   9   0   7  11]
 [ 13   4   1   1   0   0   1]
 [ 20   3   4   5   0   1   3]
 [ 35   2   1  10   0   0  11]
 [  0   0   0   0   0   0   1]
 [ 27   5   1   8   0  18   9]
 [ 58   9   3  11   0  10  11]]

NB Gaussian
Classification_report:
             precision    recall  f1-score   support

          B       0.54      0.63      0.58       179
          C       0.17      0.10      0.12        20
          G       0.31      0.33      0.32        36
          M       0.29      0.37      0.33        59
          O       0.00      0.00      0.00         1
          P       0.39      0.46      0.42        68
          R       0.32      0.16      0.21       102

avg / total       0.40      0.42      0.40       465

[[113   1  24  16   0  17   8]
 [  6   2   0   2   0   6   4]
 [ 20   0  12   1   0   1   2]
 [ 16   0   1  22   0   6  14]
 [  0   0   0   0   0   0   1]
 [ 25   1   0   6   0  31   5]
 [ 29   8   2  28   0  19  16]]

NB Bernoulli
Classification_report:
             precision    recall  f1-score   support

          B       0.55      0.56      0.55       179
          C       0.00      0.00      0.00        20
          G       0.28      0.25      0.26        36
          M       0.27      0.34      0.30        59
          O       0.00      0.00      0.00         1
          P       0.43      0.57      0.49        68
          R       0.20      0.14      0.16       102

avg / total       0.37      0.39      0.38       465

[[100   2  16  18   0  16  27]
 [  8   0   1   0   0   6   5]
 [ 22   1   9   2   0   0   2]
 [ 12   3   2  20   0   6  16]
 [  0   0   0   0   0   0   1]
 [ 10   4   1  10   0  39   4]
 [ 30   6   3  25   1  23  14]]

DT
Classification_report:
             precision    recall  f1-score   support

          B       0.73      0.71      0.72       179
          C       0.24      0.25      0.24        20
          G       0.38      0.42      0.40        36
          M       0.25      0.27      0.26        59
          O       0.00      0.00      0.00         1
          P       0.56      0.60      0.58        68
          R       0.43      0.40      0.42       102

avg / total       0.53      0.53      0.53       465

[[127   2  20   6   0  13  11]
 [  2   5   0   3   0   0  10]
 [ 17   0  15   1   0   3   0]
 [  5   5   1  16   0   6  26]
 [  0   0   0   0   0   1   0]
 [ 10   0   2   8   0  41   7]
 [ 13   9   1  29   0   9  41]]

CRF
Classification_report:
             precision    recall  f1-score   support

          B       0.84      0.94      0.89       179
          C       0.38      0.15      0.21        20
          G       0.77      0.56      0.65        36
          M       0.50      0.39      0.44        59
          O       0.00      0.00      0.00         1
          P       0.85      0.74      0.79        68
          R       0.55      0.69      0.61       102

avg / total       0.71      0.72      0.71       465

CRF 2.0
Classification_report:
             precision    recall  f1-score   support

          B       0.83      0.94      0.88       179
          C       0.36      0.25      0.29        20
          G       0.71      0.47      0.57        36
          M       0.67      0.63      0.65        59
          O       0.00      0.00      0.00         1
          P       0.79      0.72      0.75        68
          R       0.68      0.72      0.70       102

avg / total       0.74      0.75      0.74       465


SVM RBF
Classification_report:
             precision    recall  f1-score   support

          B       0.44      0.84      0.57       256
          C       0.00      0.00      0.00        40
          G       0.00      0.00      0.00        72
          M       0.50      0.01      0.02       104
          O       0.00      0.00      0.00         7
          P       0.77      0.27      0.40       133
          R       0.43      0.57      0.49       219

avg / total       0.43      0.45      0.37       831

[[216   0   0   0   0   0  40]
 [ 18   0   0   0   0   2  20]
 [ 67   0   0   0   0   1   4]
 [ 34   0   0   1   0   2  67]
 [  2   0   0   0   0   2   3]
 [ 69   0   0   0   0  36  28]
 [ 90   0   0   1   0   4 124]]

SVM linear
Classification_report:
             precision    recall  f1-score   support

          B       0.54      0.61      0.57       256
          C       0.23      0.20      0.21        40
          G       0.31      0.29      0.30        72
          M       0.32      0.35      0.33       104
          O       0.25      0.14      0.18         7
          P       0.59      0.57      0.58       133
          R       0.51      0.45      0.48       219

avg / total       0.48      0.48      0.47       831

[[157   5  35  19   0  13  27]
 [  9   8   2   2   0   6  13]
 [ 42   2  21   3   0   2   2]
 [ 19   6   1  36   1   8  33]
 [  0   0   0   0   1   4   2]
 [ 24   4   4   8   0  76  17]
 [ 42  10   5  43   2  19  98]]

KNN
Classification_report:
             precision    recall  f1-score   support

          B       0.39      0.56      0.46       256
          C       0.12      0.12      0.12        40
          G       0.18      0.15      0.16        72
          M       0.27      0.20      0.23       104
          O       0.20      0.14      0.17         7
          P       0.41      0.35      0.38       133
          R       0.36      0.26      0.30       219

avg / total       0.34      0.35      0.33       831

[[144   4  25  18   1  26  38]
 [ 18   5   2   2   0   4   9]
 [ 42   4  11   2   0   5   8]
 [ 34   2   4  21   1  10  32]
 [  2   0   1   1   1   1   1]
 [ 45   3  10  11   0  47  17]
 [ 80  23   9  24   2  23  58]]

NB Gaussian
Classification_report:
             precision    recall  f1-score   support

          B       0.53      0.49      0.51       256
          C       0.10      0.17      0.13        40
          G       0.24      0.33      0.28        72
          M       0.20      0.31      0.25       104
          O       0.00      0.00      0.00         7
          P       0.41      0.31      0.35       133
          R       0.40      0.31      0.35       219

avg / total       0.39      0.36      0.37       831

[[126  18  34  35   0  18  25]
 [  8   7   5   1   0   5  14]
 [ 28   5  24   2   0   2  11]
 [ 18   3  10  32   0  14  27]
 [  1   0   0   1   0   1   4]
 [ 21  16  11  25   0  41  19]
 [ 34  20  16  61   0  20  68]]

NB Bernoulli
Classification_report:
             precision    recall  f1-score   support

          B       0.51      0.45      0.48       256
          C       0.11      0.10      0.11        40
          G       0.25      0.36      0.30        72
          M       0.25      0.28      0.27       104
          O       0.00      0.00      0.00         7
          P       0.48      0.62      0.54       133
          R       0.38      0.30      0.34       219

avg / total       0.39      0.39      0.39       831

[[116   7  51  27   0  23  32]
 [  7   4   4   0   0  13  12]
 [ 30   5  26   2   0   5   4]
 [ 16   1   4  29   0  12  42]
 [  0   0   0   0   0   3   4]
 [  7   9   6  11   2  83  15]
 [ 50  10  11  45   2  35  66]]

DT
Classification_report:
             precision    recall  f1-score   support

          B       0.57      0.59      0.58       256
          C       0.18      0.20      0.19        40
          G       0.32      0.38      0.35        72
          M       0.23      0.22      0.22       104
          O       0.00      0.00      0.00         7
          P       0.48      0.44      0.46       133
          R       0.43      0.41      0.42       219

avg / total       0.43      0.43      0.43       831

[[151   8  31  14   1  17  34]
 [  9   8   3   5   0   1  14]
 [ 23   3  27   4   0   6   9]
 [ 18   6   4  23   1  15  37]
 [  0   0   2   1   0   4   0]
 [ 28   2   8  11   1  58  25]
 [ 36  17   9  43   5  20  89]]

CRF
Classification_report:
             precision    recall  f1-score   support

          B       0.74      0.82      0.78       256
          C       0.71      0.30      0.42        40
          G       0.63      0.47      0.54        72
          M       0.43      0.26      0.32       104
          O       0.00      0.00      0.00         7
          P       0.74      0.62      0.67       133
          R       0.53      0.73      0.61       219

avg / total       0.63      0.63      0.62       831

CRF 2.0
Classification_report:
             precision    recall  f1-score   support

          B       0.81      0.83      0.82       256
          C       0.31      0.23      0.26        40
          G       0.63      0.51      0.56        72
          M       0.55      0.46      0.50       104
          O       0.00      0.00      0.00         7
          P       0.74      0.73      0.73       133
          R       0.60      0.71      0.65       219

avg / total       0.66      0.67      0.67       831
