SVM RBF
Classification_report:
             precision    recall  f1-score   support

          B       0.48      0.26      0.34        77
          C       0.00      0.00      0.00        20
          G       0.00      0.00      0.00        36
          M       0.00      0.00      0.00        45
          O       0.00      0.00      0.00         6
          P       0.63      0.34      0.44        65
          R       0.35      0.85      0.49       117

avg / total       0.32      0.39      0.31       366

[[ 20   0   0   0   0   2  55]
 [  1   0   0   0   0   0  19]
 [  9   0   0   0   0   2  25]
 [  0   0   0   0   0   1  44]
 [  0   0   0   0   0   1   5]
 [  2   0   0   0   0  22  41]
 [ 10   0   0   0   0   7 100]]

SVM linear
Classification_report:
             precision    recall  f1-score   support

          B       0.40      0.44      0.42        77
          C       0.16      0.15      0.15        20
          G       0.47      0.39      0.42        36
          M       0.23      0.24      0.24        45
          O       1.00      0.17      0.29         6
          P       0.62      0.57      0.59        65
          R       0.48      0.51      0.50       117

avg / total       0.45      0.44      0.44       366

[[34  4  8 11  0  3 17]
 [ 3  3  0  1  0  3 10]
 [16  2 14  0  0  1  3]
 [ 7  1  0 11  0  3 23]
 [ 0  0  0  0  1  4  1]
 [ 6  3  4  5  0 37 10]
 [19  6  4 19  0  9 60]]

KNN
Classification_report:
             precision    recall  f1-score   support

          B       0.31      0.39      0.34        77
          C       0.36      0.20      0.26        20
          G       0.16      0.22      0.19        36
          M       0.26      0.22      0.24        45
          O       0.20      0.17      0.18         6
          P       0.47      0.43      0.45        65
          R       0.42      0.38      0.40       117

avg / total       0.35      0.34      0.34       366

[[30  1 10  8  1  7 20]
 [ 5  4  3  0  0  2  6]
 [12  4  8  0  1  4  7]
 [11  0  4 10  1  3 16]
 [ 1  0  1  0  1  2  1]
 [10  1  9  6  1 28 10]
 [29  1 15 14  0 14 44]]

NB Gaussian
Classification_report:
             precision    recall  f1-score   support

          B       0.49      0.29      0.36        77
          C       0.06      0.10      0.08        20
          G       0.30      0.28      0.29        36
          M       0.25      0.29      0.27        45
          O       0.00      0.00      0.00         6
          P       0.37      0.26      0.31        65
          R       0.43      0.57      0.49       117

avg / total       0.37      0.36      0.35       366

[[22  6  8  9  0  5 27]
 [ 1  2  4  1  0  3  9]
 [11  4 10  1  0  1  9]
 [ 1  2  2 13  0  6 21]
 [ 0  0  0  0  0  2  4]
 [ 2  9  5 12  0 17 20]
 [ 8  9  4 17  0 12 67]]

NB Bernoulli
Classification_report:
             precision    recall  f1-score   support

          B       0.46      0.43      0.45        77
          C       0.33      0.05      0.09        20
          G       0.36      0.36      0.36        36
          M       0.28      0.31      0.29        45
          O       0.25      0.17      0.20         6
          P       0.59      0.71      0.64        65
          R       0.44      0.46      0.45       117

avg / total       0.43      0.44      0.43       366

[[33  1 11  8  0  4 20]
 [ 3  1  1  1  0  2 12]
 [10  1 13  0  0  3  9]
 [ 3  0  2 14  0  7 19]
 [ 0  0  0  0  1  3  2]
 [ 3  0  3  4  1 46  8]
 [19  0  6 23  2 13 54]]

DT
Classification_report:
             precision    recall  f1-score   support

          B       0.32      0.32      0.32        77
          C       0.08      0.05      0.06        20
          G       0.15      0.17      0.16        36
          M       0.10      0.11      0.10        45
          O       0.00      0.00      0.00         6
          P       0.27      0.25      0.26        65
          R       0.45      0.44      0.44       117

avg / total       0.29      0.28      0.29       366

[[25  0  7 14  1 13 17]
 [ 2  1  0  5  1  4  7]
 [ 9  1  6  4  2  3 11]
 [ 8  0  6  5  2 11 13]
 [ 1  1  1  2  0  0  1]
 [14  5  9  6  1 16 14]
 [20  4 11 16  2 13 51]]

CRF
Classification_report:
             precision    recall  f1-score   support

          B       0.56      0.52      0.54        77
          C       0.33      0.20      0.25        20
          G       0.37      0.28      0.32        36
          M       0.24      0.20      0.22        45
          O       0.00      0.00      0.00         6
          P       0.57      0.48      0.52        65
          R       0.49      0.68      0.57       117

avg / total       0.46      0.48      0.46       366

CRF 2.0
Classification_report:
             precision    recall  f1-score   support

          B       0.51      0.53      0.52        77
          C       0.20      0.10      0.13        20
          G       0.33      0.17      0.22        36
          M       0.26      0.24      0.25        45
          O       0.00      0.00      0.00         6
          P       0.57      0.60      0.59        65
          R       0.54      0.68      0.60       117

avg / total       0.46      0.49      0.47       366


SVM RBF
Classification_report:
             precision    recall  f1-score   support

          B       0.45      0.98      0.62       179
          C       0.00      0.00      0.00        20
          G       0.00      0.00      0.00        36
          M       0.50      0.02      0.03        59
          O       0.00      0.00      0.00         1
          P       0.90      0.26      0.41        68
          R       0.41      0.24      0.30       102

avg / total       0.46      0.47      0.37       465

[[175   0   0   0   0   0   4]
 [ 16   0   0   0   0   1   3]
 [ 36   0   0   0   0   0   0]
 [ 38   0   0   1   0   0  20]
 [  0   0   0   0   0   0   1]
 [ 44   0   0   0   0  18   6]
 [ 76   0   0   1   0   1  24]]

SVM linear
Classification_report:
             precision    recall  f1-score   support

          B       0.61      0.68      0.64       179
          C       0.00      0.00      0.00        20
          G       0.23      0.17      0.19        36
          M       0.32      0.36      0.34        59
          O       0.00      0.00      0.00         1
          P       0.55      0.56      0.55        68
          R       0.41      0.37      0.39       102

avg / total       0.46      0.48      0.47       465

[[122   1  18   9   0  14  15]
 [  7   0   0   1   0   3   9]
 [ 27   0   6   0   0   2   1]
 [ 10   2   0  21   0   3  23]
 [  0   0   0   0   0   1   0]
 [ 14   2   1   6   0  38   7]
 [ 21   5   1  29   0   8  38]]

KNN
Classification_report:
             precision    recall  f1-score   support

          B       0.47      0.75      0.58       179
          C       0.16      0.20      0.18        20
          G       0.20      0.08      0.12        36
          M       0.24      0.19      0.21        59
          O       0.00      0.00      0.00         1
          P       0.51      0.31      0.39        68
          R       0.27      0.14      0.18       102

avg / total       0.37      0.40      0.36       465

[[135   6   6  10   0   6  16]
 [ 13   4   1   0   0   0   2]
 [ 23   2   3   5   0   1   2]
 [ 34   2   1  11   0   2   9]
 [  0   0   0   0   0   0   1]
 [ 28   4   2   5   0  21   8]
 [ 54   7   2  14   0  11  14]]

NB Gaussian
Classification_report:
             precision    recall  f1-score   support

          B       0.55      0.65      0.60       179
          C       0.11      0.10      0.11        20
          G       0.26      0.25      0.26        36
          M       0.28      0.36      0.32        59
          O       0.00      0.00      0.00         1
          P       0.43      0.43      0.43        68
          R       0.31      0.18      0.22       102

avg / total       0.40      0.42      0.41       465

[[117   1  22  14   0  13  12]
 [  7   2   0   1   0   7   3]
 [ 22   2   9   1   0   1   1]
 [ 15   1   2  21   0   4  16]
 [  0   0   0   0   0   0   1]
 [ 20   1   0  10   0  29   8]
 [ 31  11   1  27   0  14  18]]

NB Bernoulli
Classification_report:
             precision    recall  f1-score   support

          B       0.53      0.52      0.53       179
          C       0.00      0.00      0.00        20
          G       0.26      0.19      0.22        36
          M       0.30      0.39      0.34        59
          O       0.00      0.00      0.00         1
          P       0.48      0.60      0.53        68
          R       0.21      0.17      0.18       102

avg / total       0.38      0.39      0.38       465

[[93  8 15 14  0 16 33]
 [ 9  0  1  2  0  4  4]
 [21  2  7  3  0  0  3]
 [ 8  2  1 23  0  6 19]
 [ 0  0  0  0  0  0  1]
 [12  1  0  8  1 41  5]
 [32  4  3 26  1 19 17]]

DT
Classification_report:
             precision    recall  f1-score   support

          B       0.75      0.74      0.74       179
          C       0.00      0.00      0.00        20
          G       0.56      0.50      0.53        36
          M       0.27      0.31      0.29        59
          O       0.00      0.00      0.00         1
          P       0.57      0.62      0.59        68
          R       0.40      0.41      0.41       102

avg / total       0.54      0.54      0.54       465

[[132   0  13   7   0  16  11]
 [  2   0   0   4   0   2  12]
 [ 17   0  18   0   0   1   0]
 [  4   3   0  18   0   5  29]
 [  0   0   0   0   0   1   0]
 [ 10   0   1   4   1  42  10]
 [ 12   7   0  34   0   7  42]]

CRF
Classification_report:
             precision    recall  f1-score   support

          B       0.84      0.94      0.89       179
          C       0.50      0.15      0.23        20
          G       0.79      0.53      0.63        36
          M       0.51      0.39      0.44        59
          O       0.00      0.00      0.00         1
          P       0.85      0.74      0.79        68
          R       0.56      0.72      0.63       102

avg / total       0.72      0.72      0.71       465

CRF 2.0
Classification_report:
             precision    recall  f1-score   support

          B       0.82      0.99      0.90       179
          C       0.57      0.40      0.47        20
          G       0.80      0.44      0.57        36
          M       0.76      0.59      0.67        59
          O       0.00      0.00      0.00         1
          P       0.84      0.75      0.79        68
          R       0.70      0.75      0.72       102

avg / total       0.78      0.78      0.77       465


SVM RBF
Classification_report:
             precision    recall  f1-score   support

          B       0.47      0.85      0.61       256
          C       0.00      0.00      0.00        40
          G       0.00      0.00      0.00        72
          M       0.50      0.01      0.02       104
          O       0.00      0.00      0.00         7
          P       0.78      0.43      0.55       133
          R       0.46      0.62      0.53       219

avg / total       0.45      0.49      0.42       831

[[217   0   0   0   0   2  37]
 [ 18   0   0   0   0   2  20]
 [ 68   0   0   0   0   0   4]
 [ 29   0   0   1   0   3  71]
 [  0   0   0   0   0   3   4]
 [ 51   0   0   0   0  57  25]
 [ 76   0   0   1   0   6 136]]

SVM linear
Classification_report:
             precision    recall  f1-score   support

          B       0.55      0.62      0.58       256
          C       0.19      0.12      0.15        40
          G       0.36      0.29      0.32        72
          M       0.40      0.39      0.40       104
          O       0.50      0.14      0.22         7
          P       0.62      0.60      0.61       133
          R       0.50      0.51      0.50       219

avg / total       0.49      0.50      0.50       831

[[158   6  29  15   0   9  39]
 [ 13   5   1   1   0   6  14]
 [ 42   2  21   1   0   2   4]
 [ 13   3   0  41   0   8  39]
 [  0   0   0   0   1   4   2]
 [ 22   4   2  10   0  80  15]
 [ 40   7   6  35   1  19 111]]

KNN
Classification_report:
             precision    recall  f1-score   support

          B       0.38      0.57      0.46       256
          C       0.12      0.12      0.12        40
          G       0.13      0.11      0.12        72
          M       0.24      0.17      0.20       104
          O       0.33      0.14      0.20         7
          P       0.43      0.38      0.41       133
          R       0.34      0.24      0.28       219

avg / total       0.33      0.34      0.32       831

[[146   6  23  16   1  25  39]
 [ 18   5   2   2   0   3  10]
 [ 46   4   8   1   0   6   7]
 [ 40   2   6  18   0   7  31]
 [  1   0   1   1   1   2   1]
 [ 43   3  12   9   1  51  14]
 [ 86  20   8  28   0  24  53]]

NB Gaussian
Classification_report:
             precision    recall  f1-score   support

          B       0.56      0.50      0.53       256
          C       0.10      0.17      0.13        40
          G       0.24      0.33      0.28        72
          M       0.22      0.33      0.26       104
          O       0.00      0.00      0.00         7
          P       0.46      0.32      0.37       133
          R       0.37      0.31      0.34       219

avg / total       0.40      0.36      0.37       831

[[128  15  37  33   0  13  30]
 [  7   7   6   1   0   5  14]
 [ 29   5  24   3   0   2   9]
 [ 12   4   8  34   0  10  36]
 [  0   0   1   1   0   1   4]
 [ 18  17  12  24   0  42  20]
 [ 36  23  13  61   0  19  67]]

NB Bernoulli
Classification_report:
             precision    recall  f1-score   support

          B       0.52      0.48      0.50       256
          C       0.19      0.17      0.18        40
          G       0.28      0.33      0.30        72
          M       0.26      0.28      0.27       104
          O       0.14      0.14      0.14         7
          P       0.51      0.68      0.58       133
          R       0.37      0.29      0.33       219

avg / total       0.41      0.41      0.40       831

[[123   6  44  24   0  21  38]
 [  8   7   2   2   1   9  11]
 [ 29   8  24   2   0   4   5]
 [ 15   4   4  29   0  15  37]
 [  0   0   0   0   1   3   3]
 [  8   4   5  10   2  91  13]
 [ 55   8   7  46   3  36  64]]

DT
Classification_report:
             precision    recall  f1-score   support

          B       0.61      0.57      0.59       256
          C       0.15      0.12      0.14        40
          G       0.38      0.49      0.43        72
          M       0.26      0.29      0.27       104
          O       0.00      0.00      0.00         7
          P       0.44      0.43      0.43       133
          R       0.44      0.42      0.43       219

avg / total       0.45      0.44      0.44       831

[[145   7  21  23   1  21  38]
 [  3   5   1   4   1   7  19]
 [ 19   0  35   6   0   5   7]
 [ 18   4  10  30   0  13  29]
 [  0   0   1   1   0   2   3]
 [ 21   3   9  15   6  57  22]
 [ 32  15  14  38   3  25  92]]

CRF
Classification_report:
             precision    recall  f1-score   support

          B       0.73      0.84      0.78       256
          C       0.65      0.28      0.39        40
          G       0.60      0.49      0.54        72
          M       0.42      0.26      0.32       104
          O       0.00      0.00      0.00         7
          P       0.74      0.61      0.67       133
          R       0.52      0.68      0.59       219

avg / total       0.62      0.62      0.61       831

CRF 2.0
Classification_report:
             precision    recall  f1-score   support

          B       0.82      0.90      0.86       256
          C       0.27      0.17      0.21        40
          G       0.69      0.51      0.59        72
          M       0.59      0.46      0.52       104
          O       0.00      0.00      0.00         7
          P       0.74      0.74      0.74       133
          R       0.61      0.71      0.65       219

avg / total       0.68      0.69      0.68       831
