SVM RBF
Classification_report:
             precision    recall  f1-score   support

          B       0.50      0.22      0.31        77
          C       0.00      0.00      0.00        20
          G       0.00      0.00      0.00        36
          M       0.00      0.00      0.00        45
          O       0.00      0.00      0.00         6
          P       0.67      0.18      0.29        65
          R       0.34      0.91      0.50       117

avg / total       0.33      0.37      0.27       366

[[ 17   0   0   0   0   2  58]
 [  0   0   0   0   0   0  20]
 [  6   0   0   0   0   1  29]
 [  0   0   0   0   0   2  43]
 [  0   0   0   0   0   0   6]
 [  2   0   0   0   0  12  51]
 [  9   0   0   0   0   1 107]]

SVM linear
Classification_report:
             precision    recall  f1-score   support

          B       0.33      0.34      0.34        77
          C       0.06      0.10      0.08        20
          G       0.23      0.25      0.24        36
          M       0.11      0.16      0.13        45
          O       1.00      0.33      0.50         6
          P       0.33      0.28      0.30        65
          R       0.46      0.38      0.42       117

avg / total       0.33      0.30      0.31       366

[[26  8 12  8  0 10 13]
 [ 6  2  1  1  0  3  7]
 [13  4  9  2  0  2  6]
 [ 7  3  2  7  0  7 19]
 [ 0  0  0  1  2  2  1]
 [ 8  6  9 18  0 18  6]
 [18 10  6 25  0 13 45]]

KNN
Classification_report:
             precision    recall  f1-score   support

          B       0.28      0.39      0.33        77
          C       0.19      0.15      0.17        20
          G       0.18      0.17      0.17        36
          M       0.22      0.20      0.21        45
          O       0.00      0.00      0.00         6
          P       0.36      0.31      0.33        65
          R       0.46      0.44      0.45       117

avg / total       0.32      0.33      0.32       366

[[30  3  8  8  0 10 18]
 [ 1  3  1  1  0  6  8]
 [14  2  6  0  1  5  8]
 [11  1  2  9  1  6 15]
 [ 1  0  1  1  0  2  1]
 [15  4  7  9  0 20 10]
 [34  3  8 13  1  7 51]]

NB Gaussian
Classification_report:
             precision    recall  f1-score   support

          B       0.60      0.08      0.14        77
          C       0.11      0.25      0.16        20
          G       0.43      0.08      0.14        36
          M       0.19      0.27      0.22        45
          O       0.00      0.00      0.00         6
          P       0.25      0.37      0.30        65
          R       0.41      0.52      0.46       117

avg / total       0.38      0.30      0.28       366

[[ 6  8  2  9  0 18 34]
 [ 0  5  1  1  0  3 10]
 [ 1  6  3  5  0 10 11]
 [ 0  2  1 12  0 14 16]
 [ 0  0  0  1  0  2  3]
 [ 0 13  0 16  0 24 12]
 [ 3 10  0 19  0 24 61]]

NB Bernoulli
Classification_report:
             precision    recall  f1-score   support

          B       0.41      0.32      0.36        77
          C       0.00      0.00      0.00        20
          G       0.29      0.28      0.29        36
          M       0.24      0.18      0.20        45
          O       0.00      0.00      0.00         6
          P       0.37      0.43      0.40        65
          R       0.38      0.51      0.44       117

avg / total       0.33      0.36      0.34       366

[[25  0  9  3  0 10 30]
 [ 4  0  3  0  1  4  8]
 [ 9  1 10  1  0  4 11]
 [ 3  0  2  8  0  7 25]
 [ 0  0  0  0  0  3  3]
 [ 5  0  3  8  1 28 20]
 [15  1  7 14  0 20 60]]

DT
Classification_report:
             precision    recall  f1-score   support

          B       0.27      0.25      0.26        77
          C       0.15      0.10      0.12        20
          G       0.27      0.31      0.29        36
          M       0.11      0.09      0.10        45
          O       0.17      0.17      0.17         6
          P       0.26      0.26      0.26        65
          R       0.45      0.51      0.48       117

avg / total       0.30      0.31      0.30       366

[[19  4  7  3  3 17 24]
 [ 5  2  0  3  0  3  7]
 [ 6  0 11  6  0  8  5]
 [ 9  1  4  4  0  6 21]
 [ 1  0  1  0  1  1  2]
 [14  3 10  6  1 17 14]
 [17  3  8 15  1 13 60]]

CRF
Classification_report:
             precision    recall  f1-score   support

          B       0.54      0.49      0.51        77
          C       0.44      0.20      0.28        20
          G       0.30      0.25      0.27        36
          M       0.24      0.18      0.21        45
          O       0.00      0.00      0.00         6
          P       0.57      0.46      0.51        65
          R       0.48      0.66      0.56       117

avg / total       0.45      0.45      0.44       366

CRF 2.0
Classification_report:
             precision    recall  f1-score   support

          B       0.59      0.55      0.57        77
          C       0.22      0.20      0.21        20
          G       0.41      0.33      0.37        36
          M       0.22      0.24      0.23        45
          O       0.00      0.00      0.00         6
          P       0.50      0.54      0.52        65
          R       0.51      0.56      0.53       117

avg / total       0.46      0.46      0.46       366


SVM RBF
Classification_report:
             precision    recall  f1-score   support

          B       0.48      0.97      0.64       179
          C       0.00      0.00      0.00        20
          G       0.00      0.00      0.00        36
          M       0.67      0.07      0.12        59
          O       0.00      0.00      0.00         1
          P       0.90      0.28      0.43        68
          R       0.46      0.36      0.41       102

avg / total       0.50      0.50      0.42       465

[[173   0   0   0   0   1   5]
 [ 10   0   0   0   0   0  10]
 [ 36   0   0   0   0   0   0]
 [ 29   0   0   4   0   1  25]
 [  1   0   0   0   0   0   0]
 [ 46   0   0   0   0  19   3]
 [ 63   0   0   2   0   0  37]]

SVM linear
Classification_report:
             precision    recall  f1-score   support

          B       0.66      0.70      0.68       179
          C       0.47      0.35      0.40        20
          G       0.30      0.31      0.30        36
          M       0.33      0.36      0.34        59
          O       0.00      0.00      0.00         1
          P       0.51      0.53      0.52        68
          R       0.48      0.41      0.44       102

avg / total       0.52      0.52      0.52       465

[[126   1  22   7   0  17   6]
 [  0   7   0   2   0   4   7]
 [ 23   0  11   0   0   2   0]
 [  7   0   2  21   0   2  27]
 [  0   0   0   0   0   1   0]
 [ 19   2   2   3   0  36   6]
 [ 16   5   0  30   0   9  42]]

KNN
Classification_report:
             precision    recall  f1-score   support

          B       0.54      0.75      0.63       179
          C       0.11      0.10      0.10        20
          G       0.26      0.22      0.24        36
          M       0.36      0.24      0.29        59
          O       0.00      0.00      0.00         1
          P       0.58      0.41      0.48        68
          R       0.38      0.28      0.32       102

avg / total       0.45      0.46      0.44       465

[[135   4  12   3   0  11  14]
 [  7   2   0   1   0   1   9]
 [ 24   0   8   1   0   2   1]
 [ 20   3   1  14   0   3  18]
 [  0   0   0   0   0   0   1]
 [ 23   3   5   4   0  28   5]
 [ 42   7   5  16   0   3  29]]

NB Gaussian
Classification_report:
             precision    recall  f1-score   support

          B       0.56      0.67      0.61       179
          C       0.23      0.55      0.33        20
          G       0.27      0.42      0.33        36
          M       0.39      0.34      0.36        59
          O       0.00      0.00      0.00         1
          P       0.38      0.44      0.41        68
          R       0.50      0.08      0.14       102

avg / total       0.46      0.44      0.41       465

[[120   3  37   3   0  16   0]
 [  0  11   0   2   0   4   3]
 [ 20   0  15   0   0   1   0]
 [ 22   5   1  20   0   8   3]
 [  0   0   1   0   0   0   0]
 [ 29   3   1   3   0  30   2]
 [ 24  25   1  23   0  21   8]]

NB Bernoulli
Classification_report:
             precision    recall  f1-score   support

          B       0.54      0.68      0.60       179
          C       0.00      0.00      0.00        20
          G       0.40      0.11      0.17        36
          M       0.39      0.29      0.33        59
          O       0.00      0.00      0.00         1
          P       0.53      0.37      0.43        68
          R       0.30      0.40      0.34       102

avg / total       0.43      0.45      0.43       465

[[121   1   2   8   0  11  36]
 [  6   0   0   0   0   1  13]
 [ 23   0   4   0   0   2   7]
 [ 15   0   1  17   0   3  23]
 [  1   0   0   0   0   0   0]
 [ 23   0   0   4   0  25  16]
 [ 35   3   3  15   0   5  41]]

DT
Classification_report:
             precision    recall  f1-score   support

          B       0.77      0.74      0.75       179
          C       0.05      0.05      0.05        20
          G       0.57      0.58      0.58        36
          M       0.46      0.46      0.46        59
          O       0.00      0.00      0.00         1
          P       0.61      0.62      0.61        68
          R       0.48      0.50      0.49       102

avg / total       0.59      0.59      0.59       465

[[132   0  16   3   0  15  13]
 [  0   1   0   5   0   1  13]
 [ 15   0  21   0   0   0   0]
 [  3   4   0  27   0   4  21]
 [  0   0   0   0   0   1   0]
 [ 10   4   0   2   1  42   9]
 [ 12  11   0  22   0   6  51]]

CRF
Classification_report:
             precision    recall  f1-score   support

          B       0.85      0.94      0.89       179
          C       0.27      0.15      0.19        20
          G       0.78      0.58      0.67        36
          M       0.54      0.34      0.42        59
          O       0.00      0.00      0.00         1
          P       0.82      0.72      0.77        68
          R       0.54      0.70      0.61       102

avg / total       0.70      0.71      0.70       465

CRF 2.0
Classification_report:
             precision    recall  f1-score   support

          B       0.99      1.00      1.00       179
          C       0.53      0.40      0.46        20
          G       1.00      0.94      0.97        36
          M       0.82      0.76      0.79        59
          O       0.00      0.00      0.00         1
          P       0.92      0.90      0.91        68
          R       0.79      0.89      0.84       102

avg / total       0.90      0.90      0.90       465


SVM RBF
Classification_report:
             precision    recall  f1-score   support

          B       0.46      0.89      0.61       256
          C       0.00      0.00      0.00        40
          G       1.00      0.01      0.03        72
          M       0.67      0.02      0.04       104
          O       0.00      0.00      0.00         7
          P       0.67      0.28      0.39       133
          R       0.49      0.61      0.54       219

avg / total       0.55      0.48      0.40       831

[[229   0   0   0   0   3  24]
 [ 18   0   0   0   0   1  21]
 [ 66   0   1   0   0   1   4]
 [ 30   0   0   2   0   8  64]
 [  3   0   0   0   0   1   3]
 [ 73   0   0   0   0  37  23]
 [ 80   0   0   1   0   4 134]]

SVM linear
Classification_report:
             precision    recall  f1-score   support

          B       0.55      0.62      0.59       256
          C       0.19      0.23      0.21        40
          G       0.29      0.25      0.27        72
          M       0.25      0.20      0.22       104
          O       0.50      0.43      0.46         7
          P       0.45      0.44      0.44       133
          R       0.52      0.51      0.51       219

avg / total       0.45      0.46      0.45       831

[[160   6  25  18   0  32  15]
 [  7   9   2   0   1   7  14]
 [ 41   2  18   1   0   3   7]
 [ 21   2   2  21   0  13  45]
 [  0   0   0   0   3   3   1]
 [ 34   8   5   8   0  58  20]
 [ 28  20  10  35   2  13 111]]

KNN
Classification_report:
             precision    recall  f1-score   support

          B       0.45      0.61      0.51       256
          C       0.16      0.15      0.15        40
          G       0.28      0.26      0.27        72
          M       0.27      0.23      0.25       104
          O       0.00      0.00      0.00         7
          P       0.52      0.48      0.50       133
          R       0.40      0.31      0.35       219

avg / total       0.39      0.40      0.39       831

[[155   5  24  15   0  25  32]
 [  9   6   2   2   0   4  17]
 [ 37   2  19   4   0   5   5]
 [ 33   4   3  24   0   7  33]
 [  2   0   0   2   0   1   2]
 [ 36   7   6   8   0  64  12]
 [ 75  14  13  33   0  17  67]]

NB Gaussian
Classification_report:
             precision    recall  f1-score   support

          B       0.72      0.23      0.35       256
          C       0.15      0.42      0.22        40
          G       0.29      0.22      0.25        72
          M       0.28      0.28      0.28       104
          O       0.00      0.00      0.00         7
          P       0.22      0.68      0.33       133
          R       0.59      0.10      0.17       219

avg / total       0.48      0.28      0.27       831

[[ 58  21  28  12   5 128   4]
 [  0  17   0   3   0  15   5]
 [ 13   6  16   5   2  29   1]
 [  1   5   6  29   4  55   4]
 [  0   1   0   0   0   6   0]
 [  1  22   3  11   4  91   1]
 [  7  42   3  43   5  97  22]]

NB Bernoulli
Classification_report:
             precision    recall  f1-score   support

          B       0.48      0.50      0.49       256
          C       0.00      0.00      0.00        40
          G       0.33      0.24      0.28        72
          M       0.27      0.16      0.20       104
          O       0.00      0.00      0.00         7
          P       0.45      0.46      0.46       133
          R       0.36      0.50      0.42       219

avg / total       0.38      0.40      0.38       831

[[128   2  22  12   0  25  67]
 [ 12   0   1   1   1   3  22]
 [ 29   0  17   2   0   7  17]
 [ 21   0   1  17   1  12  52]
 [  1   0   0   0   0   3   3]
 [ 23   1   5   9   1  61  33]
 [ 53   5   5  22   1  24 109]]

DT
Classification_report:
             precision    recall  f1-score   support

          B       0.63      0.59      0.61       256
          C       0.15      0.10      0.12        40
          G       0.39      0.40      0.40        72
          M       0.26      0.27      0.26       104
          O       0.00      0.00      0.00         7
          P       0.45      0.47      0.46       133
          R       0.46      0.49      0.47       219

avg / total       0.46      0.46      0.46       831

[[152   6  21  23   0  17  37]
 [  5   4   1   5   0   7  18]
 [ 18   2  29   3   2  10   8]
 [ 19   1   3  28   0  15  38]
 [  0   0   2   0   0   2   3]
 [ 18   3   7  14   5  62  24]
 [ 28  10  11  35   1  26 108]]

CRF
Classification_report:
             precision    recall  f1-score   support

          B       0.74      0.83      0.78       256
          C       0.69      0.28      0.39        40
          G       0.61      0.49      0.54        72
          M       0.43      0.26      0.32       104
          O       0.00      0.00      0.00         7
          P       0.73      0.60      0.66       133
          R       0.53      0.70      0.60       219

avg / total       0.62      0.62      0.61       831

CRF 2.0
Classification_report:
             precision    recall  f1-score   support

          B       0.89      0.88      0.89       256
          C       0.50      0.45      0.47        40
          G       0.76      0.71      0.73        72
          M       0.60      0.62      0.61       104
          O       0.00      0.00      0.00         7
          P       0.74      0.69      0.71       133
          R       0.70      0.78      0.74       219

avg / total       0.74      0.75      0.74       831
