SVM RBF
Classification_report:
             precision    recall  f1-score   support

          B       1.00      0.05      0.10        77
          C       0.00      0.00      0.00        20
          G       0.00      0.00      0.00        36
          M       0.00      0.00      0.00        45
          O       0.00      0.00      0.00         6
          P       0.00      0.00      0.00        65
          R       0.32      1.00      0.49       117

avg / total       0.31      0.33      0.18       366

[[  4   0   0   0   0   0  73]
 [  0   0   0   0   0   0  20]
 [  0   0   0   0   0   0  36]
 [  0   0   0   0   0   0  45]
 [  0   0   0   0   0   0   6]
 [  0   0   0   0   0   0  65]
 [  0   0   0   0   0   0 117]]

SVM linear
Classification_report:
             precision    recall  f1-score   support

          B       0.36      0.44      0.40        77
          C       0.32      0.30      0.31        20
          G       0.38      0.28      0.32        36
          M       0.28      0.24      0.26        45
          O       1.00      0.33      0.50         6
          P       0.63      0.58      0.61        65
          R       0.48      0.50      0.49       117

avg / total       0.45      0.44      0.44       366

[[34  3  7  7  0  6 20]
 [ 6  6  0  1  0  1  6]
 [18  2 10  0  0  0  6]
 [ 7  1  2 11  0  2 22]
 [ 0  0  0  0  2  3  1]
 [ 7  3  5  2  0 38 10]
 [23  4  2 19  0 10 59]]

KNN
Classification_report:
             precision    recall  f1-score   support

          B       0.32      0.44      0.37        77
          C       0.31      0.20      0.24        20
          G       0.32      0.33      0.32        36
          M       0.22      0.29      0.25        45
          O       0.00      0.00      0.00         6
          P       0.47      0.35      0.40        65
          R       0.45      0.39      0.42       117

avg / total       0.37      0.36      0.36       366

[[34  2  6 12  0  6 17]
 [ 7  4  2  1  0  1  5]
 [10  0 12  2  0  4  8]
 [10  3  1 13  0  4 14]
 [ 0  0  1  1  0  1  3]
 [21  0  4  8  0 23  9]
 [24  4 12 21  0 10 46]]

NB Gaussian
Classification_report:
             precision    recall  f1-score   support

          B       0.50      0.27      0.35        77
          C       0.09      0.15      0.11        20
          G       0.30      0.25      0.27        36
          M       0.26      0.40      0.31        45
          O       0.00      0.00      0.00         6
          P       0.43      0.40      0.41        65
          R       0.38      0.43      0.40       117

avg / total       0.37      0.35      0.35       366

[[21  5  9 10  0  7 25]
 [ 0  3  3  1  0  4  9]
 [ 9  4  9  0  0  3 11]
 [ 1  2  1 18  0  6 17]
 [ 0  0  0  0  0  2  4]
 [ 2  9  3 11  0 26 14]
 [ 9 10  5 30  0 13 50]]

NB Bernoulli
Classification_report:
             precision    recall  f1-score   support

          B       0.44      0.36      0.40        77
          C       0.20      0.20      0.20        20
          G       0.32      0.36      0.34        36
          M       0.28      0.42      0.34        45
          O       0.29      0.33      0.31         6
          P       0.45      0.58      0.51        65
          R       0.51      0.36      0.42       117

avg / total       0.42      0.40      0.40       366

[[28  4 13 10  1 11 10]
 [ 1  4  2  2  0  5  6]
 [12  6 13  2  0  3  0]
 [ 4  0  1 19  0  8 13]
 [ 0  0  0  0  2  2  2]
 [ 4  1  4  7  2 38  9]
 [15  5  8 28  2 17 42]]

DT
Classification_report:
             precision    recall  f1-score   support

          B       0.31      0.27      0.29        77
          C       0.08      0.10      0.09        20
          G       0.28      0.25      0.26        36
          M       0.14      0.13      0.14        45
          O       0.17      0.17      0.17         6
          P       0.31      0.34      0.32        65
          R       0.42      0.44      0.43       117

avg / total       0.31      0.31      0.31       366

[[21  3  9 11  1  8 24]
 [ 3  2  1  0  0  8  6]
 [ 8  4  9  2  0  6  7]
 [ 9  1  3  6  2  8 16]
 [ 1  0  0  0  1  2  2]
 [ 9  4  4 10  1 22 15]
 [17 10  6 14  1 18 51]]

CRF
Classification_report:
             precision    recall  f1-score   support

          B       0.56      0.52      0.54        77
          C       0.33      0.20      0.25        20
          G       0.37      0.28      0.32        36
          M       0.24      0.20      0.22        45
          O       0.00      0.00      0.00         6
          P       0.57      0.48      0.52        65
          R       0.49      0.68      0.57       117

avg / total       0.46      0.48      0.46       366

CRF 2.0
Classification_report:
             precision    recall  f1-score   support

          B       0.48      0.47      0.47        77
          C       0.22      0.10      0.14        20
          G       0.32      0.22      0.26        36
          M       0.22      0.24      0.23        45
          O       0.00      0.00      0.00         6
          P       0.57      0.54      0.56        65
          R       0.51      0.63      0.56       117

avg / total       0.44      0.45      0.44       366


SVM RBF
Classification_report:
             precision    recall  f1-score   support

          B       0.38      1.00      0.56       179
          C       0.00      0.00      0.00        20
          G       0.00      0.00      0.00        36
          M       0.00      0.00      0.00        59
          O       0.00      0.00      0.00         1
          P       0.00      0.00      0.00        68
          R       0.00      0.00      0.00       102

avg / total       0.15      0.38      0.21       465

[[179   0   0   0   0   0   0]
 [ 20   0   0   0   0   0   0]
 [ 36   0   0   0   0   0   0]
 [ 59   0   0   0   0   0   0]
 [  1   0   0   0   0   0   0]
 [ 68   0   0   0   0   0   0]
 [102   0   0   0   0   0   0]]

SVM linear
Classification_report:
             precision    recall  f1-score   support

          B       0.57      0.65      0.61       179
          C       0.06      0.05      0.06        20
          G       0.25      0.17      0.20        36
          M       0.22      0.22      0.22        59
          O       0.00      0.00      0.00         1
          P       0.51      0.56      0.53        68
          R       0.33      0.27      0.30       102

avg / total       0.41      0.44      0.42       465

[[117   5  12  14   0  13  18]
 [  7   1   1   2   0   4   5]
 [ 24   0   6   1   0   1   4]
 [ 16   1   0  13   0   9  20]
 [  0   0   0   0   0   0   1]
 [ 13   2   2   4   0  38   9]
 [ 30   7   3  24   0  10  28]]

KNN
Classification_report:
             precision    recall  f1-score   support

          B       0.44      0.70      0.54       179
          C       0.00      0.00      0.00        20
          G       0.04      0.03      0.03        36
          M       0.23      0.12      0.16        59
          O       0.00      0.00      0.00         1
          P       0.46      0.38      0.42        68
          R       0.24      0.12      0.16       102

avg / total       0.32      0.37      0.33       465

[[126   5  16  10   0  12  10]
 [ 12   0   1   2   0   1   4]
 [ 32   0   1   0   0   2   1]
 [ 28   1   2   7   0   3  18]
 [  0   0   0   0   0   0   1]
 [ 28   6   0   4   0  26   4]
 [ 60   5   4   8   0  13  12]]

NB Gaussian
Classification_report:
             precision    recall  f1-score   support

          B       0.53      0.53      0.53       179
          C       0.04      0.05      0.05        20
          G       0.20      0.25      0.22        36
          M       0.28      0.39      0.33        59
          O       0.00      0.00      0.00         1
          P       0.41      0.50      0.45        68
          R       0.30      0.16      0.21       102

avg / total       0.38      0.38      0.37       465

[[94  4 29 19  0 20 13]
 [ 7  1  0  2  0  4  6]
 [21  0  9  3  0  0  3]
 [12  2  4 23  0  7 11]
 [ 0  0  0  1  0  0  0]
 [17  3  1  8  0 34  5]
 [28 13  2 26  0 17 16]]

NB Bernoulli
Classification_report:
             precision    recall  f1-score   support

          B       0.55      0.37      0.45       179
          C       0.09      0.15      0.11        20
          G       0.24      0.33      0.28        36
          M       0.29      0.44      0.35        59
          O       0.00      0.00      0.00         1
          P       0.47      0.59      0.52        68
          R       0.34      0.25      0.28       102

avg / total       0.41      0.37      0.38       465

[[67 18 27 24  4 17 22]
 [ 3  3  3  3  0  4  4]
 [16  1 12  5  0  0  2]
 [ 7  4  3 26  0  7 12]
 [ 0  0  0  1  0  0  0]
 [ 7  4  1  5  2 40  9]
 [21  5  5 27  1 18 25]]

DT
Classification_report:
             precision    recall  f1-score   support

          B       0.71      0.68      0.70       179
          C       0.21      0.15      0.18        20
          G       0.40      0.50      0.44        36
          M       0.33      0.34      0.34        59
          O       0.00      0.00      0.00         1
          P       0.55      0.68      0.61        68
          R       0.48      0.43      0.45       102

avg / total       0.54      0.54      0.54       465

[[122   1  25   4   0  13  14]
 [  7   3   0   3   0   2   5]
 [ 16   0  18   0   0   2   0]
 [  2   3   1  20   0   9  24]
 [  0   0   0   0   0   1   0]
 [ 11   1   0   5   0  46   5]
 [ 13   6   1  28   0  10  44]]

CRF
Classification_report:
             precision    recall  f1-score   support

          B       0.84      0.94      0.89       179
          C       0.38      0.15      0.21        20
          G       0.80      0.56      0.66        36
          M       0.50      0.37      0.43        59
          O       0.00      0.00      0.00         1
          P       0.85      0.74      0.79        68
          R       0.56      0.71      0.62       102

avg / total       0.71      0.72      0.71       465

CRF 2.0
Classification_report:
             precision    recall  f1-score   support

          B       0.62      0.66      0.64       179
          C       0.50      0.35      0.41        20
          G       0.26      0.22      0.24        36
          M       0.34      0.31      0.32        59
          O       0.00      0.00      0.00         1
          P       0.52      0.50      0.51        68
          R       0.35      0.38      0.37       102

avg / total       0.48      0.48      0.48       465


SVM RBF
Classification_report:
             precision    recall  f1-score   support

          B       0.31      1.00      0.47       256
          C       0.00      0.00      0.00        40
          G       0.00      0.00      0.00        72
          M       0.00      0.00      0.00       104
          O       0.00      0.00      0.00         7
          P       0.00      0.00      0.00       133
          R       0.00      0.00      0.00       219

avg / total       0.09      0.31      0.15       831

[[256   0   0   0   0   0   0]
 [ 40   0   0   0   0   0   0]
 [ 72   0   0   0   0   0   0]
 [104   0   0   0   0   0   0]
 [  7   0   0   0   0   0   0]
 [133   0   0   0   0   0   0]
 [219   0   0   0   0   0   0]]

SVM linear
Classification_report:
             precision    recall  f1-score   support

          B       0.53      0.63      0.58       256
          C       0.09      0.07      0.08        40
          G       0.36      0.31      0.33        72
          M       0.33      0.33      0.33       104
          O       0.50      0.29      0.36         7
          P       0.67      0.60      0.63       133
          R       0.45      0.43      0.44       219

avg / total       0.47      0.48      0.47       831

[[161   9  27  18   0   5  36]
 [ 12   3   4   2   0   6  13]
 [ 40   0  22   0   0   1   9]
 [ 23   1   0  34   0   8  38]
 [  0   0   0   0   2   3   2]
 [ 18   5   5   9   0  80  16]
 [ 48  14   3  41   2  16  95]]

KNN
Classification_report:
             precision    recall  f1-score   support

          B       0.39      0.58      0.46       256
          C       0.12      0.07      0.09        40
          G       0.18      0.14      0.16        72
          M       0.17      0.17      0.17       104
          O       0.00      0.00      0.00         7
          P       0.46      0.37      0.41       133
          R       0.34      0.23      0.28       219

avg / total       0.32      0.34      0.32       831

[[149   6  18  32   0  16  35]
 [ 15   3   4   4   0   4  10]
 [ 46   0  10   6   0   3   7]
 [ 38   1   3  18   1   8  35]
 [  2   2   0   0   0   1   2]
 [ 42   6   8  17   0  49  11]
 [ 93   8  14  27   0  26  51]]

NB Gaussian
Classification_report:
             precision    recall  f1-score   support

          B       0.54      0.44      0.49       256
          C       0.12      0.25      0.16        40
          G       0.29      0.35      0.32        72
          M       0.18      0.32      0.23       104
          O       0.00      0.00      0.00         7
          P       0.43      0.41      0.42       133
          R       0.37      0.25      0.30       219

avg / total       0.39      0.35      0.36       831

[[113  17  38  44   0  18  26]
 [  6  10   3   2   0   7  12]
 [ 26   7  25   3   0   5   6]
 [ 15   3   6  33   0  14  33]
 [  0   0   0   0   0   2   5]
 [ 16  21   5  27   0  55   9]
 [ 33  26   8  70   0  28  54]]

NB Bernoulli
Classification_report:
             precision    recall  f1-score   support

          B       0.58      0.36      0.45       256
          C       0.14      0.20      0.16        40
          G       0.26      0.46      0.33        72
          M       0.22      0.27      0.24       104
          O       0.23      0.43      0.30         7
          P       0.45      0.62      0.52       133
          R       0.41      0.30      0.34       219

avg / total       0.42      0.38      0.38       831

[[93 14 60 35  1 27 26]
 [ 2  8  8  3  1 11  7]
 [19  8 33  1  0  4  7]
 [11  4  5 28  1 16 39]
 [ 0  0  0  0  3  2  2]
 [ 4  8 10 12  3 83 13]
 [31 17 11 48  4 43 65]]

DT
Classification_report:
             precision    recall  f1-score   support

          B       0.57      0.57      0.57       256
          C       0.08      0.07      0.08        40
          G       0.24      0.26      0.25        72
          M       0.21      0.23      0.22       104
          O       0.00      0.00      0.00         7
          P       0.46      0.44      0.45       133
          R       0.42      0.42      0.42       219

avg / total       0.41      0.41      0.41       831

[[145   5  28  19   2  20  37]
 [  6   3   1   9   0   3  18]
 [ 26   2  19   8   1   8   8]
 [ 18   5   9  24   0  10  38]
 [  3   0   0   1   0   2   1]
 [ 25   3  10   9   5  58  23]
 [ 30  18  13  42   1  24  91]]

CRF
Classification_report:
             precision    recall  f1-score   support

          B       0.73      0.84      0.78       256
          C       0.65      0.28      0.39        40
          G       0.60      0.49      0.54        72
          M       0.42      0.26      0.32       104
          O       0.00      0.00      0.00         7
          P       0.74      0.61      0.67       133
          R       0.52      0.68      0.59       219

avg / total       0.62      0.62      0.61       831

CRF 2.0
Classification_report:
             precision    recall  f1-score   support

          B       0.63      0.69      0.66       256
          C       0.20      0.20      0.20        40
          G       0.30      0.24      0.26        72
          M       0.32      0.34      0.33       104
          O       0.00      0.00      0.00         7
          P       0.65      0.61      0.63       133
          R       0.53      0.53      0.53       219

avg / total       0.51      0.52      0.52       831
