SVM RBF
Classification_report:
             precision    recall  f1-score   support

          B       1.00      0.05      0.10        77
          C       0.00      0.00      0.00        20
          G       0.00      0.00      0.00        36
          M       0.00      0.00      0.00        45
          O       0.00      0.00      0.00         6
          P       0.00      0.00      0.00        65
          R       0.32      1.00      0.49       117

avg / total       0.31      0.33      0.18       366

[[  4   0   0   0   0   0  73]
 [  0   0   0   0   0   0  20]
 [  0   0   0   0   0   0  36]
 [  0   0   0   0   0   0  45]
 [  0   0   0   0   0   0   6]
 [  0   0   0   0   0   0  65]
 [  0   0   0   0   0   0 117]]

SVM linear
Classification_report:
             precision    recall  f1-score   support

          B       0.40      0.48      0.44        77
          C       0.37      0.35      0.36        20
          G       0.45      0.39      0.42        36
          M       0.27      0.24      0.26        45
          O       1.00      0.33      0.50         6
          P       0.66      0.54      0.59        65
          R       0.49      0.54      0.51       117

avg / total       0.47      0.46      0.46       366

[[37  3  6  5  0  6 20]
 [ 4  7  0  1  0  1  7]
 [14  2 14  0  0  0  6]
 [10  0  3 11  0  2 19]
 [ 0  0  0  0  2  2  2]
 [ 5  3  6  5  0 35 11]
 [22  4  2 19  0  7 63]]

KNN
Classification_report:
             precision    recall  f1-score   support

          B       0.32      0.44      0.37        77
          C       0.27      0.20      0.23        20
          G       0.32      0.33      0.32        36
          M       0.19      0.20      0.19        45
          O       0.00      0.00      0.00         6
          P       0.48      0.37      0.42        65
          R       0.46      0.43      0.44       117

avg / total       0.37      0.36      0.36       366

[[34  2  3 12  0  6 20]
 [ 6  4  2  1  0  1  6]
 [10  1 12  3  0  3  7]
 [15  2  2  9  0  4 13]
 [ 0  0  1  1  0  1  3]
 [19  1  5  6  0 24 10]
 [22  5 13 16  0 11 50]]

NB Gaussian
Classification_report:
             precision    recall  f1-score   support

          B       0.53      0.25      0.34        77
          C       0.11      0.20      0.15        20
          G       0.29      0.25      0.27        36
          M       0.25      0.44      0.32        45
          O       0.00      0.00      0.00         6
          P       0.44      0.42      0.43        65
          R       0.40      0.42      0.41       117

avg / total       0.38      0.35      0.35       366

[[19  4 10 13  0  7 24]
 [ 0  4  3  1  0  3  9]
 [ 8  5  9  0  0  4 10]
 [ 0  3  0 20  0  6 16]
 [ 0  0  0  0  0  2  4]
 [ 1  9  3 13  0 27 12]
 [ 8 10  6 32  0 12 49]]

NB Bernoulli
Classification_report:
             precision    recall  f1-score   support

          B       0.44      0.38      0.41        77
          C       0.30      0.30      0.30        20
          G       0.32      0.39      0.35        36
          M       0.25      0.33      0.29        45
          O       0.14      0.17      0.15         6
          P       0.44      0.62      0.52        65
          R       0.54      0.37      0.44       117

avg / total       0.42      0.40      0.41       366

[[29  3 16  7  1 13  8]
 [ 2  6  0  1  0  6  5]
 [12  4 14  2  0  2  2]
 [ 4  1  2 15  0  9 14]
 [ 0  0  0  0  1  3  2]
 [ 3  2  5  6  3 40  6]
 [16  4  7 28  2 17 43]]

DT
Classification_report:
             precision    recall  f1-score   support

          B       0.36      0.35      0.35        77
          C       0.19      0.25      0.22        20
          G       0.21      0.25      0.23        36
          M       0.22      0.22      0.22        45
          O       0.00      0.00      0.00         6
          P       0.33      0.28      0.30        65
          R       0.40      0.38      0.39       117

avg / total       0.32      0.31      0.31       366

[[27  5  7 11  1  7 19]
 [ 3  5  3  2  1  5  1]
 [10  4  9  1  1  3  8]
 [ 4  2  2 10  2  4 21]
 [ 1  0  1  0  0  3  1]
 [15  3  7  4  1 18 17]
 [16  7 14 18  3 14 45]]

CRF
Classification_report:
             precision    recall  f1-score   support

          B       0.55      0.53      0.54        77
          C       0.40      0.30      0.34        20
          G       0.34      0.28      0.31        36
          M       0.19      0.13      0.16        45
          O       0.00      0.00      0.00         6
          P       0.56      0.48      0.52        65
          R       0.49      0.68      0.57       117

avg / total       0.45      0.47      0.46       366

CRF 2.0
Classification_report:
             precision    recall  f1-score   support

          B       0.41      0.42      0.41        77
          C       0.17      0.10      0.12        20
          G       0.25      0.22      0.24        36
          M       0.23      0.22      0.22        45
          O       0.00      0.00      0.00         6
          P       0.60      0.58      0.59        65
          R       0.54      0.63      0.58       117

avg / total       0.43      0.45      0.44       366


SVM RBF
Classification_report:
             precision    recall  f1-score   support

          B       0.38      1.00      0.56       179
          C       0.00      0.00      0.00        20
          G       0.00      0.00      0.00        36
          M       0.00      0.00      0.00        59
          O       0.00      0.00      0.00         1
          P       0.00      0.00      0.00        68
          R       0.00      0.00      0.00       102

avg / total       0.15      0.38      0.21       465

[[179   0   0   0   0   0   0]
 [ 20   0   0   0   0   0   0]
 [ 36   0   0   0   0   0   0]
 [ 59   0   0   0   0   0   0]
 [  1   0   0   0   0   0   0]
 [ 68   0   0   0   0   0   0]
 [102   0   0   0   0   0   0]]

SVM linear
Classification_report:
             precision    recall  f1-score   support

          B       0.53      0.63      0.58       179
          C       0.00      0.00      0.00        20
          G       0.19      0.14      0.16        36
          M       0.24      0.24      0.24        59
          O       0.00      0.00      0.00         1
          P       0.51      0.53      0.52        68
          R       0.32      0.26      0.29       102

avg / total       0.40      0.42      0.40       465

[[112   5  15  16   0  11  20]
 [  7   0   1   2   0   4   6]
 [ 25   0   5   1   0   1   4]
 [ 18   1   0  14   0   7  19]
 [  0   0   0   0   0   0   1]
 [ 14   4   2   4   0  36   8]
 [ 34   6   3  21   0  11  27]]

KNN
Classification_report:
             precision    recall  f1-score   support

          B       0.45      0.74      0.56       179
          C       0.00      0.00      0.00        20
          G       0.00      0.00      0.00        36
          M       0.20      0.12      0.15        59
          O       0.00      0.00      0.00         1
          P       0.46      0.40      0.43        68
          R       0.28      0.13      0.18       102

avg / total       0.33      0.39      0.34       465

[[133   2  11  13   0  11   9]
 [ 12   0   1   2   0   1   4]
 [ 31   0   0   1   0   2   2]
 [ 29   1   4   7   0   4  14]
 [  0   0   0   0   0   0   1]
 [ 27   4   2   5   0  27   3]
 [ 61   4   3   7   0  14  13]]

NB Gaussian
Classification_report:
             precision    recall  f1-score   support

          B       0.54      0.55      0.55       179
          C       0.04      0.05      0.05        20
          G       0.24      0.31      0.27        36
          M       0.30      0.41      0.34        59
          O       0.00      0.00      0.00         1
          P       0.42      0.53      0.47        68
          R       0.38      0.18      0.24       102

avg / total       0.41      0.41      0.40       465

[[99  5 29 15  0 24  7]
 [ 7  1  0  3  0  4  5]
 [23  0 11  1  0  0  1]
 [14  2  3 24  0  5 11]
 [ 0  0  0  1  0  0  0]
 [18  1  0  7  0 36  6]
 [21 14  2 30  0 17 18]]

NB Bernoulli
Classification_report:
             precision    recall  f1-score   support

          B       0.56      0.38      0.45       179
          C       0.06      0.10      0.07        20
          G       0.25      0.42      0.31        36
          M       0.29      0.42      0.34        59
          O       0.00      0.00      0.00         1
          P       0.39      0.54      0.46        68
          R       0.28      0.17      0.21       102

avg / total       0.39      0.35      0.36       465

[[68 16 33 22  3 22 15]
 [ 6  2  3  2  0  3  4]
 [15  1 15  3  0  0  2]
 [ 6  4  2 25  0  8 14]
 [ 0  0  0  1  0  0  0]
 [ 8  5  1  5  3 37  9]
 [19  7  6 28  1 24 17]]

DT
Classification_report:
             precision    recall  f1-score   support

          B       0.73      0.71      0.72       179
          C       0.18      0.15      0.16        20
          G       0.49      0.50      0.49        36
          M       0.31      0.34      0.32        59
          O       0.00      0.00      0.00         1
          P       0.49      0.56      0.52        68
          R       0.46      0.40      0.43       102

avg / total       0.54      0.53      0.53       465

[[127   1  17   3   1  19  11]
 [  3   3   0   5   0   2   7]
 [ 16   0  18   0   0   1   1]
 [  3   4   1  20   0   9  22]
 [  0   0   0   0   0   1   0]
 [ 12   2   1   5   3  38   7]
 [ 14   7   0  32   0   8  41]]

CRF
Classification_report:
             precision    recall  f1-score   support

          B       0.84      0.94      0.88       179
          C       0.43      0.15      0.22        20
          G       0.80      0.56      0.66        36
          M       0.51      0.37      0.43        59
          O       0.00      0.00      0.00         1
          P       0.83      0.72      0.77        68
          R       0.55      0.71      0.62       102

avg / total       0.71      0.72      0.70       465

CRF 2.0
Classification_report:
             precision    recall  f1-score   support

          B       0.64      0.66      0.65       179
          C       0.50      0.30      0.37        20
          G       0.27      0.19      0.23        36
          M       0.36      0.37      0.37        59
          O       0.00      0.00      0.00         1
          P       0.51      0.50      0.50        68
          R       0.39      0.44      0.42       102

avg / total       0.50      0.50      0.50       465


SVM RBF
Classification_report:
             precision    recall  f1-score   support

          B       0.31      1.00      0.47       256
          C       0.00      0.00      0.00        40
          G       0.00      0.00      0.00        72
          M       0.00      0.00      0.00       104
          O       0.00      0.00      0.00         7
          P       0.00      0.00      0.00       133
          R       0.00      0.00      0.00       219

avg / total       0.09      0.31      0.15       831

[[256   0   0   0   0   0   0]
 [ 40   0   0   0   0   0   0]
 [ 72   0   0   0   0   0   0]
 [104   0   0   0   0   0   0]
 [  7   0   0   0   0   0   0]
 [133   0   0   0   0   0   0]
 [219   0   0   0   0   0   0]]

SVM linear
Classification_report:
             precision    recall  f1-score   support

          B       0.51      0.59      0.54       256
          C       0.10      0.10      0.10        40
          G       0.33      0.31      0.32        72
          M       0.33      0.33      0.33       104
          O       0.40      0.29      0.33         7
          P       0.65      0.61      0.63       133
          R       0.48      0.43      0.45       219

avg / total       0.46      0.47      0.46       831

[[150  13  32  21   0   5  35]
 [ 15   4   4   0   0   6  11]
 [ 42   1  22   0   0   2   5]
 [ 22   2   0  34   0   9  37]
 [  0   0   0   0   2   3   2]
 [ 17   6   5  13   0  81  11]
 [ 50  14   3  36   3  19  94]]

KNN
Classification_report:
             precision    recall  f1-score   support

          B       0.38      0.56      0.45       256
          C       0.12      0.10      0.11        40
          G       0.20      0.14      0.17        72
          M       0.16      0.16      0.16       104
          O       0.00      0.00      0.00         7
          P       0.49      0.38      0.43       133
          R       0.32      0.23      0.27       219

avg / total       0.32      0.33      0.32       831

[[144  10  14  34   0  12  42]
 [ 14   4   3   4   0   4  11]
 [ 47   0  10   8   0   2   5]
 [ 41   0   2  17   1   8  35]
 [  2   0   0   1   0   1   3]
 [ 42   7  10  14   0  50  10]
 [ 92  12  10  29   0  25  51]]

NB Gaussian
Classification_report:
             precision    recall  f1-score   support

          B       0.57      0.44      0.50       256
          C       0.11      0.23      0.15        40
          G       0.29      0.36      0.32        72
          M       0.20      0.38      0.26       104
          O       0.00      0.00      0.00         7
          P       0.42      0.44      0.43       133
          R       0.40      0.25      0.31       219

avg / total       0.41      0.36      0.37       831

[[112  17  41  47   0  20  19]
 [  5   9   4   2   0   7  13]
 [ 25   6  26   4   0   6   5]
 [ 11   3   6  39   0  17  28]
 [  0   0   0   0   0   2   5]
 [ 12  22   3  28   0  58  10]
 [ 30  27   9  71   1  27  54]]

NB Bernoulli
Classification_report:
             precision    recall  f1-score   support

          B       0.58      0.39      0.47       256
          C       0.16      0.23      0.19        40
          G       0.28      0.51      0.36        72
          M       0.26      0.32      0.29       104
          O       0.25      0.43      0.32         7
          P       0.44      0.62      0.51       133
          R       0.44      0.28      0.34       219

avg / total       0.43      0.39      0.40       831

[[101  15  58  27   1  31  23]
 [  3   9   7   4   1  11   5]
 [ 19   7  37   3   0   2   4]
 [ 12   4   3  33   2  19  31]
 [  0   0   0   0   3   2   2]
 [  7   7   8  12   3  83  13]
 [ 32  15  19  48   2  42  61]]

DT
Classification_report:
             precision    recall  f1-score   support

          B       0.60      0.61      0.61       256
          C       0.08      0.07      0.08        40
          G       0.33      0.38      0.35        72
          M       0.21      0.22      0.22       104
          O       0.00      0.00      0.00         7
          P       0.49      0.44      0.46       133
          R       0.48      0.47      0.48       219

avg / total       0.45      0.45      0.45       831

[[157   9  22  17   3  20  28]
 [ 10   3   2   9   0   3  13]
 [ 22   1  27   6   0   9   7]
 [ 20   6   6  23   0  11  38]
 [  0   0   1   2   0   1   3]
 [ 25   5  11   9   3  58  22]
 [ 29  13  12  43   2  17 103]]

CRF
Classification_report:
             precision    recall  f1-score   support

          B       0.75      0.84      0.79       256
          C       0.65      0.28      0.39        40
          G       0.60      0.49      0.54        72
          M       0.41      0.25      0.31       104
          O       0.00      0.00      0.00         7
          P       0.69      0.57      0.63       133
          R       0.53      0.71      0.60       219

avg / total       0.62      0.62      0.61       831

CRF 2.0
Classification_report:
             precision    recall  f1-score   support

          B       0.64      0.65      0.65       256
          C       0.33      0.25      0.29        40
          G       0.50      0.40      0.45        72
          M       0.32      0.38      0.35       104
          O       0.00      0.00      0.00         7
          P       0.59      0.60      0.60       133
          R       0.51      0.52      0.52       219

avg / total       0.53      0.53      0.53       831
