SVM RBF
Classification_report:
             precision    recall  f1-score   support

          B       0.47      0.47      0.47        77
          C       0.00      0.00      0.00        20
          G       0.00      0.00      0.00        36
          M       1.00      0.04      0.09        45
          O       0.00      0.00      0.00         6
          P       0.69      0.52      0.60        65
          R       0.41      0.85      0.56       117

avg / total       0.48      0.47      0.39       366

[[36  0  0  0  0  5 36]
 [ 3  0  0  0  0  2 15]
 [15  0  0  0  0  1 20]
 [ 2  0  0  2  0  1 40]
 [ 0  0  0  0  0  2  4]
 [ 6  0  0  0  0 34 25]
 [14  0  0  0  0  4 99]]

SVM linear
Classification_report:
             precision    recall  f1-score   support

          B       0.38      0.47      0.42        77
          C       0.29      0.25      0.27        20
          G       0.54      0.36      0.43        36
          M       0.26      0.24      0.25        45
          O       0.00      0.00      0.00         6
          P       0.65      0.62      0.63        65
          R       0.44      0.47      0.45       117

avg / total       0.44      0.44      0.43       366

[[36  3  6  6  0  4 22]
 [ 6  5  0  0  0  2  7]
 [12  0 13  2  0  1  8]
 [ 7  0  0 11  0  4 23]
 [ 0  1  0  0  0  4  1]
 [ 6  2  4  4  0 40  9]
 [28  6  1 20  0  7 55]]

KNN
Classification_report:
             precision    recall  f1-score   support

          B       0.29      0.43      0.35        77
          C       0.24      0.20      0.22        20
          G       0.30      0.19      0.24        36
          M       0.14      0.18      0.16        45
          O       1.00      0.17      0.29         6
          P       0.45      0.42      0.43        65
          R       0.37      0.30      0.33       117

avg / total       0.34      0.31      0.31       366

[[33  3  4 10  0 12 15]
 [ 7  4  1  2  0  1  5]
 [ 6  1  7  7  0  4 11]
 [12  2  0  8  0  5 18]
 [ 0  1  0  0  1  2  2]
 [17  1  3  8  0 27  9]
 [39  5  8 21  0  9 35]]

NB Gaussian
Classification_report:
             precision    recall  f1-score   support

          B       0.47      0.23      0.31        77
          C       0.19      0.30      0.23        20
          G       0.25      0.08      0.12        36
          M       0.30      0.24      0.27        45
          O       0.00      0.00      0.00         6
          P       0.41      0.43      0.42        65
          R       0.40      0.62      0.49       117

avg / total       0.37      0.38      0.35       366

[[18  5  7  4  0 11 32]
 [ 2  6  0  0  0  3  9]
 [ 6  4  3  3  0  5 15]
 [ 1  3  0 11  0  4 26]
 [ 0  0  0  0  0  2  4]
 [ 0  9  1  7  0 28 20]
 [11  5  1 12  0 16 72]]

NB Bernoulli
Classification_report:
             precision    recall  f1-score   support

          B       0.43      0.43      0.43        77
          C       0.20      0.15      0.17        20
          G       0.39      0.31      0.34        36
          M       0.26      0.31      0.29        45
          O       0.00      0.00      0.00         6
          P       0.56      0.62      0.58        65
          R       0.43      0.44      0.44       117

avg / total       0.41      0.42      0.41       366

[[33  3 10  4  0  6 21]
 [ 3  3  2  0  0  4  8]
 [12  1 11  3  0  2  7]
 [ 5  0  0 14  0  6 20]
 [ 0  0  0  0  0  4  2]
 [ 3  3  2  7  0 40 10]
 [21  5  3 25  1 10 52]]

DT
Classification_report:
             precision    recall  f1-score   support

          B       0.29      0.26      0.27        77
          C       0.06      0.05      0.05        20
          G       0.18      0.22      0.20        36
          M       0.15      0.13      0.14        45
          O       0.11      0.17      0.13         6
          P       0.30      0.32      0.31        65
          R       0.41      0.40      0.41       117

avg / total       0.29      0.28      0.28       366

[[20  4  4  7  3 15 24]
 [ 2  1  1  4  0  5  7]
 [ 9  2  8  1  0  5 11]
 [ 6  3  5  6  0 10 15]
 [ 0  0  1  0  1  2  2]
 [ 8  2  9 13  4 21  8]
 [24  6 16 10  1 13 47]]

CRF
Classification_report:
             precision    recall  f1-score   support

          B       0.51      0.52      0.52        77
          C       0.54      0.35      0.42        20
          G       0.34      0.28      0.31        36
          M       0.21      0.16      0.18        45
          O       0.00      0.00      0.00         6
          P       0.57      0.49      0.53        65
          R       0.48      0.60      0.53       117

avg / total       0.45      0.45      0.45       366

CRF 2.0
Classification_report:
             precision    recall  f1-score   support

          B       0.61      0.61      0.61        77
          C       0.57      0.20      0.30        20
          G       0.47      0.22      0.30        36
          M       0.35      0.29      0.32        45
          O       0.00      0.00      0.00         6
          P       0.77      0.71      0.74        65
          R       0.54      0.77      0.63       117

avg / total       0.56      0.57      0.55       366


SVM RBF
Classification_report:
             precision    recall  f1-score   support

          B       0.63      0.97      0.77       179
          C       0.00      0.00      0.00        20
          G       0.00      0.00      0.00        36
          M       0.50      0.02      0.03        59
          O       0.00      0.00      0.00         1
          P       0.78      0.37      0.50        68
          R       0.52      0.80      0.63       102

avg / total       0.54      0.60      0.51       465

[[173   0   0   0   0   0   6]
 [  0   0   0   0   0   1  19]
 [ 36   0   0   0   0   0   0]
 [ 14   0   0   1   0   3  41]
 [  0   0   0   0   0   1   0]
 [ 33   0   0   0   0  25  10]
 [ 17   0   0   1   0   2  82]]

SVM linear
Classification_report:
             precision    recall  f1-score   support

          B       0.70      0.77      0.73       179
          C       0.60      0.15      0.24        20
          G       0.39      0.31      0.34        36
          M       0.36      0.36      0.36        59
          O       0.00      0.00      0.00         1
          P       0.62      0.60      0.61        68
          R       0.51      0.56      0.54       102

avg / total       0.57      0.58      0.57       465

[[137   0  17   6   0  10   9]
 [  1   3   0   3   0   2  11]
 [ 22   0  11   0   0   2   1]
 [  9   0   0  21   0   4  25]
 [  0   0   0   0   0   1   0]
 [ 17   1   0   1   0  41   8]
 [ 10   1   0  28   0   6  57]]

KNN
Classification_report:
             precision    recall  f1-score   support

          B       0.56      0.72      0.63       179
          C       0.11      0.05      0.07        20
          G       0.27      0.11      0.16        36
          M       0.25      0.31      0.27        59
          O       0.00      0.00      0.00         1
          P       0.47      0.54      0.51        68
          R       0.46      0.27      0.34       102

avg / total       0.44      0.47      0.44       465

[[129   4   4  17   0  23   2]
 [  6   1   0   4   0   1   8]
 [ 20   0   4   3   0   8   1]
 [ 19   0   3  18   0   2  17]
 [  0   0   0   0   0   1   0]
 [ 19   0   1   6   0  37   5]
 [ 37   4   3  24   0   6  28]]

NB Gaussian
Classification_report:
             precision    recall  f1-score   support

          B       0.51      0.65      0.57       179
          C       0.12      0.10      0.11        20
          G       0.40      0.28      0.33        36
          M       0.38      0.34      0.36        59
          O       0.00      0.00      0.00         1
          P       0.31      0.44      0.37        68
          R       0.34      0.17      0.22       102

avg / total       0.40      0.42      0.40       465

[[116   2  14   6   0  30  11]
 [  6   2   0   3   0   5   4]
 [ 22   0  10   1   0   2   1]
 [ 18   3   1  20   0   6  11]
 [  0   0   0   1   0   0   0]
 [ 29   0   0   3   0  30   6]
 [ 35   9   0  18   0  23  17]]

NB Bernoulli
Classification_report:
             precision    recall  f1-score   support

          B       0.56      0.54      0.55       179
          C       0.09      0.05      0.06        20
          G       0.26      0.28      0.27        36
          M       0.32      0.41      0.36        59
          O       0.00      0.00      0.00         1
          P       0.52      0.63      0.57        68
          R       0.40      0.33      0.37       102

avg / total       0.45      0.45      0.45       465

[[97  4 25 18  1 16 18]
 [ 8  1  0  2  0  4  5]
 [21  0 10  2  0  1  2]
 [12  1  1 24  0  5 16]
 [ 0  0  0  1  0  0  0]
 [ 9  1  1  4  1 43  9]
 [25  4  1 24  0 14 34]]

DT
Classification_report:
             precision    recall  f1-score   support

          B       0.73      0.71      0.72       179
          C       0.12      0.15      0.13        20
          G       0.47      0.50      0.49        36
          M       0.35      0.32      0.34        59
          O       0.00      0.00      0.00         1
          P       0.60      0.57      0.59        68
          R       0.43      0.46      0.44       102

avg / total       0.55      0.54      0.55       465

[[127   5  20   4   0  16   7]
 [  0   3   0   5   0   1  11]
 [ 15   0  18   0   0   1   2]
 [  6   3   0  19   0   1  30]
 [  0   0   0   0   0   1   0]
 [ 14   0   0   2   0  39  13]
 [ 11  14   0  24   0   6  47]]

CRF
Classification_report:
             precision    recall  f1-score   support

          B       0.83      0.93      0.88       179
          C       0.33      0.15      0.21        20
          G       0.77      0.56      0.65        36
          M       0.56      0.41      0.47        59
          O       0.00      0.00      0.00         1
          P       0.83      0.72      0.77        68
          R       0.56      0.70      0.62       102

avg / total       0.71      0.72      0.71       465

CRF 2.0
Classification_report:
             precision    recall  f1-score   support

          B       0.99      1.00      1.00       179
          C       0.57      0.20      0.30        20
          G       1.00      0.97      0.99        36
          M       0.88      0.90      0.89        59
          O       0.00      0.00      0.00         1
          P       0.93      0.94      0.93        68
          R       0.82      0.91      0.86       102

avg / total       0.91      0.92      0.91       465


SVM RBF
Classification_report:
             precision    recall  f1-score   support

          B       0.59      0.86      0.70       256
          C       0.00      0.00      0.00        40
          G       0.00      0.00      0.00        72
          M       1.00      0.01      0.02       104
          O       0.00      0.00      0.00         7
          P       0.73      0.62      0.67       133
          R       0.49      0.78      0.60       219

avg / total       0.55      0.57      0.48       831

[[219   0   0   0   0   5  32]
 [  5   0   0   0   0   4  31]
 [ 64   0   0   0   0   0   8]
 [ 20   0   0   1   0   5  78]
 [  0   0   0   0   0   3   4]
 [ 29   0   0   0   0  82  22]
 [ 36   0   0   0   0  13 170]]

SVM linear
Classification_report:
             precision    recall  f1-score   support

          B       0.58      0.65      0.61       256
          C       0.27      0.23      0.25        40
          G       0.38      0.33      0.35        72
          M       0.34      0.35      0.34       104
          O       0.00      0.00      0.00         7
          P       0.64      0.60      0.62       133
          R       0.50      0.49      0.50       219

avg / total       0.50      0.51      0.50       831

[[166   4  32  17   0   9  28]
 [  8   9   1   2   0   4  16]
 [ 37   2  24   2   0   1   6]
 [ 18   2   1  36   0   9  38]
 [  0   1   0   0   0   3   3]
 [ 21   6   3   6   0  80  17]
 [ 37   9   3  42   1  19 108]]

KNN
Classification_report:
             precision    recall  f1-score   support

          B       0.45      0.54      0.49       256
          C       0.18      0.15      0.16        40
          G       0.28      0.17      0.21        72
          M       0.15      0.21      0.17       104
          O       0.00      0.00      0.00         7
          P       0.46      0.50      0.48       133
          R       0.43      0.30      0.35       219

avg / total       0.38      0.37      0.37       831

[[138   6  13  47   0  35  17]
 [ 12   6   2   3   0   1  16]
 [ 37   1  12   7   1   9   5]
 [ 31   4   3  22   0  11  33]
 [  0   1   1   1   0   2   2]
 [ 31   4   4  13   1  66  14]
 [ 60  11   8  56   1  18  65]]

NB Gaussian
Classification_report:
             precision    recall  f1-score   support

          B       0.56      0.51      0.53       256
          C       0.07      0.15      0.10        40
          G       0.38      0.32      0.35        72
          M       0.24      0.25      0.25       104
          O       0.00      0.00      0.00         7
          P       0.42      0.54      0.47       133
          R       0.47      0.37      0.42       219

avg / total       0.43      0.41      0.42       831

[[131  23  29  23   0  30  20]
 [  8   6   0   1   0  10  15]
 [ 29   3  23   4   0   5   8]
 [ 16   7   3  26   0  19  33]
 [  1   0   0   1   0   2   3]
 [ 22  14   1   9   0  72  15]
 [ 27  27   4  44   0  35  82]]

NB Bernoulli
Classification_report:
             precision    recall  f1-score   support

          B       0.52      0.51      0.51       256
          C       0.09      0.07      0.08        40
          G       0.31      0.29      0.30        72
          M       0.28      0.28      0.28       104
          O       0.00      0.00      0.00         7
          P       0.52      0.63      0.57       133
          R       0.41      0.39      0.40       219

avg / total       0.42      0.42      0.42       831

[[130   9  34  17   0  23  43]
 [ 11   3   2   3   1  10  10]
 [ 34   2  21   3   0   3   9]
 [ 19   1   1  29   0  13  41]
 [  0   0   0   0   0   4   3]
 [ 14   3   4   7   1  84  20]
 [ 42  14   5  43   3  26  86]]

DT
Classification_report:
             precision    recall  f1-score   support

          B       0.59      0.57      0.58       256
          C       0.07      0.07      0.07        40
          G       0.29      0.29      0.29        72
          M       0.17      0.15      0.16       104
          O       0.00      0.00      0.00         7
          P       0.45      0.49      0.47       133
          R       0.43      0.43      0.43       219

avg / total       0.42      0.42      0.42       831

[[147   6  24  11   1  30  37]
 [  6   3   1   6   1   5  18]
 [ 23   1  21   8   1   6  12]
 [ 19   7  10  16   0  12  40]
 [  3   0   1   2   0   1   0]
 [ 21   2   6  15   4  65  20]
 [ 30  22   9  37   0  27  94]]

CRF
Classification_report:
             precision    recall  f1-score   support

          B       0.73      0.84      0.78       256
          C       0.78      0.35      0.48        40
          G       0.59      0.49      0.53        72
          M       0.42      0.23      0.30       104
          O       0.00      0.00      0.00         7
          P       0.75      0.61      0.67       133
          R       0.52      0.70      0.60       219

avg / total       0.62      0.63      0.61       831

CRF 2.0
Classification_report:
             precision    recall  f1-score   support

          B       0.85      0.89      0.87       256
          C       0.30      0.17      0.22        40
          G       0.77      0.68      0.72        72
          M       0.56      0.50      0.53       104
          O       0.00      0.00      0.00         7
          P       0.79      0.74      0.76       133
          R       0.67      0.79      0.72       219

avg / total       0.71      0.73      0.72       831
