SVM RBF
Classification_report:
             precision    recall  f1-score   support

          B       0.43      0.43      0.43        77
          C       0.00      0.00      0.00        20
          G       0.00      0.00      0.00        36
          M       0.00      0.00      0.00        45
          O       0.00      0.00      0.00         6
          P       0.67      0.48      0.56        65
          R       0.40      0.84      0.54       117

avg / total       0.34      0.44      0.36       366

[[33  0  0  0  0  4 40]
 [ 2  0  0  0  0  2 16]
 [17  0  0  0  0  1 18]
 [ 2  0  0  0  0  2 41]
 [ 0  0  0  0  0  3  3]
 [ 7  0  0  0  0 31 27]
 [16  0  0  0  0  3 98]]

SVM linear
Classification_report:
             precision    recall  f1-score   support

          B       0.39      0.45      0.42        77
          C       0.31      0.25      0.28        20
          G       0.52      0.36      0.43        36
          M       0.20      0.22      0.21        45
          O       0.00      0.00      0.00         6
          P       0.57      0.60      0.59        65
          R       0.47      0.48      0.47       117

avg / total       0.43      0.43      0.43       366

[[35  3  7  6  0  4 22]
 [ 6  5  0  0  0  4  5]
 [12  1 13  2  0  1  7]
 [ 8  0  0 10  0  5 22]
 [ 0  0  0  0  0  5  1]
 [ 7  3  3  7  0 39  6]
 [21  4  2 24  0 10 56]]

KNN
Classification_report:
             precision    recall  f1-score   support

          B       0.30      0.42      0.35        77
          C       0.38      0.25      0.30        20
          G       0.38      0.28      0.32        36
          M       0.22      0.36      0.27        45
          O       0.00      0.00      0.00         6
          P       0.48      0.37      0.42        65
          R       0.43      0.36      0.39       117

avg / total       0.37      0.35      0.35       366

[[32  2  6 11  0 10 16]
 [ 4  5  0  2  0  1  8]
 [10  3 10  2  0  3  8]
 [10  0  0 16  0  3 16]
 [ 0  0  1  0  0  2  3]
 [21  1  4 11  0 24  4]
 [29  2  5 32  0  7 42]]

NB Gaussian
Classification_report:
             precision    recall  f1-score   support

          B       0.64      0.23      0.34        77
          C       0.16      0.35      0.22        20
          G       0.25      0.14      0.18        36
          M       0.24      0.27      0.26        45
          O       0.00      0.00      0.00         6
          P       0.36      0.29      0.32        65
          R       0.39      0.56      0.46       117

avg / total       0.39      0.35      0.34       366

[[18  8  7  6  0  9 29]
 [ 0  7  2  1  0  1  9]
 [ 5  6  5  1  0  4 15]
 [ 0  3  1 12  0  3 26]
 [ 0  0  0  0  0  1  5]
 [ 0 12  3 10  0 19 21]
 [ 5  9  2 19  0 16 66]]

NB Bernoulli
Classification_report:
             precision    recall  f1-score   support

          B       0.45      0.40      0.42        77
          C       0.26      0.25      0.26        20
          G       0.33      0.31      0.32        36
          M       0.24      0.31      0.27        45
          O       0.50      0.17      0.25         6
          P       0.54      0.63      0.58        65
          R       0.46      0.43      0.44       117

avg / total       0.42      0.42      0.42       366

[[31  4 12 10  0  7 13]
 [ 4  5  0  0  0  5  6]
 [12  1 11  0  0  4  8]
 [ 4  1  3 14  0  5 18]
 [ 0  2  0  0  1  2  1]
 [ 0  2  4  6  0 41 12]
 [18  4  3 29  1 12 50]]

DT
Classification_report:
             precision    recall  f1-score   support

          B       0.26      0.27      0.27        77
          C       0.22      0.20      0.21        20
          G       0.11      0.08      0.09        36
          M       0.10      0.11      0.10        45
          O       0.00      0.00      0.00         6
          P       0.29      0.34      0.31        65
          R       0.34      0.31      0.32       117

avg / total       0.25      0.25      0.25       366

[[21  2  9  5  0 15 25]
 [ 4  4  2  4  0  4  2]
 [ 8  2  3  3  1  8 11]
 [10  1  2  5  1  9 17]
 [ 1  0  0  2  0  1  2]
 [15  3  4  9  0 22 12]
 [22  6  8 23  4 18 36]]

CRF
Classification_report:
             precision    recall  f1-score   support

          B       0.55      0.49      0.52        77
          C       0.40      0.30      0.34        20
          G       0.36      0.28      0.31        36
          M       0.26      0.22      0.24        45
          O       0.00      0.00      0.00         6
          P       0.58      0.45      0.50        65
          R       0.48      0.63      0.55       117

avg / total       0.46      0.46      0.45       366

CRF 2.0
Classification_report:
             precision    recall  f1-score   support

          B       0.56      0.57      0.56        77
          C       0.33      0.10      0.15        20
          G       0.33      0.25      0.29        36
          M       0.29      0.20      0.24        45
          O       0.00      0.00      0.00         6
          P       0.67      0.57      0.62        65
          R       0.52      0.74      0.61       117

avg / total       0.49      0.51      0.49       366


SVM RBF
Classification_report:
             precision    recall  f1-score   support

          B       0.62      0.96      0.75       179
          C       0.00      0.00      0.00        20
          G       0.00      0.00      0.00        36
          M       0.75      0.05      0.10        59
          O       0.00      0.00      0.00         1
          P       0.86      0.35      0.50        68
          R       0.50      0.75      0.60       102

avg / total       0.57      0.59      0.50       465

[[171   0   0   0   0   0   8]
 [  0   0   0   0   0   0  20]
 [ 36   0   0   0   0   0   0]
 [ 14   0   0   3   0   2  40]
 [  1   0   0   0   0   0   0]
 [ 34   0   0   0   0  24  10]
 [ 22   0   0   1   0   2  77]]

SVM linear
Classification_report:
             precision    recall  f1-score   support

          B       0.72      0.75      0.74       179
          C       0.23      0.15      0.18        20
          G       0.41      0.31      0.35        36
          M       0.37      0.41      0.39        59
          O       0.00      0.00      0.00         1
          P       0.61      0.65      0.63        68
          R       0.49      0.48      0.49       102

avg / total       0.56      0.57      0.57       465

[[135   1  16   7   0  13   7]
 [  1   3   0   3   0   2  11]
 [ 23   0  11   0   0   1   1]
 [  8   1   0  24   0   4  22]
 [  0   0   0   0   0   1   0]
 [ 10   2   0   2   0  44  10]
 [ 11   6   0  29   0   7  49]]

KNN
Classification_report:
             precision    recall  f1-score   support

          B       0.50      0.70      0.59       179
          C       0.08      0.05      0.06        20
          G       0.15      0.08      0.11        36
          M       0.25      0.25      0.25        59
          O       0.00      0.00      0.00         1
          P       0.52      0.43      0.47        68
          R       0.38      0.25      0.31       102

avg / total       0.40      0.43      0.40       465

[[125   4  12  11   0  18   9]
 [  9   1   0   2   0   1   7]
 [ 28   0   3   1   0   3   1]
 [ 24   1   1  15   0   0  18]
 [  0   0   0   0   0   0   1]
 [ 23   1   3   6   0  29   6]
 [ 39   6   1  25   0   5  26]]

NB Gaussian
Classification_report:
             precision    recall  f1-score   support

          B       0.54      0.66      0.60       179
          C       0.14      0.15      0.14        20
          G       0.33      0.22      0.27        36
          M       0.31      0.32      0.32        59
          O       0.00      0.00      0.00         1
          P       0.37      0.47      0.41        68
          R       0.29      0.15      0.20       102

avg / total       0.40      0.42      0.40       465

[[119   2  16  10   0  22  10]
 [  6   3   0   4   0   4   3]
 [ 23   0   8   1   0   1   3]
 [ 17   5   0  19   0   6  12]
 [  0   0   0   0   0   0   1]
 [ 23   1   0   5   0  32   7]
 [ 32  11   0  22   0  22  15]]

NB Bernoulli
Classification_report:
             precision    recall  f1-score   support

          B       0.55      0.46      0.50       179
          C       0.05      0.05      0.05        20
          G       0.20      0.22      0.21        36
          M       0.28      0.37      0.32        59
          O       0.00      0.00      0.00         1
          P       0.44      0.57      0.50        68
          R       0.37      0.30      0.33       102

avg / total       0.41      0.40      0.40       465

[[83 10 24 17  0 19 26]
 [ 5  1  1  4  0  4  5]
 [22  0  8  4  0  0  2]
 [11  5  1 22  0  9 11]
 [ 0  0  0  1  0  0  0]
 [ 8  2  1  9  0 39  9]
 [22  3  5 23  0 18 31]]

DT
Classification_report:
             precision    recall  f1-score   support

          B       0.76      0.71      0.73       179
          C       0.33      0.25      0.29        20
          G       0.51      0.61      0.56        36
          M       0.38      0.46      0.42        59
          O       0.00      0.00      0.00         1
          P       0.57      0.59      0.58        68
          R       0.53      0.51      0.52       102

avg / total       0.59      0.59      0.59       465

[[127   2  18   7   0  15  10]
 [  0   5   0   6   0   1   8]
 [ 12   0  22   0   0   1   1]
 [  5   3   0  27   0   4  20]
 [  0   0   0   0   0   1   0]
 [ 13   1   2   5   0  40   7]
 [ 11   4   1  26   0   8  52]]

CRF
Classification_report:
             precision    recall  f1-score   support

          B       0.83      0.95      0.89       179
          C       0.38      0.15      0.21        20
          G       0.79      0.53      0.63        36
          M       0.47      0.37      0.42        59
          O       0.00      0.00      0.00         1
          P       0.83      0.72      0.77        68
          R       0.57      0.69      0.62       102

avg / total       0.70      0.72      0.70       465

CRF 2.0
Classification_report:
             precision    recall  f1-score   support

          B       0.97      1.00      0.98       179
          C       0.60      0.30      0.40        20
          G       1.00      0.94      0.97        36
          M       0.86      0.81      0.83        59
          O       0.00      0.00      0.00         1
          P       0.92      0.90      0.91        68
          R       0.81      0.90      0.85       102

avg / total       0.90      0.90      0.90       465


SVM RBF
Classification_report:
             precision    recall  f1-score   support

          B       0.58      0.84      0.69       256
          C       0.00      0.00      0.00        40
          G       1.00      0.01      0.03        72
          M       1.00      0.04      0.07       104
          O       0.00      0.00      0.00         7
          P       0.72      0.59      0.65       133
          R       0.48      0.76      0.59       219

avg / total       0.63      0.56      0.48       831

[[216   0   0   0   0   4  36]
 [  4   0   0   0   0   3  33]
 [ 63   0   1   0   0   2   6]
 [ 19   0   0   4   0   5  76]
 [  0   0   0   0   0   4   3]
 [ 31   0   0   0   0  78  24]
 [ 40   0   0   0   0  12 167]]

SVM linear
Classification_report:
             precision    recall  f1-score   support

          B       0.57      0.61      0.59       256
          C       0.28      0.28      0.28        40
          G       0.36      0.35      0.35        72
          M       0.31      0.32      0.31       104
          O       0.00      0.00      0.00         7
          P       0.58      0.58      0.58       133
          R       0.53      0.50      0.52       219

avg / total       0.49      0.50      0.49       831

[[157   3  36  19   0  11  30]
 [  7  11   1   2   0   7  12]
 [ 38   1  25   4   0   1   3]
 [ 20   3   1  33   0  11  36]
 [  0   1   0   0   0   3   3]
 [ 22  10   4   6   0  77  14]
 [ 30  10   2  42   2  23 110]]

KNN
Classification_report:
             precision    recall  f1-score   support

          B       0.45      0.58      0.51       256
          C       0.11      0.07      0.09        40
          G       0.22      0.21      0.21        72
          M       0.23      0.25      0.24       104
          O       0.00      0.00      0.00         7
          P       0.47      0.42      0.44       133
          R       0.38      0.30      0.33       219

avg / total       0.37      0.38      0.37       831

[[149   7  19  20   0  29  32]
 [ 10   3   3   5   0   4  15]
 [ 36   3  15   2   0   6  10]
 [ 31   2   4  26   0   6  35]
 [  0   0   1   1   0   3   2]
 [ 40   3   9  11   0  56  14]
 [ 63  10  18  47   0  16  65]]

NB Gaussian
Classification_report:
             precision    recall  f1-score   support

          B       0.54      0.49      0.51       256
          C       0.13      0.28      0.18        40
          G       0.25      0.28      0.26        72
          M       0.20      0.26      0.22       104
          O       0.00      0.00      0.00         7
          P       0.42      0.44      0.43       133
          R       0.39      0.29      0.33       219

avg / total       0.39      0.37      0.37       831

[[125  21  36  32   0  19  23]
 [  9  11   2   1   0   5  12]
 [ 29   5  20   4   0   5   9]
 [ 15   3  10  27   0  17  32]
 [  0   0   0   0   0   2   5]
 [ 20  20   2  17   0  58  16]
 [ 33  24  10  56   0  33  63]]

NB Bernoulli
Classification_report:
             precision    recall  f1-score   support

          B       0.50      0.41      0.45       256
          C       0.14      0.20      0.16        40
          G       0.26      0.32      0.29        72
          M       0.22      0.21      0.21       104
          O       0.10      0.14      0.12         7
          P       0.46      0.62      0.53       133
          R       0.37      0.30      0.33       219

avg / total       0.38      0.37      0.37       831

[[106  14  47  21   2  28  38]
 [  8   8   1   3   2   8  10]
 [ 31   4  23   1   0   5   8]
 [ 18   6   2  22   1  17  38]
 [  0   1   0   0   1   2   3]
 [  8   9   5  10   2  83  16]
 [ 42  15  11  44   2  39  66]]

DT
Classification_report:
             precision    recall  f1-score   support

          B       0.61      0.61      0.61       256
          C       0.06      0.05      0.05        40
          G       0.30      0.36      0.33        72
          M       0.21      0.21      0.21       104
          O       0.00      0.00      0.00         7
          P       0.46      0.42      0.44       133
          R       0.38      0.39      0.39       219

avg / total       0.42      0.42      0.42       831

[[155   8  24  17   2  15  35]
 [  6   2   1   4   0   6  21]
 [ 23   2  26   5   1   5  10]
 [ 13   2  11  22   1  16  39]
 [  0   0   1   2   0   3   1]
 [ 22   1   6  16   2  56  30]
 [ 37  20  17  38   2  20  85]]

CRF
Classification_report:
             precision    recall  f1-score   support

          B       0.73      0.82      0.77       256
          C       0.71      0.30      0.42        40
          G       0.59      0.49      0.53        72
          M       0.38      0.22      0.28       104
          O       0.00      0.00      0.00         7
          P       0.72      0.59      0.65       133
          R       0.53      0.69      0.60       219

avg / total       0.61      0.61      0.60       831

CRF 2.0
Classification_report:
             precision    recall  f1-score   support

          B       0.85      0.89      0.87       256
          C       0.41      0.28      0.33        40
          G       0.77      0.71      0.74        72
          M       0.62      0.49      0.55       104
          O       0.00      0.00      0.00         7
          P       0.76      0.74      0.75       133
          R       0.64      0.76      0.70       219

avg / total       0.72      0.73      0.72       831
