SVM RBF
Classification_report:
             precision    recall  f1-score   support

          B       0.40      0.47      0.43        77
          C       0.00      0.00      0.00        20
          G       0.62      0.14      0.23        36
          M       0.00      0.00      0.00        45
          O       0.00      0.00      0.00         6
          P       0.53      0.40      0.46        65
          R       0.41      0.76      0.53       117

avg / total       0.37      0.43      0.36       366

[[36  0  0  0  0  4 37]
 [ 4  0  0  0  0  0 16]
 [14  0  5  0  0  3 14]
 [ 7  0  0  0  0  7 31]
 [ 0  0  0  0  0  1  5]
 [11  0  1  2  0 26 25]
 [17  0  2  1  0  8 89]]

SVM linear
Classification_report:
             precision    recall  f1-score   support

          B       0.35      0.44      0.39        77
          C       0.13      0.20      0.16        20
          G       0.22      0.25      0.23        36
          M       0.16      0.16      0.16        45
          O       0.50      0.33      0.40         6
          P       0.44      0.34      0.38        65
          R       0.45      0.38      0.41       117

avg / total       0.35      0.34      0.34       366

[[34  6 13  4  1  5 14]
 [ 5  4  0  0  0  3  8]
 [13  3  9  2  1  3  5]
 [ 7  1  3  7  0  9 18]
 [ 0  0  0  2  2  1  1]
 [15  4  8  7  0 22  9]
 [23 13  8 21  0  7 45]]

KNN
Classification_report:
             precision    recall  f1-score   support

          B       0.29      0.42      0.34        77
          C       0.20      0.15      0.17        20
          G       0.26      0.25      0.25        36
          M       0.13      0.13      0.13        45
          O       0.00      0.00      0.00         6
          P       0.44      0.37      0.40        65
          R       0.46      0.40      0.43       117

avg / total       0.34      0.33      0.33       366

[[32  6 12  5  1  8 13]
 [ 6  3  0  2  0  0  9]
 [13  1  9  2  0  5  6]
 [15  1  2  6  0  8 13]
 [ 1  0  0  2  0  0  3]
 [14  0  7  8  1 24 11]
 [31  4  5 21  0  9 47]]

NB Gaussian
Classification_report:
             precision    recall  f1-score   support

          B       0.70      0.09      0.16        77
          C       0.18      0.35      0.24        20
          G       0.20      0.03      0.05        36
          M       0.12      0.16      0.14        45
          O       0.17      0.17      0.17         6
          P       0.30      0.48      0.37        65
          R       0.39      0.49      0.44       117

avg / total       0.37      0.30      0.28       366

[[ 7  5  4  9  0 20 32]
 [ 0  7  0  2  0  3  8]
 [ 1  5  1  4  0 13 12]
 [ 0  3  0  7  0 14 21]
 [ 0  0  0  1  1  1  3]
 [ 0  9  0 12  1 31 12]
 [ 2  9  0 23  4 22 57]]

NB Bernoulli
Classification_report:
             precision    recall  f1-score   support

          B       0.40      0.34      0.37        77
          C       0.10      0.05      0.07        20
          G       0.23      0.19      0.21        36
          M       0.29      0.18      0.22        45
          O       0.00      0.00      0.00         6
          P       0.36      0.49      0.42        65
          R       0.43      0.52      0.47       117

avg / total       0.35      0.37      0.35       366

[[26  4 14  5  0  9 19]
 [ 2  1  4  0  0  2 11]
 [11  1  7  0  0  2 15]
 [ 4  0  0  8  0 13 20]
 [ 0  0  0  0  0  3  3]
 [ 9  1  3  5  1 32 14]
 [13  3  3 10  0 27 61]]

DT
Classification_report:
             precision    recall  f1-score   support

          B       0.37      0.38      0.37        77
          C       0.07      0.05      0.06        20
          G       0.16      0.14      0.15        36
          M       0.09      0.11      0.10        45
          O       0.00      0.00      0.00         6
          P       0.35      0.28      0.31        65
          R       0.45      0.50      0.47       117

avg / total       0.31      0.32      0.31       366

[[29  2  8 12  0  8 18]
 [ 3  1  3  3  0  2  8]
 [ 9  0  5  5  1  8  8]
 [ 8  4  1  5  2  6 19]
 [ 1  0  2  2  0  1  0]
 [15  2  4  7  2 18 17]
 [14  5  8 22  1  9 58]]

CRF
Classification_report:
             precision    recall  f1-score   support

          B       0.54      0.52      0.53        77
          C       0.38      0.30      0.33        20
          G       0.36      0.28      0.31        36
          M       0.23      0.20      0.21        45
          O       0.00      0.00      0.00         6
          P       0.58      0.46      0.51        65
          R       0.48      0.62      0.54       117

avg / total       0.45      0.46      0.45       366

CRF 2.0
Classification_report:
             precision    recall  f1-score   support

          B       0.62      0.52      0.56        77
          C       0.17      0.10      0.12        20
          G       0.44      0.39      0.41        36
          M       0.19      0.22      0.20        45
          O       0.00      0.00      0.00         6
          P       0.50      0.52      0.51        65
          R       0.49      0.56      0.53       117

avg / total       0.45      0.45      0.45       366


SVM RBF
Classification_report:
             precision    recall  f1-score   support

          B       0.64      0.94      0.76       179
          C       0.00      0.00      0.00        20
          G       0.67      0.06      0.10        36
          M       0.57      0.07      0.12        59
          O       0.00      0.00      0.00         1
          P       0.76      0.41      0.53        68
          R       0.51      0.77      0.62       102

avg / total       0.59      0.60      0.53       465

[[168   0   1   0   0   3   7]
 [  1   0   0   0   0   0  19]
 [ 32   0   2   0   0   2   0]
 [ 10   0   0   4   0   1  44]
 [  0   0   0   0   0   1   0]
 [ 35   0   0   0   0  28   5]
 [ 17   1   0   3   0   2  79]]

SVM linear
Classification_report:
             precision    recall  f1-score   support

          B       0.65      0.69      0.67       179
          C       0.23      0.25      0.24        20
          G       0.35      0.31      0.33        36
          M       0.25      0.22      0.23        59
          O       0.00      0.00      0.00         1
          P       0.49      0.50      0.49        68
          R       0.44      0.43      0.44       102

avg / total       0.49      0.49      0.49       465

[[123   1  18   5   0  23   9]
 [  1   5   0   0   0   1  13]
 [ 25   0  11   0   0   0   0]
 [ 10   1   0  13   0   6  29]
 [  0   0   0   0   0   1   0]
 [ 21   3   0   6   0  34   4]
 [ 10  12   2  29   0   5  44]]

KNN
Classification_report:
             precision    recall  f1-score   support

          B       0.61      0.87      0.72       179
          C       0.11      0.10      0.10        20
          G       0.33      0.22      0.27        36
          M       0.39      0.25      0.31        59
          O       0.00      0.00      0.00         1
          P       0.59      0.50      0.54        68
          R       0.46      0.31      0.37       102

avg / total       0.50      0.53      0.50       465

[[156   1   8   2   0   9   3]
 [  5   2   0   3   0   0  10]
 [ 22   0   8   0   0   6   0]
 [ 20   2   2  15   0   2  18]
 [  1   0   0   0   0   0   0]
 [ 22   1   3   2   0  34   6]
 [ 31  13   3  16   0   7  32]]

NB Gaussian
Classification_report:
             precision    recall  f1-score   support

          B       0.56      0.68      0.61       179
          C       0.29      0.75      0.42        20
          G       0.31      0.42      0.36        36
          M       0.41      0.27      0.33        59
          O       0.00      0.00      0.00         1
          P       0.31      0.47      0.37        68
          R       0.50      0.04      0.07       102

avg / total       0.46      0.44      0.39       465

[[121   2  31   2   0  23   0]
 [  1  15   0   0   0   4   0]
 [ 19   0  15   0   0   2   0]
 [ 23   6   0  16   0  12   2]
 [  0   0   1   0   0   0   0]
 [ 31   2   0   1   0  32   2]
 [ 20  26   1  20   0  31   4]]

NB Bernoulli
Classification_report:
             precision    recall  f1-score   support

          B       0.52      0.52      0.52       179
          C       0.09      0.05      0.06        20
          G       0.23      0.19      0.21        36
          M       0.28      0.24      0.26        59
          O       0.00      0.00      0.00         1
          P       0.35      0.37      0.36        68
          R       0.29      0.34      0.31       102

avg / total       0.37      0.38      0.37       465

[[93  5 16 10  0 21 34]
 [ 6  1  1  1  0  2  9]
 [22  0  7  1  0  1  5]
 [14  0  1 14  0  7 23]
 [ 1  0  0  0  0  0  0]
 [21  1  1  4  1 25 15]
 [23  4  5 20  0 15 35]]

DT
Classification_report:
             precision    recall  f1-score   support

          B       0.76      0.76      0.76       179
          C       0.16      0.20      0.18        20
          G       0.56      0.53      0.54        36
          M       0.26      0.31      0.28        59
          O       0.00      0.00      0.00         1
          P       0.59      0.66      0.62        68
          R       0.36      0.29      0.32       102

avg / total       0.54      0.54      0.54       465

[[136   0  11   7   0  15  10]
 [  0   4   0   3   0   1  12]
 [ 15   0  19   0   0   1   1]
 [ 10   3   0  18   0   4  24]
 [  0   0   0   0   0   1   0]
 [  8   1   1   7   0  45   6]
 [  9  17   3  34   0   9  30]]

CRF
Classification_report:
             precision    recall  f1-score   support

          B       0.83      0.94      0.88       179
          C       0.38      0.15      0.21        20
          G       0.80      0.56      0.66        36
          M       0.47      0.36      0.40        59
          O       0.00      0.00      0.00         1
          P       0.85      0.74      0.79        68
          R       0.55      0.68      0.61       102

avg / total       0.70      0.71      0.70       465

CRF 2.0
Classification_report:
             precision    recall  f1-score   support

          B       0.98      1.00      0.99       179
          C       0.47      0.35      0.40        20
          G       1.00      0.92      0.96        36
          M       0.87      0.76      0.81        59
          O       0.00      0.00      0.00         1
          P       0.94      0.91      0.93        68
          R       0.79      0.90      0.84       102

avg / total       0.90      0.90      0.90       465


SVM RBF
Classification_report:
             precision    recall  f1-score   support

          B       0.56      0.82      0.67       256
          C       0.00      0.00      0.00        40
          G       0.67      0.14      0.23        72
          M       0.80      0.04      0.07       104
          O       0.00      0.00      0.00         7
          P       0.59      0.44      0.50       133
          R       0.49      0.75      0.59       219

avg / total       0.55      0.54      0.47       831

[[211   0   2   0   0  10  33]
 [  5   0   0   0   0   2  33]
 [ 51   0  10   0   0   2   9]
 [ 19   0   0   4   0  12  69]
 [  2   0   0   0   0   2   3]
 [ 48   0   1   0   0  58  26]
 [ 40   0   2   1   0  12 164]]

SVM linear
Classification_report:
             precision    recall  f1-score   support

          B       0.54      0.62      0.57       256
          C       0.29      0.28      0.28        40
          G       0.36      0.29      0.32        72
          M       0.22      0.16      0.19       104
          O       0.25      0.29      0.27         7
          P       0.48      0.44      0.45       133
          R       0.48      0.50      0.49       219

avg / total       0.44      0.45      0.45       831

[[158   4  23  16   3  23  29]
 [  7  11   1   2   0   4  15]
 [ 36   2  21   1   0   6   6]
 [ 21   1   1  17   2  11  51]
 [  0   0   0   1   2   2   2]
 [ 36   7   6   9   0  58  17]
 [ 37  13   7  33   1  18 110]]

KNN
Classification_report:
             precision    recall  f1-score   support

          B       0.49      0.70      0.58       256
          C       0.21      0.12      0.16        40
          G       0.20      0.19      0.20        72
          M       0.25      0.24      0.25       104
          O       0.00      0.00      0.00         7
          P       0.45      0.39      0.42       133
          R       0.47      0.34      0.39       219

avg / total       0.41      0.42      0.40       831

[[178   3  27  11   2  18  17]
 [  9   5   0   4   0   3  19]
 [ 41   0  14   5   0   9   3]
 [ 32   3   6  25   0  11  27]
 [  3   0   0   1   0   1   2]
 [ 43   2  11  11   0  52  14]
 [ 57  11  12  43   0  22  74]]

NB Gaussian
Classification_report:
             precision    recall  f1-score   support

          B       0.67      0.23      0.34       256
          C       0.14      0.40      0.21        40
          G       0.35      0.26      0.30        72
          M       0.25      0.21      0.23       104
          O       0.09      0.29      0.13         7
          P       0.23      0.73      0.35       133
          R       0.63      0.11      0.19       219

avg / total       0.48      0.29      0.27       831

[[ 58  21  26  17   9 123   2]
 [  2  16   1   3   0  15   3]
 [ 11   7  19   5   2  28   0]
 [  2   8   1  22   2  61   8]
 [  0   1   0   0   2   4   0]
 [  3  17   3   8   4  97   1]
 [ 11  45   4  33   4  98  24]]

NB Bernoulli
Classification_report:
             precision    recall  f1-score   support

          B       0.50      0.51      0.50       256
          C       0.33      0.10      0.15        40
          G       0.20      0.17      0.18        72
          M       0.23      0.12      0.15       104
          O       0.00      0.00      0.00         7
          P       0.41      0.54      0.47       133
          R       0.38      0.47      0.42       219

avg / total       0.38      0.40      0.38       831

[[130   5  25   8   0  33  55]
 [ 13   4   3   1   0   6  13]
 [ 38   0  12   1   0   5  16]
 [ 15   0   4  12   1  19  53]
 [  0   0   0   1   0   3   3]
 [ 21   2   5   5   2  72  26]
 [ 43   1  11  24   0  37 103]]

DT
Classification_report:
             precision    recall  f1-score   support

          B       0.60      0.57      0.59       256
          C       0.14      0.20      0.16        40
          G       0.28      0.31      0.29        72
          M       0.26      0.29      0.27       104
          O       0.00      0.00      0.00         7
          P       0.52      0.48      0.50       133
          R       0.40      0.38      0.39       219

avg / total       0.44      0.42      0.43       831

[[146  12  27  14   1  22  34]
 [  6   8   1   4   0   7  14]
 [ 21   4  22   9   0   5  11]
 [ 12   5   9  30   1   5  42]
 [  2   0   0   4   0   1   0]
 [ 21   5   9  10   1  64  23]
 [ 35  24  12  45   2  18  83]]

CRF
Classification_report:
             precision    recall  f1-score   support

          B       0.73      0.83      0.78       256
          C       0.53      0.23      0.32        40
          G       0.58      0.50      0.54        72
          M       0.40      0.24      0.30       104
          O       0.00      0.00      0.00         7
          P       0.73      0.60      0.66       133
          R       0.52      0.67      0.58       219

avg / total       0.61      0.61      0.60       831

CRF 2.0
Classification_report:
             precision    recall  f1-score   support

          B       0.88      0.89      0.88       256
          C       0.38      0.35      0.36        40
          G       0.76      0.71      0.73        72
          M       0.56      0.55      0.55       104
          O       0.00      0.00      0.00         7
          P       0.72      0.71      0.71       133
          R       0.67      0.72      0.70       219

avg / total       0.72      0.72      0.72       831
