SVM RBF
Classification_report:
             precision    recall  f1-score   support

          B       0.46      0.34      0.39        77
          C       0.00      0.00      0.00        20
          G       0.00      0.00      0.00        36
          M       0.00      0.00      0.00        45
          O       0.00      0.00      0.00         6
          P       0.73      0.42      0.53        65
          R       0.39      0.91      0.54       117

avg / total       0.35      0.43      0.35       366

[[ 26   0   0   0   0   2  49]
 [  1   0   0   0   0   2  17]
 [ 15   0   0   0   0   1  20]
 [  1   0   0   0   0   1  43]
 [  0   0   0   0   0   2   4]
 [  5   0   0   0   0  27  33]
 [  9   0   0   0   0   2 106]]

SVM linear
Classification_report:
             precision    recall  f1-score   support

          B       0.38      0.44      0.41        77
          C       0.45      0.25      0.32        20
          G       0.43      0.28      0.34        36
          M       0.21      0.27      0.24        45
          O       0.00      0.00      0.00         6
          P       0.62      0.62      0.62        65
          R       0.45      0.47      0.46       117

avg / total       0.43      0.43      0.42       366

[[34  1  7  6  0  4 25]
 [ 3  5  0  2  0  3  7]
 [16  1 10  1  0  0  8]
 [10  0  0 12  0  5 18]
 [ 0  0  0  0  0  5  1]
 [ 4  2  3  8  0 40  8]
 [22  2  3 27  0  8 55]]

KNN
Classification_report:
             precision    recall  f1-score   support

          B       0.31      0.48      0.37        77
          C       0.40      0.20      0.27        20
          G       0.29      0.19      0.23        36
          M       0.21      0.33      0.26        45
          O       0.50      0.17      0.25         6
          P       0.45      0.37      0.41        65
          R       0.42      0.30      0.35       117

avg / total       0.36      0.34      0.34       366

[[37  2  4 12  0 10 12]
 [ 7  4  1  2  0  0  6]
 [12  2  7  3  0  4  8]
 [ 9  0  2 15  0  4 15]
 [ 0  0  0  1  1  2  2]
 [19  1  6  9  0 24  6]
 [37  1  4 30  1  9 35]]

NB Gaussian
Classification_report:
             precision    recall  f1-score   support

          B       0.50      0.25      0.33        77
          C       0.14      0.30      0.19        20
          G       0.39      0.19      0.26        36
          M       0.27      0.29      0.28        45
          O       0.00      0.00      0.00         6
          P       0.40      0.28      0.33        65
          R       0.38      0.56      0.46       117

avg / total       0.38      0.35      0.34       366

[[19  9  5  4  0  7 33]
 [ 0  6  1  1  0  3  9]
 [ 8  4  7  2  0  1 14]
 [ 1  2  1 13  0  3 25]
 [ 0  0  0  0  0  2  4]
 [ 2 12  1 10  0 18 22]
 [ 8 10  3 19  0 11 66]]

NB Bernoulli
Classification_report:
             precision    recall  f1-score   support

          B       0.50      0.49      0.50        77
          C       0.33      0.10      0.15        20
          G       0.33      0.28      0.30        36
          M       0.25      0.33      0.29        45
          O       0.50      0.33      0.40         6
          P       0.51      0.54      0.53        65
          R       0.45      0.47      0.46       117

avg / total       0.43      0.43      0.42       366

[[38  1 11  5  0  5 17]
 [ 1  2  0  2  1  3 11]
 [12  1 10  0  0  2 11]
 [ 3  0  2 15  0  7 18]
 [ 0  0  0  0  2  2  2]
 [ 4  1  4 12  0 35  9]
 [18  1  3 25  1 14 55]]

DT
Classification_report:
             precision    recall  f1-score   support

          B       0.32      0.29      0.30        77
          C       0.10      0.10      0.10        20
          G       0.11      0.14      0.12        36
          M       0.14      0.16      0.15        45
          O       0.00      0.00      0.00         6
          P       0.31      0.28      0.29        65
          R       0.41      0.40      0.41       117

avg / total       0.29      0.28      0.28       366

[[22  1 15 10  0  9 20]
 [ 5  2  4  2  0  0  7]
 [ 8  0  5  8  2  4  9]
 [ 7  6  4  7  2  6 13]
 [ 0  0  0  1  0  3  2]
 [11  3  9  7  1 18 16]
 [16  8  9 16  2 19 47]]

CRF
Classification_report:
             precision    recall  f1-score   support

          B       0.55      0.53      0.54        77
          C       0.42      0.25      0.31        20
          G       0.37      0.28      0.32        36
          M       0.18      0.13      0.15        45
          O       0.00      0.00      0.00         6
          P       0.55      0.46      0.50        65
          R       0.49      0.68      0.57       117

avg / total       0.45      0.47      0.45       366

CRF 2.0
Classification_report:
             precision    recall  f1-score   support

          B       0.64      0.61      0.63        77
          C       0.29      0.10      0.15        20
          G       0.56      0.39      0.46        36
          M       0.38      0.24      0.30        45
          O       0.00      0.00      0.00         6
          P       0.68      0.65      0.66        65
          R       0.56      0.82      0.67       117

avg / total       0.55      0.58      0.55       366


SVM RBF
Classification_report:
             precision    recall  f1-score   support

          B       0.58      0.97      0.73       179
          C       0.00      0.00      0.00        20
          G       0.00      0.00      0.00        36
          M       0.00      0.00      0.00        59
          O       0.00      0.00      0.00         1
          P       0.88      0.31      0.46        68
          R       0.52      0.74      0.61       102

avg / total       0.47      0.58      0.48       465

[[173   0   0   0   0   0   6]
 [  2   0   0   0   0   1  17]
 [ 36   0   0   0   0   0   0]
 [ 21   0   0   0   0   1  37]
 [  1   0   0   0   0   0   0]
 [ 38   0   0   0   0  21   9]
 [ 26   0   0   0   0   1  75]]

SVM linear
Classification_report:
             precision    recall  f1-score   support

          B       0.71      0.82      0.76       179
          C       0.09      0.05      0.06        20
          G       0.41      0.25      0.31        36
          M       0.38      0.41      0.39        59
          O       0.00      0.00      0.00         1
          P       0.64      0.57      0.60        68
          R       0.51      0.51      0.51       102

avg / total       0.56      0.58      0.57       465

[[147   0  13   6   0   7   6]
 [  0   1   0   4   0   2  13]
 [ 24   0   9   0   0   3   0]
 [  9   1   0  24   0   4  21]
 [  0   0   0   0   0   1   0]
 [ 14   4   0   2   0  39   9]
 [ 13   5   0  27   0   5  52]]

KNN
Classification_report:
             precision    recall  f1-score   support

          B       0.54      0.74      0.63       179
          C       0.12      0.10      0.11        20
          G       0.09      0.06      0.07        36
          M       0.26      0.24      0.25        59
          O       0.00      0.00      0.00         1
          P       0.47      0.41      0.44        68
          R       0.40      0.27      0.33       102

avg / total       0.41      0.44      0.42       465

[[132   5  12   5   0  18   7]
 [  5   2   0   4   0   1   8]
 [ 26   0   2   1   0   4   3]
 [ 25   1   1  14   0   0  18]
 [  0   0   0   0   0   0   1]
 [ 25   3   1   6   0  28   5]
 [ 30   6   6  23   0   9  28]]

NB Gaussian
Classification_report:
             precision    recall  f1-score   support

          B       0.54      0.65      0.59       179
          C       0.10      0.10      0.10        20
          G       0.33      0.19      0.25        36
          M       0.32      0.36      0.34        59
          O       0.00      0.00      0.00         1
          P       0.41      0.46      0.43        68
          R       0.32      0.22      0.26       102

avg / total       0.41      0.43      0.41       465

[[116   4  13  12   0  16  18]
 [  9   2   0   2   0   3   4]
 [ 22   0   7   1   0   1   5]
 [ 17   3   1  21   0   6  11]
 [  0   0   0   1   0   0   0]
 [ 22   2   0   4   0  31   9]
 [ 28   9   0  25   0  18  22]]

NB Bernoulli
Classification_report:
             precision    recall  f1-score   support

          B       0.52      0.47      0.49       179
          C       0.00      0.00      0.00        20
          G       0.23      0.25      0.24        36
          M       0.31      0.37      0.34        59
          O       0.00      0.00      0.00         1
          P       0.48      0.59      0.53        68
          R       0.37      0.34      0.36       102

avg / total       0.41      0.41      0.41       465

[[84  7 24 14  1 18 31]
 [ 8  0  1  2  0  4  5]
 [20  0  9  3  0  0  4]
 [15  1  1 22  0  7 13]
 [ 0  0  0  0  0  0  1]
 [11  1  2  8  1 40  5]
 [25  2  3 21  1 15 35]]

DT
Classification_report:
             precision    recall  f1-score   support

          B       0.77      0.74      0.75       179
          C       0.10      0.10      0.10        20
          G       0.44      0.44      0.44        36
          M       0.30      0.32      0.31        59
          O       0.00      0.00      0.00         1
          P       0.59      0.65      0.62        68
          R       0.52      0.50      0.51       102

avg / total       0.57      0.57      0.57       465

[[132   2  17   6   0  13   9]
 [  0   2   0   5   0   1  12]
 [ 19   0  16   0   0   0   1]
 [  7   5   0  19   0  11  17]
 [  0   0   0   0   0   1   0]
 [  7   0   2   6   1  44   8]
 [  7  11   1  27   0   5  51]]

CRF
Classification_report:
             precision    recall  f1-score   support

          B       0.82      0.94      0.88       179
          C       0.38      0.15      0.21        20
          G       0.76      0.53      0.62        36
          M       0.50      0.34      0.40        59
          O       0.00      0.00      0.00         1
          P       0.84      0.72      0.78        68
          R       0.56      0.71      0.62       102

avg / total       0.70      0.71      0.70       465

CRF 2.0
Classification_report:
             precision    recall  f1-score   support

          B       0.97      1.00      0.99       179
          C       0.70      0.35      0.47        20
          G       1.00      0.97      0.99        36
          M       1.00      0.83      0.91        59
          O       0.00      0.00      0.00         1
          P       0.96      0.94      0.95        68
          R       0.82      0.96      0.88       102

avg / total       0.93      0.93      0.92       465


SVM RBF
Classification_report:
             precision    recall  f1-score   support

          B       0.56      0.85      0.67       256
          C       0.00      0.00      0.00        40
          G       0.00      0.00      0.00        72
          M       0.50      0.01      0.02       104
          O       0.00      0.00      0.00         7
          P       0.76      0.59      0.67       133
          R       0.49      0.76      0.60       219

avg / total       0.49      0.56      0.48       831

[[217   0   0   0   0   4  35]
 [  6   0   0   1   0   3  30]
 [ 65   0   0   0   0   1   6]
 [ 23   0   0   1   0   4  76]
 [  0   0   0   0   0   3   4]
 [ 34   0   0   0   0  79  20]
 [ 42   0   0   0   0  10 167]]

SVM linear
Classification_report:
             precision    recall  f1-score   support

          B       0.55      0.63      0.59       256
          C       0.30      0.25      0.27        40
          G       0.39      0.35      0.37        72
          M       0.38      0.39      0.39       104
          O       0.00      0.00      0.00         7
          P       0.66      0.59      0.62       133
          R       0.46      0.45      0.46       219

avg / total       0.49      0.50      0.50       831

[[162   3  32  17   0   8  34]
 [  8  10   1   2   0   4  15]
 [ 39   2  25   0   0   1   5]
 [ 16   2   1  41   0   6  38]
 [  0   1   0   0   0   3   3]
 [ 21   7   2   4   0  79  20]
 [ 46   8   3  43   1  19  99]]

KNN
Classification_report:
             precision    recall  f1-score   support

          B       0.45      0.62      0.52       256
          C       0.11      0.05      0.07        40
          G       0.22      0.18      0.20        72
          M       0.19      0.20      0.19       104
          O       0.50      0.29      0.36         7
          P       0.51      0.44      0.48       133
          R       0.38      0.29      0.33       219

avg / total       0.37      0.38      0.37       831

[[158   4  18  25   0  22  29]
 [ 12   2   2  10   1   2  11]
 [ 44   2  13   3   0   3   7]
 [ 32   0   6  21   0   6  39]
 [  0   0   1   0   2   2   2]
 [ 39   2   6  12   0  59  15]
 [ 69   9  14  42   1  21  63]]

NB Gaussian
Classification_report:
             precision    recall  f1-score   support

          B       0.53      0.51      0.52       256
          C       0.10      0.20      0.13        40
          G       0.27      0.33      0.30        72
          M       0.20      0.26      0.23       104
          O       0.00      0.00      0.00         7
          P       0.44      0.38      0.41       133
          R       0.38      0.29      0.33       219

avg / total       0.39      0.36      0.37       831

[[130  23  36  27   0  15  25]
 [  9   8   3   1   0   6  13]
 [ 27   5  24   5   0   3   8]
 [ 17   2  10  27   0  14  34]
 [  0   0   0   1   0   1   5]
 [ 24  19   4  18   0  51  17]
 [ 37  26  12  54   0  27  63]]

NB Bernoulli
Classification_report:
             precision    recall  f1-score   support

          B       0.50      0.45      0.47       256
          C       0.18      0.17      0.18        40
          G       0.32      0.35      0.34        72
          M       0.22      0.24      0.23       104
          O       0.25      0.29      0.27         7
          P       0.52      0.65      0.58       133
          R       0.40      0.36      0.38       219

avg / total       0.41      0.41      0.41       831

[[115  11  36  23   1  27  43]
 [ 12   7   2   2   1   8   8]
 [ 28   2  25   4   0   4   9]
 [ 18   2   2  25   0  14  43]
 [  0   0   0   0   2   2   3]
 [ 17   3   6   6   2  86  13]
 [ 39  13   6  56   2  25  78]]

DT
Classification_report:
             precision    recall  f1-score   support

          B       0.58      0.61      0.59       256
          C       0.08      0.07      0.08        40
          G       0.29      0.28      0.29        72
          M       0.18      0.18      0.18       104
          O       0.00      0.00      0.00         7
          P       0.43      0.40      0.41       133
          R       0.40      0.41      0.40       219

avg / total       0.41      0.41      0.41       831

[[155   4  19  15   1  25  37]
 [  8   3   0   6   0   7  16]
 [ 24   0  20  11   1   5  11]
 [ 18   8   9  19   2   8  40]
 [  1   0   0   2   0   3   1]
 [ 26   3   8  11   5  53  27]
 [ 36  18  12  42   0  22  89]]

CRF
Classification_report:
             precision    recall  f1-score   support

          B       0.76      0.84      0.80       256
          C       0.64      0.35      0.45        40
          G       0.60      0.47      0.53        72
          M       0.41      0.26      0.32       104
          O       0.00      0.00      0.00         7
          P       0.70      0.62      0.66       133
          R       0.52      0.68      0.59       219

avg / total       0.62      0.63      0.61       831

CRF 2.0
Classification_report:
             precision    recall  f1-score   support

          B       0.90      0.88      0.89       256
          C       0.30      0.20      0.24        40
          G       0.81      0.72      0.76        72
          M       0.71      0.65      0.68       104
          O       0.00      0.00      0.00         7
          P       0.77      0.76      0.77       133
          R       0.66      0.79      0.72       219

avg / total       0.75      0.75      0.75       831
