SVM RBF
Classification_report:
             precision    recall  f1-score   support

          B       0.42      0.47      0.44        77
          C       0.00      0.00      0.00        20
          G       0.33      0.03      0.05        36
          M       1.00      0.02      0.04        45
          O       0.00      0.00      0.00         6
          P       0.63      0.45      0.52        65
          R       0.41      0.81      0.55       117

avg / total       0.49      0.44      0.37       366

[[36  0  1  0  0  5 35]
 [ 2  0  0  0  0  2 16]
 [17  0  1  0  0  1 17]
 [ 3  0  0  1  0  2 39]
 [ 0  0  0  0  0  2  4]
 [10  0  1  0  0 29 25]
 [17  0  0  0  0  5 95]]

SVM linear
Classification_report:
             precision    recall  f1-score   support

          B       0.35      0.38      0.36        77
          C       0.25      0.25      0.25        20
          G       0.32      0.33      0.33        36
          M       0.18      0.20      0.19        45
          O       0.00      0.00      0.00         6
          P       0.48      0.51      0.49        65
          R       0.51      0.47      0.49       117

avg / total       0.39      0.39      0.39       366

[[29  4 14  7  0  9 14]
 [ 4  5  1  0  0  4  6]
 [14  1 12  3  0  1  5]
 [ 7  0  1  9  0  7 21]
 [ 0  1  0  0  0  4  1]
 [10  4  4  9  0 33  5]
 [19  5  5 22  0 11 55]]

KNN
Classification_report:
             precision    recall  f1-score   support

          B       0.34      0.49      0.40        77
          C       0.36      0.20      0.26        20
          G       0.33      0.22      0.27        36
          M       0.17      0.24      0.20        45
          O       0.00      0.00      0.00         6
          P       0.47      0.37      0.41        65
          R       0.41      0.35      0.38       117

avg / total       0.36      0.34      0.34       366

[[38  2  3 10  1  8 15]
 [ 6  4  1  0  0  0  9]
 [11  3  8  3  1  3  7]
 [ 7  1  1 11  1  5 19]
 [ 1  0  0  0  0  3  2]
 [23  0  5  5  0 24  8]
 [27  1  6 34  0  8 41]]

NB Gaussian
Classification_report:
             precision    recall  f1-score   support

          B       0.57      0.22      0.32        77
          C       0.12      0.25      0.16        20
          G       0.29      0.17      0.21        36
          M       0.28      0.33      0.30        45
          O       0.00      0.00      0.00         6
          P       0.37      0.29      0.33        65
          R       0.38      0.55      0.45       117

avg / total       0.38      0.34      0.34       366

[[17  9  6  8  0  7 30]
 [ 0  5  3  0  0  3  9]
 [ 6  5  6  1  0  3 15]
 [ 1  3  1 15  0  4 21]
 [ 0  0  0  0  0  1  5]
 [ 0 11  3  9  0 19 23]
 [ 6 10  2 21  0 14 64]]

NB Bernoulli
Classification_report:
             precision    recall  f1-score   support

          B       0.37      0.34      0.35        77
          C       0.25      0.20      0.22        20
          G       0.28      0.25      0.26        36
          M       0.32      0.38      0.35        45
          O       0.33      0.17      0.22         6
          P       0.48      0.57      0.52        65
          R       0.45      0.44      0.45       117

avg / total       0.39      0.40      0.39       366

[[26  2 12  7  1  9 20]
 [ 3  4  0  2  0  2  9]
 [14  1  9  0  0  4  8]
 [ 6  0  2 17  0  7 13]
 [ 0  1  0  0  1  2  2]
 [ 4  3  3  7  0 37 11]
 [17  5  6 20  1 16 52]]

DT
Classification_report:
             precision    recall  f1-score   support

          B       0.35      0.39      0.37        77
          C       0.12      0.15      0.14        20
          G       0.12      0.11      0.11        36
          M       0.06      0.04      0.05        45
          O       0.00      0.00      0.00         6
          P       0.35      0.35      0.35        65
          R       0.34      0.34      0.34       117

avg / total       0.27      0.28      0.27       366

[[30  3  3  7  0  7 27]
 [ 4  3  2  1  0  6  4]
 [ 7  5  4  4  0  5 11]
 [ 8  1  4  2  2  5 23]
 [ 1  0  0  0  0  3  2]
 [11  3  8  7  1 23 12]
 [24  9 13 13  1 17 40]]

CRF
Classification_report:
             precision    recall  f1-score   support

          B       0.56      0.52      0.54        77
          C       0.33      0.20      0.25        20
          G       0.37      0.28      0.32        36
          M       0.24      0.20      0.22        45
          O       0.00      0.00      0.00         6
          P       0.57      0.48      0.52        65
          R       0.49      0.68      0.57       117

avg / total       0.46      0.48      0.46       366

CRF 2.0
Classification_report:
             precision    recall  f1-score   support

          B       0.57      0.57      0.57        77
          C       0.15      0.10      0.12        20
          G       0.41      0.31      0.35        36
          M       0.32      0.20      0.25        45
          O       0.00      0.00      0.00         6
          P       0.70      0.62      0.66        65
          R       0.54      0.76      0.63       117

avg / total       0.51      0.53      0.51       366


SVM RBF
Classification_report:
             precision    recall  f1-score   support

          B       0.62      0.94      0.75       179
          C       0.00      0.00      0.00        20
          G       0.00      0.00      0.00        36
          M       0.60      0.15      0.24        59
          O       0.00      0.00      0.00         1
          P       0.93      0.38      0.54        68
          R       0.49      0.73      0.59       102

avg / total       0.56      0.60      0.53       465

[[168   0   0   0   0   1  10]
 [  0   0   0   0   0   0  20]
 [ 36   0   0   0   0   0   0]
 [ 12   0   0   9   0   1  37]
 [  1   0   0   0   0   0   0]
 [ 32   0   0   1   0  26   9]
 [ 23   0   0   5   0   0  74]]

SVM linear
Classification_report:
             precision    recall  f1-score   support

          B       0.70      0.76      0.73       179
          C       0.25      0.15      0.19        20
          G       0.39      0.25      0.31        36
          M       0.35      0.39      0.37        59
          O       0.00      0.00      0.00         1
          P       0.59      0.60      0.59        68
          R       0.46      0.46      0.46       102

avg / total       0.54      0.56      0.55       465

[[136   2  14   9   0  11   7]
 [  1   3   0   1   0   2  13]
 [ 24   0   9   0   0   2   1]
 [  7   0   0  23   0   5  24]
 [  0   0   0   0   0   1   0]
 [ 14   1   0   2   0  41  10]
 [ 11   6   0  30   0   8  47]]

KNN
Classification_report:
             precision    recall  f1-score   support

          B       0.52      0.72      0.60       179
          C       0.12      0.10      0.11        20
          G       0.18      0.11      0.14        36
          M       0.25      0.22      0.23        59
          O       0.00      0.00      0.00         1
          P       0.56      0.46      0.50        68
          R       0.30      0.21      0.24       102

avg / total       0.40      0.43      0.40       465

[[129   3   9  12   0  14  12]
 [  6   2   0   2   0   1   9]
 [ 28   0   4   0   0   2   2]
 [ 20   1   2  13   0   2  21]
 [  0   0   0   0   0   0   1]
 [ 24   3   4   1   0  31   5]
 [ 41   8   3  24   0   5  21]]

NB Gaussian
Classification_report:
             precision    recall  f1-score   support

          B       0.55      0.68      0.61       179
          C       0.15      0.20      0.17        20
          G       0.27      0.25      0.26        36
          M       0.35      0.39      0.37        59
          O       0.00      0.00      0.00         1
          P       0.35      0.41      0.38        68
          R       0.34      0.13      0.19       102

avg / total       0.41      0.43      0.41       465

[[122   4  21   8   0  19   5]
 [  5   4   0   4   0   3   4]
 [ 23   0   9   1   0   1   2]
 [ 17   5   1  23   0   4   9]
 [  0   0   0   0   0   1   0]
 [ 29   1   1   4   0  28   5]
 [ 25  13   1  26   0  24  13]]

NB Bernoulli
Classification_report:
             precision    recall  f1-score   support

          B       0.55      0.46      0.50       179
          C       0.06      0.05      0.06        20
          G       0.28      0.28      0.28        36
          M       0.26      0.31      0.28        59
          O       0.00      0.00      0.00         1
          P       0.43      0.53      0.48        68
          R       0.31      0.32      0.32       102

avg / total       0.40      0.39      0.39       465

[[82  8 18 18  1 18 34]
 [ 7  1  3  2  0  3  4]
 [18  2 10  2  0  1  3]
 [11  1  1 18  0  7 21]
 [ 0  0  0  0  0  0  1]
 [ 8  3  2  8  0 36 11]
 [24  1  2 22  2 18 33]]

DT
Classification_report:
             precision    recall  f1-score   support

          B       0.71      0.68      0.69       179
          C       0.09      0.10      0.10        20
          G       0.54      0.53      0.54        36
          M       0.33      0.31      0.32        59
          O       0.00      0.00      0.00         1
          P       0.45      0.54      0.49        68
          R       0.46      0.44      0.45       102

avg / total       0.53      0.52      0.52       465

[[122   1  16   6   0  25   9]
 [  1   2   0   6   0   2   9]
 [ 16   0  19   0   0   1   0]
 [  5   5   0  18   0   7  24]
 [  0   0   0   0   0   1   0]
 [ 16   1   0   3   1  37  10]
 [ 13  13   0  22   0   9  45]]

CRF
Classification_report:
             precision    recall  f1-score   support

          B       0.84      0.94      0.88       179
          C       0.50      0.15      0.23        20
          G       0.79      0.53      0.63        36
          M       0.50      0.39      0.44        59
          O       0.00      0.00      0.00         1
          P       0.85      0.74      0.79        68
          R       0.57      0.72      0.63       102

avg / total       0.72      0.72      0.71       465

CRF 2.0
Classification_report:
             precision    recall  f1-score   support

          B       0.98      1.00      0.99       179
          C       0.67      0.40      0.50        20
          G       1.00      0.94      0.97        36
          M       0.75      0.76      0.76        59
          O       0.00      0.00      0.00         1
          P       0.91      0.91      0.91        68
          R       0.79      0.83      0.81       102

avg / total       0.88      0.89      0.88       465


SVM RBF
Classification_report:
             precision    recall  f1-score   support

          B       0.57      0.84      0.68       256
          C       0.00      0.00      0.00        40
          G       1.00      0.03      0.05        72
          M       0.80      0.04      0.07       104
          O       0.00      0.00      0.00         7
          P       0.70      0.56      0.62       133
          R       0.48      0.75      0.59       219

avg / total       0.60      0.55      0.48       831

[[214   0   0   0   0   6  36]
 [  5   0   0   0   0   3  32]
 [ 62   0   2   0   0   1   7]
 [ 20   0   0   4   0   7  73]
 [  0   0   0   0   0   3   4]
 [ 34   0   0   0   0  74  25]
 [ 41   0   0   1   0  12 165]]

SVM linear
Classification_report:
             precision    recall  f1-score   support

          B       0.52      0.60      0.56       256
          C       0.26      0.30      0.28        40
          G       0.33      0.31      0.32        72
          M       0.32      0.35      0.33       104
          O       0.00      0.00      0.00         7
          P       0.54      0.50      0.52       133
          R       0.44      0.38      0.41       219

avg / total       0.44      0.45      0.44       831

[[153   5  33  18   0  11  36]
 [  8  12   2   0   0   7  11]
 [ 39   2  22   3   0   0   6]
 [ 18   2   0  36   0  13  35]
 [  0   1   0   0   0   3   3]
 [ 30   9   6   7   0  66  15]
 [ 45  15   4  47   2  23  83]]

KNN
Classification_report:
             precision    recall  f1-score   support

          B       0.45      0.58      0.51       256
          C       0.18      0.12      0.15        40
          G       0.20      0.18      0.19        72
          M       0.24      0.25      0.25       104
          O       0.00      0.00      0.00         7
          P       0.53      0.47      0.49       133
          R       0.39      0.32      0.35       219

avg / total       0.38      0.39      0.38       831

[[149   5  22  21   0  26  33]
 [ 12   5   2   5   0   3  13]
 [ 44   1  13   2   0   3   9]
 [ 26   2   7  26   0   7  36]
 [  0   0   0   1   0   3   3]
 [ 34   4   9   8   0  62  16]
 [ 63  11  12  45   3  14  71]]

NB Gaussian
Classification_report:
             precision    recall  f1-score   support

          B       0.56      0.47      0.51       256
          C       0.13      0.30      0.19        40
          G       0.22      0.24      0.23        72
          M       0.21      0.33      0.25       104
          O       0.00      0.00      0.00         7
          P       0.35      0.41      0.38       133
          R       0.44      0.26      0.33       219

avg / total       0.39      0.35      0.36       831

[[121  21  39  32   0  25  18]
 [  5  12   1   2   0  10  10]
 [ 29   8  17   7   0   5   6]
 [ 13   4   7  34   0  19  27]
 [  1   0   1   0   0   3   2]
 [ 17  22   3  26   0  54  11]
 [ 31  22   8  62   1  38  57]]

NB Bernoulli
Classification_report:
             precision    recall  f1-score   support

          B       0.52      0.44      0.48       256
          C       0.17      0.17      0.17        40
          G       0.28      0.31      0.29        72
          M       0.26      0.27      0.26       104
          O       0.12      0.14      0.13         7
          P       0.45      0.62      0.52       133
          R       0.39      0.34      0.36       219

avg / total       0.40      0.39      0.39       831

[[113  19  36  22   1  25  40]
 [  9   7   3   0   1   6  14]
 [ 29   1  22   3   0   7  10]
 [ 14   1   5  28   0  20  36]
 [  0   0   0   0   1   2   4]
 [ 11   5   3  15   2  83  14]
 [ 40   8  11  41   3  42  74]]

DT
Classification_report:
             precision    recall  f1-score   support

          B       0.60      0.59      0.60       256
          C       0.12      0.12      0.12        40
          G       0.31      0.31      0.31        72
          M       0.21      0.22      0.22       104
          O       0.08      0.14      0.11         7
          P       0.45      0.50      0.47       133
          R       0.42      0.37      0.40       219

avg / total       0.43      0.42      0.42       831

[[151  11  21  24   0  22  27]
 [  4   5   4   8   0   5  14]
 [ 22   1  22   8   1  10   8]
 [ 20   5   7  23   1  11  37]
 [  0   1   1   0   1   2   2]
 [ 18   6   6   6   4  67  26]
 [ 36  12  11  40   5  33  82]]

CRF
Classification_report:
             precision    recall  f1-score   support

          B       0.73      0.84      0.78       256
          C       0.65      0.28      0.39        40
          G       0.60      0.49      0.54        72
          M       0.42      0.26      0.32       104
          O       0.00      0.00      0.00         7
          P       0.74      0.61      0.67       133
          R       0.52      0.68      0.59       219

avg / total       0.62      0.62      0.61       831

CRF 2.0
Classification_report:
             precision    recall  f1-score   support

          B       0.86      0.88      0.87       256
          C       0.37      0.25      0.30        40
          G       0.76      0.74      0.75        72
          M       0.61      0.57      0.59       104
          O       0.00      0.00      0.00         7
          P       0.73      0.73      0.73       133
          R       0.67      0.74      0.70       219

avg / total       0.72      0.73      0.72       831
