Reading  corpus/output366.json
SVM RBF
Classification_report:
             precision    recall  f1-score   support

          B       0.41      0.45      0.43        77
          C       0.21      0.15      0.18        20
          G       0.50      0.39      0.44        36
          M       0.23      0.16      0.19        45
          O       1.00      0.17      0.29         6
          P       0.56      0.60      0.58        65
          R       0.43      0.50      0.46       117

avg / total       0.43      0.43      0.42       366

[[35  0  8  3  0  5 26]
 [ 3  3  0  0  0  3 11]
 [13  2 14  0  0  1  6]
 [ 7  0  0  7  0  8 23]
 [ 0  0  1  0  1  3  1]
 [ 7  2  2  3  0 39 12]
 [20  7  3 17  0 11 59]]

SVM linear
Classification_report:
             precision    recall  f1-score   support

          B       0.34      0.40      0.37        77
          C       0.18      0.20      0.19        20
          G       0.41      0.36      0.38        36
          M       0.20      0.20      0.20        45
          O       1.00      0.17      0.29         6
          P       0.52      0.52      0.52        65
          R       0.46      0.44      0.45       117

avg / total       0.40      0.39      0.39       366

[[31  2 13  5  0  7 19]
 [ 4  4  0  0  0  2 10]
 [15  2 13  0  0  1  5]
 [11  0  2  9  0  7 16]
 [ 0  0  0  0  1  4  1]
 [10  5  2  6  0 34  8]
 [20  9  2 24  0 11 51]]

Reading  corpus/output466.json
SVM RBF
Classification_report:
             precision    recall  f1-score   support

          B       0.78      0.85      0.82       179
          C       0.47      0.35      0.40        20
          G       0.53      0.44      0.48        36
          M       0.48      0.41      0.44        59
          O       0.00      0.00      0.00         1
          P       0.73      0.63      0.68        68
          R       0.52      0.59      0.55       102

avg / total       0.64      0.65      0.65       465

[[153   0  13   2   0   6   5]
 [  0   7   0   0   0   0  13]
 [ 20   0  16   0   0   0   0]
 [  3   2   0  24   0   3  27]
 [  0   0   0   0   0   1   0]
 [ 12   1   0   1   0  43  11]
 [  7   5   1  23   0   6  60]]

SVM linear
Classification_report:
             precision    recall  f1-score   support

          B       0.76      0.82      0.79       179
          C       0.39      0.35      0.37        20
          G       0.48      0.39      0.43        36
          M       0.44      0.36      0.39        59
          O       0.00      0.00      0.00         1
          P       0.61      0.60      0.61        68
          R       0.52      0.57      0.54       102

avg / total       0.61      0.62      0.61       465

[[146   1  14   3   0  10   5]
 [  0   7   0   1   0   2  10]
 [ 20   0  14   1   0   1   0]
 [  4   2   0  21   0   4  28]
 [  0   0   0   0   0   1   0]
 [ 14   1   0   1   0  41  11]
 [  7   7   1  21   0   8  58]]

Reading  corpus/output832.json
SVM RBF
Classification_report:
             precision    recall  f1-score   support

          B       0.65      0.74      0.69       256
          C       0.55      0.40      0.46        40
          G       0.48      0.35      0.40        72
          M       0.37      0.32      0.34       104
          O       0.00      0.00      0.00         7
          P       0.69      0.61      0.65       133
          R       0.50      0.57      0.53       219

avg / total       0.56      0.57      0.56       831

[[190   0  22  11   0   4  29]
 [  3  16   0   1   0   3  17]
 [ 37   1  25   0   0   3   6]
 [ 15   1   1  33   0   5  49]
 [  0   0   0   0   0   3   4]
 [ 21   3   2   7   0  81  19]
 [ 27   8   2  37   1  19 125]]

SVM linear
Classification_report:
             precision    recall  f1-score   support

          B       0.57      0.61      0.59       256
          C       0.33      0.33      0.33        40
          G       0.40      0.36      0.38        72
          M       0.37      0.38      0.38       104
          O       0.00      0.00      0.00         7
          P       0.58      0.55      0.57       133
          R       0.49      0.49      0.49       219

avg / total       0.50      0.50      0.50       831

[[157   3  31  18   0  13  34]
 [  7  13   0   1   0   5  14]
 [ 35   3  26   0   0   3   5]
 [ 14   3   2  40   0   7  38]
 [  0   0   0   0   0   4   3]
 [ 29   7   2   6   0  73  16]
 [ 34  11   4  42   1  20 107]]
