Reading  corpus/output366.json
SVM RBF
Classification_report:
             precision    recall  f1-score   support

          B       0.46      0.49      0.47        77
          C       0.33      0.10      0.15        20
          G       0.46      0.36      0.41        36
          M       0.20      0.13      0.16        45
          O       0.00      0.00      0.00         6
          P       0.50      0.49      0.50        65
          R       0.45      0.59      0.51       117

avg / total       0.42      0.44      0.42       366

[[38  1  7  3  0  6 22]
 [ 3  2  0  0  0  2 13]
 [16  1 13  0  0  2  4]
 [ 5  0  2  6  0  7 25]
 [ 0  0  0  1  0  3  2]
 [ 3  1  4  5  0 32 20]
 [18  1  2 15  0 12 69]]

SVM linear
Classification_report:
             precision    recall  f1-score   support

          B       0.33      0.40      0.36        77
          C       0.13      0.20      0.16        20
          G       0.40      0.39      0.39        36
          M       0.17      0.18      0.17        45
          O       0.50      0.17      0.25         6
          P       0.46      0.46      0.46        65
          R       0.51      0.40      0.45       117

avg / total       0.39      0.37      0.38       366

[[31  7 11  6  1  9 12]
 [ 5  4  0  2  0  2  7]
 [14  2 14  0  0  3  3]
 [11  0  4  8  0  6 16]
 [ 0  0  0  1  1  3  1]
 [10  9  2  8  0 30  6]
 [22  9  4 23  0 12 47]]

Reading  corpus/output466.json
SVM RBF
Classification_report:
             precision    recall  f1-score   support

          B       0.78      0.87      0.82       179
          C       0.50      0.25      0.33        20
          G       0.56      0.39      0.46        36
          M       0.46      0.42      0.44        59
          O       0.00      0.00      0.00         1
          P       0.74      0.63      0.68        68
          R       0.53      0.61      0.56       102

avg / total       0.65      0.65      0.64       465

[[155   0  10   4   0   5   5]
 [  0   5   0   1   0   0  14]
 [ 22   0  14   0   0   0   0]
 [  3   1   0  25   0   2  28]
 [  0   0   0   0   0   1   0]
 [ 12   1   1   2   0  43   9]
 [  8   3   0  22   0   7  62]]

SVM linear
Classification_report:
             precision    recall  f1-score   support

          B       0.76      0.76      0.76       179
          C       0.36      0.40      0.38        20
          G       0.44      0.44      0.44        36
          M       0.40      0.39      0.39        59
          O       0.00      0.00      0.00         1
          P       0.58      0.60      0.59        68
          R       0.48      0.47      0.48       102

avg / total       0.58      0.58      0.58       465

[[136   1  18   3   0  15   6]
 [  0   8   0   2   0   2   8]
 [ 18   0  16   1   0   0   1]
 [  5   3   0  23   0   3  25]
 [  0   0   0   0   0   1   0]
 [ 12   1   1   1   0  41  12]
 [  7   9   1  28   0   9  48]]

Reading  corpus/output832.json
SVM RBF
Classification_report:
             precision    recall  f1-score   support

          B       0.64      0.72      0.68       256
          C       0.42      0.28      0.33        40
          G       0.45      0.33      0.38        72
          M       0.39      0.28      0.32       104
          O       0.00      0.00      0.00         7
          P       0.70      0.58      0.63       133
          R       0.49      0.63      0.55       219

avg / total       0.55      0.56      0.55       831

[[185   2  24   9   0   4  32]
 [  2  11   0   2   0   2  23]
 [ 37   1  24   0   0   1   9]
 [ 15   0   1  29   0   8  51]
 [  0   0   0   0   0   3   4]
 [ 18   5   2   8   1  77  22]
 [ 30   7   2  27   1  15 137]]

SVM linear
Classification_report:
             precision    recall  f1-score   support

          B       0.53      0.55      0.54       256
          C       0.23      0.35      0.28        40
          G       0.35      0.38      0.36        72
          M       0.33      0.37      0.35       104
          O       0.00      0.00      0.00         7
          P       0.54      0.50      0.52       133
          R       0.48      0.41      0.44       219

avg / total       0.46      0.45      0.45       831

[[142   7  40  14   0  17  36]
 [  6  14   0   1   0   8  11]
 [ 36   4  27   3   0   0   2]
 [ 17   2   3  38   0  10  34]
 [  0   0   0   0   0   5   2]
 [ 33  10   2  10   1  67  10]
 [ 34  24   6  48   0  18  89]]
