Reading  corpus/output366.json
SVM RBF
Classification_report:
             precision    recall  f1-score   support

          B       0.41      0.47      0.44        77
          C       0.38      0.15      0.21        20
          G       0.45      0.36      0.40        36
          M       0.24      0.18      0.21        45
          O       0.00      0.00      0.00         6
          P       0.53      0.58      0.55        65
          R       0.47      0.55      0.51       117

avg / total       0.43      0.44      0.43       366

[[36  0  5  6  0  6 24]
 [ 2  3  0  0  0  3 12]
 [17  1 13  0  0  0  5]
 [ 7  0  4  8  0  8 18]
 [ 0  0  0  0  0  4  2]
 [ 8  1  3  4  1 38 10]
 [18  3  4 15  0 13 64]]

SVM linear
Classification_report:
             precision    recall  f1-score   support

          B       0.36      0.43      0.39        77
          C       0.27      0.20      0.23        20
          G       0.41      0.39      0.40        36
          M       0.32      0.27      0.29        45
          O       1.00      0.17      0.29         6
          P       0.51      0.58      0.55        65
          R       0.46      0.44      0.45       117

avg / total       0.43      0.42      0.42       366

[[33  1  6  5  0 11 21]
 [ 5  4  0  0  0  1 10]
 [15  1 14  0  0  1  5]
 [ 6  0  4 12  0  7 16]
 [ 0  0  0  0  1  4  1]
 [11  2  4  2  0 38  8]
 [22  7  6 18  0 12 52]]

Reading  corpus/output466.json
SVM RBF
Classification_report:
             precision    recall  f1-score   support

          B       0.78      0.87      0.82       179
          C       0.29      0.20      0.24        20
          G       0.52      0.33      0.41        36
          M       0.43      0.39      0.41        59
          O       0.00      0.00      0.00         1
          P       0.76      0.65      0.70        68
          R       0.51      0.58      0.54       102

avg / total       0.63      0.64      0.63       465

[[156   0  11   3   0   5   4]
 [  0   4   0   1   0   1  14]
 [ 24   0  12   0   0   0   0]
 [  4   2   0  23   0   2  28]
 [  0   0   0   0   0   1   0]
 [ 10   1   0   2   0  44  11]
 [  7   7   0  24   0   5  59]]

SVM linear
Classification_report:
             precision    recall  f1-score   support

          B       0.75      0.80      0.77       179
          C       0.26      0.25      0.26        20
          G       0.33      0.22      0.27        36
          M       0.40      0.36      0.38        59
          O       0.00      0.00      0.00         1
          P       0.61      0.59      0.60        68
          R       0.50      0.54      0.52       102

avg / total       0.57      0.59      0.58       465

[[144   0  15   4   0  11   5]
 [  0   5   0   2   0   2  11]
 [ 27   0   8   1   0   0   0]
 [  3   2   0  21   0   4  29]
 [  0   0   0   0   0   1   0]
 [ 13   2   0   2   0  40  11]
 [  6  10   1  22   0   8  55]]

Reading  corpus/output832.json
SVM RBF
Classification_report:
             precision    recall  f1-score   support

          B       0.65      0.75      0.69       256
          C       0.41      0.28      0.33        40
          G       0.49      0.35      0.41        72
          M       0.35      0.29      0.32       104
          O       0.00      0.00      0.00         7
          P       0.66      0.61      0.63       133
          R       0.52      0.59      0.55       219

avg / total       0.55      0.56      0.55       831

[[191   2  19  12   0   6  26]
 [  3  11   0   2   0   2  22]
 [ 35   1  25   2   0   2   7]
 [ 18   1   2  30   0   9  44]
 [  0   1   0   0   0   3   3]
 [ 20   3   2   8   1  81  18]
 [ 27   8   3  31   0  20 130]]

SVM linear
Classification_report:
             precision    recall  f1-score   support

          B       0.57      0.66      0.61       256
          C       0.33      0.30      0.32        40
          G       0.39      0.38      0.38        72
          M       0.42      0.34      0.37       104
          O       0.00      0.00      0.00         7
          P       0.58      0.55      0.56       133
          R       0.52      0.53      0.52       219

avg / total       0.51      0.52      0.51       831

[[169   3  29  13   0  15  27]
 [  6  12   1   0   0   5  16]
 [ 35   4  27   0   0   2   4]
 [ 21   1   2  35   0   7  38]
 [  0   0   0   0   0   4   3]
 [ 26   5   4   6   1  73  18]
 [ 37  11   7  29   0  20 115]]
