Reading  corpus/output366.json
SVM RBF
Classification_report:
             precision    recall  f1-score   support

          B       0.39      0.39      0.39        77
          C       0.00      0.00      0.00        20
          G       0.42      0.22      0.29        36
          M       0.42      0.18      0.25        45
          O       0.00      0.00      0.00         6
          P       0.48      0.48      0.48        65
          R       0.43      0.68      0.53       117

avg / total       0.40      0.43      0.40       366

[[30  0  5  2  0  8 32]
 [ 2  0  0  1  0  3 14]
 [13  1  8  0  0  5  9]
 [ 5  0  2  8  0  8 22]
 [ 0  0  1  1  0  1  3]
 [ 6  0  3  0  0 31 25]
 [20  1  0  7  0  9 80]]

SVM linear
Classification_report:
             precision    recall  f1-score   support

          B       0.38      0.40      0.39        77
          C       0.14      0.20      0.17        20
          G       0.33      0.36      0.35        36
          M       0.16      0.18      0.17        45
          O       0.17      0.17      0.17         6
          P       0.34      0.29      0.31        65
          R       0.47      0.43      0.45       117

avg / total       0.35      0.34      0.35       366

[[31  6  8  4  2 10 16]
 [ 2  4  1  0  0  5  8]
 [13  2 13  1  0  4  3]
 [ 3  0  5  8  1 10 18]
 [ 0  0  0  2  1  0  3]
 [13  6  5 13  1 19  8]
 [20 10  7 21  1  8 50]]

Reading  corpus/output466.json
SVM RBF
Classification_report:
             precision    recall  f1-score   support

          B       0.77      0.87      0.81       179
          C       0.25      0.10      0.14        20
          G       0.62      0.36      0.46        36
          M       0.47      0.36      0.40        59
          O       0.00      0.00      0.00         1
          P       0.69      0.59      0.63        68
          R       0.50      0.65      0.57       102

avg / total       0.62      0.64      0.62       465

[[155   1   7   1   0   8   7]
 [  0   2   0   0   0   1  17]
 [ 22   0  13   0   0   1   0]
 [  3   0   0  21   0   1  34]
 [  0   0   0   0   0   1   0]
 [ 15   1   1   4   0  40   7]
 [  7   4   0  19   0   6  66]]

SVM linear
Classification_report:
             precision    recall  f1-score   support

          B       0.66      0.70      0.68       179
          C       0.24      0.25      0.24        20
          G       0.35      0.31      0.33        36
          M       0.35      0.32      0.33        59
          O       0.00      0.00      0.00         1
          P       0.47      0.49      0.48        68
          R       0.40      0.38      0.39       102

avg / total       0.49      0.50      0.49       465

[[125   1  18   4   1  18  12]
 [  1   5   0   1   0   1  12]
 [ 22   0  11   0   0   2   1]
 [  6   1   0  19   0   6  27]
 [  0   0   0   0   0   1   0]
 [ 23   2   1   3   0  33   6]
 [ 13  12   1  28   0   9  39]]

Reading  corpus/output832.json
SVM RBF
Classification_report:
             precision    recall  f1-score   support

          B       0.67      0.77      0.72       256
          C       0.27      0.07      0.12        40
          G       0.55      0.25      0.34        72
          M       0.23      0.10      0.14       104
          O       0.00      0.00      0.00         7
          P       0.61      0.57      0.59       133
          R       0.46      0.68      0.55       219

avg / total       0.51      0.55      0.51       831

[[198   1  12   8   0   8  29]
 [  3   3   0   1   0   2  31]
 [ 37   0  18   1   0   5  11]
 [ 12   0   1  10   0  13  68]
 [  0   0   0   1   0   4   2]
 [ 16   2   1   4   0  76  34]
 [ 29   5   1  19   0  16 149]]

SVM linear
Classification_report:
             precision    recall  f1-score   support

          B       0.57      0.69      0.63       256
          C       0.26      0.25      0.25        40
          G       0.47      0.29      0.36        72
          M       0.27      0.22      0.24       104
          O       0.20      0.14      0.17         7
          P       0.43      0.44      0.43       133
          R       0.45      0.44      0.44       219

avg / total       0.45      0.46      0.45       831

[[176   3  15  11   1  26  24]
 [  5  10   0   2   0   3  20]
 [ 37   1  21   2   0   6   5]
 [ 19   0   1  23   0  15  46]
 [  0   0   0   1   1   4   1]
 [ 30   7   4  10   2  58  22]
 [ 40  18   4  36   1  24  96]]
