Reading  corpus/output366.json
SVM RBF
Classification_report:
             precision    recall  f1-score   support

          B       0.49      0.52      0.51        77
          C       0.50      0.05      0.09        20
          G       0.47      0.19      0.27        36
          M       0.36      0.20      0.26        45
          O       0.00      0.00      0.00         6
          P       0.58      0.63      0.60        65
          R       0.46      0.68      0.55       117

avg / total       0.47      0.48      0.45       366

[[40  0  4  2  0  8 23]
 [ 2  1  1  0  0  1 15]
 [14  0  7  1  0  5  9]
 [ 3  0  0  9  0  4 29]
 [ 0  0  0  0  0  3  3]
 [ 8  0  1  1  0 41 14]
 [14  1  2 12  0  9 79]]

SVM linear
Classification_report:
             precision    recall  f1-score   support

          B       0.48      0.52      0.50        77
          C       0.20      0.20      0.20        20
          G       0.43      0.42      0.42        36
          M       0.24      0.27      0.25        45
          O       1.00      0.33      0.50         6
          P       0.63      0.57      0.60        65
          R       0.51      0.50      0.51       117

avg / total       0.47      0.46      0.46       366

[[40  5  9  5  0  5 13]
 [ 2  4  1  1  0  1 11]
 [12  1 15  2  0  2  4]
 [ 7  1  1 12  0  5 19]
 [ 0  0  0  0  2  2  2]
 [10  2  3  6  0 37  7]
 [13  7  6 25  0  7 59]]

Reading  corpus/output466.json
SVM RBF
Classification_report:
             precision    recall  f1-score   support

          B       0.58      0.81      0.67       179
          C       0.20      0.05      0.08        20
          G       0.60      0.08      0.15        36
          M       0.40      0.29      0.33        59
          O       0.00      0.00      0.00         1
          P       0.65      0.44      0.53        68
          R       0.45      0.50      0.47       102

avg / total       0.52      0.53      0.50       465

[[145   0   2   5   0   8  19]
 [  5   1   0   1   0   2  11]
 [ 32   0   3   0   0   0   1]
 [ 16   1   0  17   0   2  23]
 [  0   0   0   0   0   0   1]
 [ 26   1   0   3   0  30   8]
 [ 28   2   0  17   0   4  51]]

SVM linear
Classification_report:
             precision    recall  f1-score   support

          B       0.60      0.63      0.61       179
          C       0.14      0.10      0.12        20
          G       0.26      0.22      0.24        36
          M       0.31      0.31      0.31        59
          O       0.00      0.00      0.00         1
          P       0.50      0.53      0.51        68
          R       0.43      0.42      0.43       102

avg / total       0.46      0.47      0.47       465

[[113   2  21  11   0  15  17]
 [  1   2   0   2   0   3  12]
 [ 25   1   8   0   0   1   1]
 [ 11   3   1  18   0   7  19]
 [  0   0   0   0   0   1   0]
 [ 19   1   1   3   0  36   8]
 [ 20   5   0  25   0   9  43]]

Reading  corpus/output832.json
SVM RBF
Classification_report:
             precision    recall  f1-score   support

          B       0.53      0.75      0.62       256
          C       0.43      0.15      0.22        40
          G       0.45      0.14      0.21        72
          M       0.39      0.26      0.31       104
          O       0.00      0.00      0.00         7
          P       0.59      0.56      0.57       133
          R       0.48      0.52      0.50       219

avg / total       0.49      0.51      0.48       831

[[192   0  10   8   0  14  32]
 [ 10   6   1   1   0   3  19]
 [ 55   0  10   1   0   3   3]
 [ 24   2   0  27   0   8  43]
 [  0   0   0   0   0   3   4]
 [ 31   1   0   6   0  75  20]
 [ 51   5   1  26   1  22 113]]

SVM linear
Classification_report:
             precision    recall  f1-score   support

          B       0.54      0.62      0.58       256
          C       0.28      0.28      0.28        40
          G       0.30      0.31      0.30        72
          M       0.32      0.33      0.32       104
          O       0.25      0.14      0.18         7
          P       0.55      0.53      0.54       133
          R       0.47      0.40      0.43       219

avg / total       0.46      0.46      0.46       831

[[160   5  37  13   0  15  26]
 [  8  11   2   0   0   3  16]
 [ 38   1  22   4   0   3   4]
 [ 17   3   4  34   1   8  37]
 [  0   0   0   0   1   4   2]
 [ 28   6   5  11   0  70  13]
 [ 45  13   4  44   2  24  87]]

