Reading  corpus/output366.json
SVM RBF
Classification_report:
             precision    recall  f1-score   support

          B       0.50      0.53      0.52        77
          C       0.43      0.15      0.22        20
          G       0.36      0.28      0.31        36
          M       0.30      0.27      0.28        45
          O       0.50      0.17      0.25         6
          P       0.56      0.54      0.55        65
          R       0.45      0.56      0.50       117

avg / total       0.45      0.46      0.45       366

[[41  0  9  3  0  6 18]
 [ 2  3  2  0  0  2 11]
 [12  1 10  0  0  4  9]
 [ 2  1  0 12  0  4 26]
 [ 0  0  0  0  1  3  2]
 [ 8  0  3  5  0 35 14]
 [17  2  4 20  1  8 65]]

SVM linear
Classification_report:
             precision    recall  f1-score   support

          B       0.45      0.48      0.46        77
          C       0.09      0.10      0.10        20
          G       0.34      0.36      0.35        36
          M       0.15      0.18      0.16        45
          O       0.75      0.50      0.60         6
          P       0.53      0.54      0.53        65
          R       0.48      0.41      0.44       117

avg / total       0.41      0.40      0.40       366

[[37  4 16  6  0  7  7]
 [ 4  2  0  0  1  2 11]
 [13  1 13  1  0  5  3]
 [11  1  0  8  0  4 21]
 [ 0  0  0  0  3  1  2]
 [ 6  4  4  8  0 35  8]
 [12 10  5 30  0 12 48]]

Reading  corpus/output466.json
SVM RBF
Classification_report:
             precision    recall  f1-score   support

          B       0.63      0.79      0.70       179
          C       0.21      0.15      0.18        20
          G       0.53      0.28      0.36        36
          M       0.39      0.37      0.38        59
          O       0.00      0.00      0.00         1
          P       0.60      0.49      0.54        68
          R       0.46      0.42      0.44       102

avg / total       0.53      0.54      0.53       465

[[142   2   8   5   0   8  14]
 [  3   3   0   2   0   1  11]
 [ 24   1  10   0   0   1   0]
 [ 12   3   0  22   0   4  18]
 [  0   0   0   0   0   1   0]
 [ 21   1   1   5   0  33   7]
 [ 25   4   0  23   0   7  43]]

SVM linear
Classification_report:
             precision    recall  f1-score   support

          B       0.62      0.62      0.62       179
          C       0.26      0.25      0.26        20
          G       0.29      0.33      0.31        36
          M       0.34      0.37      0.35        59
          O       0.00      0.00      0.00         1
          P       0.48      0.56      0.52        68
          R       0.43      0.34      0.38       102

avg / total       0.48      0.48      0.48       465

[[111   4  25  10   0  18  11]
 [  1   5   0   3   0   0  11]
 [ 21   0  12   0   0   2   1]
 [ 11   3   0  22   0   7  16]
 [  0   0   0   0   0   1   0]
 [ 15   1   2   4   0  38   8]
 [ 20   6   2  26   0  13  35]]

Reading  corpus/output832.json
SVM RBF
Classification_report:
             precision    recall  f1-score   support

          B       0.55      0.67      0.60       256
          C       0.37      0.17      0.24        40
          G       0.40      0.29      0.34        72
          M       0.32      0.26      0.29       104
          O       0.25      0.14      0.18         7
          P       0.56      0.57      0.57       133
          R       0.44      0.45      0.44       219

avg / total       0.47      0.48      0.47       831

[[171   0  23  12   0  19  31]
 [  5   7   2   1   0   5  20]
 [ 41   1  21   2   0   4   3]
 [ 19   2   0  27   0   9  47]
 [  0   0   0   0   1   2   4]
 [ 26   2   2   6   0  76  21]
 [ 49   7   4  37   3  21  98]]

SVM linear
Classification_report:
             precision    recall  f1-score   support

          B       0.54      0.59      0.57       256
          C       0.19      0.28      0.22        40
          G       0.26      0.32      0.29        72
          M       0.28      0.33      0.30       104
          O       0.38      0.43      0.40         7
          P       0.49      0.45      0.47       133
          R       0.50      0.35      0.41       219

avg / total       0.45      0.43      0.43       831

[[151   8  43  19   0  11  24]
 [  4  11   4   1   1   8  11]
 [ 37   5  23   2   0   1   4]
 [ 20   8   2  34   1  11  28]
 [  0   0   0   0   3   3   1]
 [ 27  10   8  18   0  60  10]
 [ 39  17   9  46   3  28  77]]

