Reading  corpus/output366.json
SVM RBF
Classification_report:
             precision    recall  f1-score   support

          B       0.52      0.52      0.52        77
          C       1.00      0.05      0.10        20
          G       0.62      0.14      0.23        36
          M       0.47      0.16      0.23        45
          O       0.00      0.00      0.00         6
          P       0.56      0.57      0.56        65
          R       0.43      0.73      0.54       117

avg / total       0.52      0.48      0.44       366

[[40  0  1  1  0  7 28]
 [ 2  1  0  0  0  1 16]
 [14  0  5  0  0  6 11]
 [ 0  0  0  7  0  4 34]
 [ 0  0  0  0  0  2  4]
 [ 6  0  1  0  0 37 21]
 [15  0  1  7  0  9 85]]

SVM linear
Classification_report:
             precision    recall  f1-score   support

          B       0.49      0.55      0.52        77
          C       0.12      0.10      0.11        20
          G       0.39      0.36      0.38        36
          M       0.28      0.29      0.28        45
          O       1.00      0.17      0.29         6
          P       0.66      0.65      0.65        65
          R       0.51      0.52      0.52       117

avg / total       0.48      0.48      0.47       366

[[42  2 11  6  0  3 13]
 [ 2  2  2  1  0  2 11]
 [13  2 13  0  0  4  4]
 [ 7  1  1 13  0  3 20]
 [ 0  0  0  0  1  3  2]
 [ 7  2  3  3  0 42  8]
 [15  7  3 24  0  7 61]]

Reading  corpus/output466.json
SVM RBF
Classification_report:
             precision    recall  f1-score   support

          B       0.53      0.87      0.66       179
          C       0.00      0.00      0.00        20
          G       0.00      0.00      0.00        36
          M       0.48      0.22      0.30        59
          O       0.00      0.00      0.00         1
          P       0.68      0.37      0.48        68
          R       0.38      0.39      0.39       102

avg / total       0.45      0.50      0.45       465

[[156   0   1   3   0   4  15]
 [  7   0   0   0   0   2  11]
 [ 35   0   0   0   0   0   1]
 [ 21   1   0  13   0   1  23]
 [  0   0   0   0   0   0   1]
 [ 30   0   0   0   0  25  13]
 [ 45   1   0  11   0   5  40]]

SVM linear
Classification_report:
             precision    recall  f1-score   support

          B       0.60      0.64      0.62       179
          C       0.18      0.15      0.16        20
          G       0.25      0.17      0.20        36
          M       0.32      0.34      0.33        59
          O       0.00      0.00      0.00         1
          P       0.51      0.54      0.52        68
          R       0.46      0.45      0.46       102

avg / total       0.48      0.49      0.48       465

[[114   2  17  14   0  17  15]
 [  1   3   0   2   0   2  12]
 [ 27   1   6   0   0   1   1]
 [ 10   3   0  20   0   7  19]
 [  0   0   0   0   0   0   1]
 [ 20   2   1   3   0  37   5]
 [ 17   6   0  24   0   9  46]]

Reading  corpus/output832.json
SVM RBF
Classification_report:
             precision    recall  f1-score   support

          B       0.51      0.78      0.61       256
          C       0.33      0.03      0.05        40
          G       0.36      0.06      0.10        72
          M       0.44      0.20      0.28       104
          O       0.00      0.00      0.00         7
          P       0.67      0.53      0.59       133
          R       0.47      0.58      0.52       219

avg / total       0.49      0.51      0.46       831

[[199   0   6   4   0   9  38]
 [ 12   1   1   0   0   3  23]
 [ 62   0   4   1   0   2   3]
 [ 27   0   0  21   0   4  52]
 [  0   0   0   0   0   3   4]
 [ 37   0   0   2   0  70  24]
 [ 57   2   0  20   0  14 126]]

SVM linear
Classification_report:
             precision    recall  f1-score   support

          B       0.52      0.62      0.57       256
          C       0.24      0.20      0.22        40
          G       0.33      0.31      0.32        72
          M       0.31      0.32      0.31       104
          O       0.25      0.14      0.18         7
          P       0.58      0.55      0.57       133
          R       0.52      0.46      0.49       219

avg / total       0.47      0.48      0.47       831

[[158   7  33  21   0  13  24]
 [  9   8   1   1   0   6  15]
 [ 44   0  22   2   0   1   3]
 [ 21   5   1  33   1  10  33]
 [  0   0   0   0   1   4   2]
 [ 26   4   5   9   0  73  16]
 [ 44   9   4  42   2  18 100]]

