Reading  corpus/output366.json
SVM RBF
Classification_report:
             precision    recall  f1-score   support

          B       0.44      0.51      0.47        77
          C       0.30      0.15      0.20        20
          G       0.37      0.36      0.37        36
          M       0.26      0.22      0.24        45
          O       0.67      0.33      0.44         6
          P       0.40      0.45      0.42        65
          R       0.48      0.49      0.48       117

avg / total       0.41      0.42      0.41       366

[[39  0  9  4  0 10 15]
 [ 4  3  3  0  0  4  6]
 [12  3 13  0  0  5  3]
 [ 5  1  1 10  0  7 21]
 [ 0  0  0  0  2  2  2]
 [13  0  4  4  0 29 15]
 [15  3  5 21  1 15 57]]

SVM linear
Classification_report:
             precision    recall  f1-score   support

          B       0.42      0.51      0.46        77
          C       0.14      0.20      0.17        20
          G       0.27      0.33      0.30        36
          M       0.21      0.29      0.25        45
          O       0.50      0.33      0.40         6
          P       0.35      0.29      0.32        65
          R       0.54      0.38      0.44       117

avg / total       0.39      0.36      0.37       366

[[39  5 14  6  0  7  6]
 [ 3  4  2  1  0  4  6]
 [12  5 12  1  0  1  5]
 [ 6  3  2 13  0 10 11]
 [ 0  0  0  0  2  1  3]
 [15  3  8 13  0 19  7]
 [18  8  6 27  2 12 44]]

Reading  corpus/output466.json
SVM RBF
Classification_report:
             precision    recall  f1-score   support

          B       0.65      0.75      0.70       179
          C       0.28      0.25      0.26        20
          G       0.37      0.28      0.32        36
          M       0.39      0.37      0.38        59
          O       0.00      0.00      0.00         1
          P       0.53      0.50      0.52        68
          R       0.48      0.44      0.46       102

avg / total       0.52      0.54      0.53       465

[[134   3  11   4   0  11  16]
 [  3   5   1   1   0   2   8]
 [ 23   1  10   0   0   2   0]
 [ 10   3   1  22   0   5  18]
 [  0   0   0   0   0   1   0]
 [ 20   1   3   3   0  34   7]
 [ 16   5   1  26   0   9  45]]

SVM linear
Classification_report:
             precision    recall  f1-score   support

          B       0.63      0.71      0.67       179
          C       0.33      0.35      0.34        20
          G       0.29      0.31      0.30        36
          M       0.37      0.36      0.36        59
          O       0.00      0.00      0.00         1
          P       0.49      0.54      0.52        68
          R       0.44      0.31      0.37       102

avg / total       0.50      0.51      0.50       465

[[127   2  23   4   0  10  13]
 [  2   7   0   2   0   2   7]
 [ 21   1  11   0   0   2   1]
 [ 14   3   0  21   0   5  16]
 [  0   0   0   0   0   1   0]
 [ 19   2   3   3   0  37   4]
 [ 18   6   1  27   0  18  32]]

Reading  corpus/output832.json
SVM RBF
Classification_report:
             precision    recall  f1-score   support

          B       0.52      0.62      0.57       256
          C       0.30      0.15      0.20        40
          G       0.30      0.25      0.27        72
          M       0.33      0.27      0.30       104
          O       0.20      0.14      0.17         7
          P       0.47      0.46      0.47       133
          R       0.42      0.43      0.43       219

avg / total       0.43      0.44      0.43       831

[[160   3  28   7   0  24  34]
 [  5   6   2   2   0   6  19]
 [ 41   0  18   2   0   6   5]
 [ 19   2   1  28   0   9  45]
 [  0   0   0   0   1   2   4]
 [ 36   3   4   6   1  61  22]
 [ 48   6   7  40   3  21  94]]

SVM linear
Classification_report:
             precision    recall  f1-score   support

          B       0.58      0.66      0.62       256
          C       0.20      0.28      0.23        40
          G       0.28      0.31      0.29        72
          M       0.34      0.37      0.35       104
          O       0.36      0.57      0.44         7
          P       0.58      0.43      0.49       133
          R       0.47      0.39      0.43       219

avg / total       0.47      0.47      0.47       831

[[170   8  33  13   0   7  25]
 [  3  11   3   1   1   4  17]
 [ 38   3  22   1   0   3   5]
 [ 20   4   1  38   2   7  32]
 [  0   0   0   0   4   2   1]
 [ 28   5  13  15   0  57  15]
 [ 36  23   8  44   4  19  85]]

