Reading  corpus/output366.json
SVM RBF
Classification_report:
             precision    recall  f1-score   support

          B       0.55      0.51      0.53        77
          C       0.00      0.00      0.00        20
          G       0.83      0.14      0.24        36
          M       0.50      0.13      0.21        45
          O       0.00      0.00      0.00         6
          P       0.61      0.57      0.59        65
          R       0.42      0.77      0.54       117

avg / total       0.50      0.48      0.44       366

[[39  0  0  1  0  7 30]
 [ 1  0  0  0  0  1 18]
 [12  0  5  0  0  4 15]
 [ 1  0  0  6  0  1 37]
 [ 0  0  0  0  0  3  3]
 [ 5  0  0  0  0 37 23]
 [13  0  1  5  0  8 90]]

SVM linear
Classification_report:
             precision    recall  f1-score   support

          B       0.52      0.58      0.55        77
          C       0.20      0.15      0.17        20
          G       0.47      0.42      0.44        36
          M       0.27      0.29      0.28        45
          O       1.00      0.17      0.29         6
          P       0.69      0.63      0.66        65
          R       0.55      0.58      0.57       117

avg / total       0.52      0.51      0.51       366

[[45  3  9  7  0  2 11]
 [ 2  3  0  1  0  3 11]
 [15  1 15  0  0  1  4]
 [ 8  1  0 13  0  2 21]
 [ 0  0  0  0  1  4  1]
 [ 7  2  3  5  0 41  7]
 [10  5  5 23  0  6 68]]

Reading  corpus/output466.json
SVM RBF
Classification_report:
             precision    recall  f1-score   support

          B       0.52      0.89      0.65       179
          C       0.00      0.00      0.00        20
          G       0.00      0.00      0.00        36
          M       0.54      0.22      0.31        59
          O       0.00      0.00      0.00         1
          P       0.79      0.34      0.47        68
          R       0.38      0.39      0.39       102

avg / total       0.47      0.51      0.45       465

[[159   0   0   2   0   2  16]
 [  8   0   0   0   0   1  11]
 [ 35   0   0   0   0   0   1]
 [ 20   0   0  13   0   1  25]
 [  0   0   0   0   0   0   1]
 [ 35   0   0   0   0  23  10]
 [ 50   1   0   9   0   2  40]]

SVM linear
Classification_report:
             precision    recall  f1-score   support

          B       0.62      0.70      0.66       179
          C       0.13      0.10      0.11        20
          G       0.26      0.17      0.20        36
          M       0.33      0.34      0.33        59
          O       0.00      0.00      0.00         1
          P       0.59      0.57      0.58        68
          R       0.43      0.41      0.42       102

avg / total       0.49      0.51      0.49       465

[[126   2  17   9   0  11  14]
 [  4   2   0   1   0   2  11]
 [ 27   0   6   0   0   2   1]
 [ 11   3   0  20   0   4  21]
 [  0   0   0   0   0   1   0]
 [ 13   3   0   4   0  39   9]
 [ 21   5   0  27   0   7  42]]

Reading  corpus/output832.json
SVM RBF
Classification_report:
             precision    recall  f1-score   support

          B       0.50      0.80      0.62       256
          C       0.00      0.00      0.00        40
          G       0.57      0.06      0.10        72
          M       0.45      0.18      0.26       104
          O       0.00      0.00      0.00         7
          P       0.72      0.48      0.58       133
          R       0.45      0.58      0.50       219

avg / total       0.49      0.50      0.46       831

[[204   0   3   2   0   6  41]
 [ 12   0   0   1   0   2  25]
 [ 63   0   4   1   0   0   4]
 [ 24   0   0  19   0   4  57]
 [  0   0   0   0   0   3   4]
 [ 40   0   0   2   0  64  27]
 [ 64   1   0  17   0  10 127]]

SVM linear
Classification_report:
             precision    recall  f1-score   support

          B       0.56      0.62      0.59       256
          C       0.24      0.23      0.23        40
          G       0.36      0.32      0.34        72
          M       0.41      0.40      0.41       104
          O       0.50      0.14      0.22         7
          P       0.61      0.57      0.59       133
          R       0.50      0.49      0.50       219

avg / total       0.50      0.50      0.50       831

[[159   7  34  16   0   9  31]
 [ 10   9   0   2   0   3  16]
 [ 39   0  23   2   0   3   5]
 [ 14   3   1  42   0   9  35]
 [  0   0   0   0   1   3   3]
 [ 23   6   2   9   0  76  17]
 [ 41  12   4  32   1  21 108]]

