Reading  corpus/output366.json
SVM RBF
Classification_report:
             precision    recall  f1-score   support

          B       0.43      0.49      0.46        77
          C       0.22      0.20      0.21        20
          G       0.35      0.33      0.34        36
          M       0.19      0.22      0.21        45
          O       1.00      0.17      0.29         6
          P       0.40      0.38      0.39        65
          R       0.49      0.46      0.48       117

avg / total       0.41      0.39      0.39       366

[[38  3  9  5  0 13  9]
 [ 3  4  0  0  0  3 10]
 [10  1 12  1  0  6  6]
 [ 7  0  2 10  0  6 20]
 [ 0  0  0  1  1  1  3]
 [15  3  5  9  0 25  8]
 [16  7  6 26  0  8 54]]

SVM linear
Classification_report:
             precision    recall  f1-score   support

          B       0.40      0.48      0.44        77
          C       0.21      0.25      0.23        20
          G       0.30      0.33      0.32        36
          M       0.15      0.18      0.16        45
          O       1.00      0.17      0.29         6
          P       0.41      0.37      0.39        65
          R       0.48      0.40      0.44       117

avg / total       0.39      0.37      0.37       366

[[37  2 11  7  0 11  9]
 [ 4  5  1  2  0  1  7]
 [12  2 12  1  0  5  4]
 [ 5  0  2  8  0  8 22]
 [ 0  1  0  1  1  0  3]
 [15  3  9  8  0 24  6]
 [19 11  5 26  0  9 47]]

Reading  corpus/output466.json
SVM RBF
Classification_report:
             precision    recall  f1-score   support

          B       0.69      0.76      0.73       179
          C       0.27      0.30      0.29        20
          G       0.46      0.33      0.39        36
          M       0.32      0.32      0.32        59
          O       0.00      0.00      0.00         1
          P       0.55      0.50      0.52        68
          R       0.43      0.42      0.43       102

avg / total       0.53      0.54      0.53       465

[[136   1  13   3   1  17   8]
 [  0   6   0   1   0   0  13]
 [ 22   0  12   0   0   2   0]
 [  9   2   1  19   0   2  26]
 [  0   0   0   0   0   1   0]
 [ 21   3   0   1   0  34   9]
 [  8  10   0  35   0   6  43]]

SVM linear
Classification_report:
             precision    recall  f1-score   support

          B       0.61      0.63      0.62       179
          C       0.35      0.40      0.37        20
          G       0.26      0.28      0.27        36
          M       0.29      0.29      0.29        59
          O       0.00      0.00      0.00         1
          P       0.46      0.50      0.48        68
          R       0.41      0.34      0.37       102

avg / total       0.46      0.46      0.46       465

[[112   2  26   5   1  21  12]
 [  1   8   0   1   0   2   8]
 [ 25   0  10   0   0   1   0]
 [ 12   2   2  17   0   4  22]
 [  0   0   0   0   0   1   0]
 [ 22   1   0   2   0  34   9]
 [ 12  10   1  33   0  11  35]]

Reading  corpus/output832.json
SVM RBF
Classification_report:
             precision    recall  f1-score   support

          B       0.53      0.62      0.57       256
          C       0.19      0.23      0.21        40
          G       0.29      0.26      0.28        72
          M       0.29      0.27      0.28       104
          O       0.00      0.00      0.00         7
          P       0.48      0.48      0.48       133
          R       0.45      0.39      0.42       219

avg / total       0.43      0.44      0.43       831

[[158   4  34  13   0  20  27]
 [  4   9   1   1   0   5  20]
 [ 38   2  19   1   0   5   7]
 [ 20   6   1  28   0  13  36]
 [  0   0   0   0   0   6   1]
 [ 34   8   3  10   0  64  14]
 [ 42  18   8  44   1  21  85]]

SVM linear
Classification_report:
             precision    recall  f1-score   support

          B       0.60      0.66      0.63       256
          C       0.22      0.25      0.24        40
          G       0.27      0.32      0.29        72
          M       0.27      0.29      0.28       104
          O       0.00      0.00      0.00         7
          P       0.54      0.47      0.50       133
          R       0.46      0.40      0.42       219

avg / total       0.46      0.46      0.46       831

[[169   5  36  12   0  10  24]
 [  3  10   1   3   0   7  16]
 [ 37   2  23   1   0   4   5]
 [ 18   3   5  30   0   8  40]
 [  0   0   0   0   0   5   2]
 [ 23   4  13  14   0  62  17]
 [ 31  21   8  53   1  18  87]]
