Reading  corpus/output366.json
SVM RBF
Classification_report:
             precision    recall  f1-score   support

          B       0.53      0.57      0.55        77
          C       0.67      0.20      0.31        20
          G       0.62      0.28      0.38        36
          M       0.24      0.20      0.22        45
          O       0.00      0.00      0.00         6
          P       0.67      0.62      0.64        65
          R       0.46      0.65      0.54       117

avg / total       0.51      0.50      0.48       366

[[44  0  3  1  0  5 24]
 [ 1  4  0  0  0  2 13]
 [16  1 10  1  0  0  8]
 [ 4  0  1  9  0  3 28]
 [ 0  1  0  1  0  3  1]
 [ 5  0  1  5  0 40 14]
 [13  0  1 20  0  7 76]]

SVM linear
Classification_report:
             precision    recall  f1-score   support

          B       0.48      0.55      0.51        77
          C       0.50      0.25      0.33        20
          G       0.63      0.33      0.44        36
          M       0.24      0.22      0.23        45
          O       0.00      0.00      0.00         6
          P       0.70      0.60      0.64        65
          R       0.46      0.60      0.52       117

avg / total       0.49      0.49      0.48       366

[[42  0  4  3  0  3 25]
 [ 1  5  0  0  0  2 12]
 [15  0 12  1  0  0  8]
 [ 6  0  1 10  0  4 24]
 [ 0  1  0  0  0  3  2]
 [ 8  0  1  7  0 39 10]
 [16  4  1 21  0  5 70]]

Reading  corpus/output466.json
SVM RBF
Classification_report:
             precision    recall  f1-score   support

          B       0.73      0.85      0.78       179
          C       0.57      0.20      0.30        20
          G       0.39      0.19      0.26        36
          M       0.38      0.34      0.36        59
          O       0.00      0.00      0.00         1
          P       0.70      0.63      0.67        68
          R       0.53      0.61      0.56       102

avg / total       0.60      0.62      0.60       465

[[152   0  11   8   0   3   5]
 [  0   4   0   1   0   2  13]
 [ 26   0   7   0   0   3   0]
 [  7   1   0  20   0   4  27]
 [  0   0   0   0   0   1   0]
 [ 14   0   0   0   0  43  11]
 [ 10   2   0  23   0   5  62]]

SVM linear
Classification_report:
             precision    recall  f1-score   support

          B       0.71      0.80      0.75       179
          C       0.44      0.20      0.28        20
          G       0.27      0.17      0.21        36
          M       0.37      0.36      0.36        59
          O       0.00      0.00      0.00         1
          P       0.62      0.60      0.61        68
          R       0.54      0.57      0.55       102

avg / total       0.57      0.59      0.57       465

[[144   0  15   7   0   7   6]
 [  0   4   0   2   0   2  12]
 [ 26   0   6   0   0   3   1]
 [  8   2   0  21   0   6  22]
 [  0   0   0   0   0   1   0]
 [ 14   1   0   3   0  41   9]
 [ 11   2   1  24   0   6  58]]

Reading  corpus/output832.json
SVM RBF
Classification_report:
             precision    recall  f1-score   support

          B       0.57      0.70      0.63       256
          C       0.53      0.25      0.34        40
          G       0.43      0.26      0.33        72
          M       0.33      0.26      0.29       104
          O       0.00      0.00      0.00         7
          P       0.65      0.59      0.62       133
          R       0.48      0.54      0.51       219

avg / total       0.51      0.52      0.51       831

[[180   1  20  16   0   5  34]
 [  6  10   0   0   0   4  20]
 [ 43   0  19   1   0   1   8]
 [ 22   0   1  27   0   8  46]
 [  0   1   0   0   0   4   2]
 [ 26   0   0   7   0  79  21]
 [ 37   7   4  31   0  21 119]]

SVM linear
Classification_report:
             precision    recall  f1-score   support

          B       0.55      0.68      0.61       256
          C       0.38      0.33      0.35        40
          G       0.42      0.32      0.36        72
          M       0.35      0.33      0.34       104
          O       0.00      0.00      0.00         7
          P       0.63      0.59      0.61       133
          R       0.50      0.47      0.49       219

avg / total       0.50      0.51      0.50       831

[[173   3  25  19   0   8  28]
 [  5  13   0   0   0   5  17]
 [ 42   1  23   0   0   1   5]
 [ 25   2   1  34   0   8  34]
 [  0   1   0   0   0   4   2]
 [ 26   3   1   8   0  79  16]
 [ 43  11   5  35   1  20 104]]
