Reading  corpus/output366.json
SVM RBF
Classification_report:
             precision    recall  f1-score   support

          B       0.52      0.60      0.55        77
          C       0.71      0.25      0.37        20
          G       0.55      0.31      0.39        36
          M       0.20      0.20      0.20        45
          O       0.00      0.00      0.00         6
          P       0.69      0.66      0.68        65
          R       0.47      0.57      0.52       117

avg / total       0.50      0.49      0.49       366

[[46  1  6  2  0  4 18]
 [ 1  5  0  2  0  2 10]
 [15  1 11  1  0  0  8]
 [ 5  0  0  9  0  4 27]
 [ 0  0  0  1  0  3  2]
 [ 6  0  3  3  0 43 10]
 [16  0  0 28  0  6 67]]

SVM linear
Classification_report:
             precision    recall  f1-score   support

          B       0.51      0.60      0.55        77
          C       0.55      0.30      0.39        20
          G       0.55      0.31      0.39        36
          M       0.21      0.24      0.23        45
          O       0.00      0.00      0.00         6
          P       0.69      0.63      0.66        65
          R       0.47      0.53      0.50       117

avg / total       0.49      0.48      0.48       366

[[46  0  6  2  0  3 20]
 [ 1  6  0  2  0  3  8]
 [15  1 11  1  0  0  8]
 [ 3  0  1 11  0  5 25]
 [ 0  1  0  1  0  2  2]
 [ 7  1  2  6  0 41  8]
 [19  2  0 29  0  5 62]]

Reading  corpus/output466.json
SVM RBF
Classification_report:
             precision    recall  f1-score   support

          B       0.69      0.83      0.76       179
          C       0.33      0.15      0.21        20
          G       0.29      0.14      0.19        36
          M       0.35      0.32      0.33        59
          O       0.00      0.00      0.00         1
          P       0.68      0.62      0.65        68
          R       0.50      0.53      0.51       102

avg / total       0.56      0.58      0.56       465

[[148   1  12   4   0   6   8]
 [  0   3   0   3   0   2  12]
 [ 29   0   5   0   0   2   0]
 [  7   3   0  19   0   4  26]
 [  0   0   0   0   0   1   0]
 [ 15   0   0   2   0  42   9]
 [ 14   2   0  27   0   5  54]]

SVM linear
Classification_report:
             precision    recall  f1-score   support

          B       0.72      0.82      0.77       179
          C       0.31      0.20      0.24        20
          G       0.41      0.25      0.31        36
          M       0.38      0.42      0.40        59
          O       0.00      0.00      0.00         1
          P       0.67      0.63      0.65        68
          R       0.54      0.51      0.53       102

avg / total       0.59      0.60      0.59       465

[[147   1  13   6   0   7   5]
 [  0   4   0   3   0   2  11]
 [ 24   0   9   0   0   3   0]
 [  7   2   0  25   0   4  21]
 [  0   0   0   0   0   1   0]
 [ 15   1   0   2   0  43   7]
 [ 12   5   0  29   0   4  52]]

Reading  corpus/output832.json
SVM RBF
Classification_report:
             precision    recall  f1-score   support

          B       0.61      0.70      0.65       256
          C       0.38      0.20      0.26        40
          G       0.39      0.28      0.33        72
          M       0.39      0.35      0.37       104
          O       0.00      0.00      0.00         7
          P       0.68      0.65      0.66       133
          R       0.48      0.53      0.50       219

avg / total       0.52      0.54      0.53       831

[[180   1  26  14   0   6  29]
 [  7   8   0   2   0   4  19]
 [ 42   0  20   1   0   2   7]
 [ 14   0   1  36   0   6  47]
 [  0   1   0   0   0   3   3]
 [ 20   2   1   2   0  86  22]
 [ 33   9   3  38   1  19 116]]

SVM linear
Classification_report:
             precision    recall  f1-score   support

          B       0.57      0.66      0.61       256
          C       0.43      0.38      0.40        40
          G       0.36      0.32      0.34        72
          M       0.39      0.38      0.38       104
          O       0.00      0.00      0.00         7
          P       0.67      0.59      0.63       133
          R       0.50      0.50      0.50       219

avg / total       0.52      0.52      0.52       831

[[169   2  36  14   0   6  29]
 [  8  15   0   1   0   4  12]
 [ 40   1  23   0   0   1   7]
 [ 18   2   1  39   0   5  39]
 [  0   1   0   0   0   3   3]
 [ 22   5   2   6   0  78  20]
 [ 38   9   2  41   1  19 109]]
