Reading  corpus/output366.json
SVM RBF
Classification_report:
             precision    recall  f1-score   support

          B       0.54      0.57      0.55        77
          C       1.00      0.05      0.10        20
          G       0.39      0.19      0.26        36
          M       0.40      0.27      0.32        45
          O       0.00      0.00      0.00         6
          P       0.64      0.72      0.68        65
          R       0.50      0.68      0.58       117

avg / total       0.53      0.52      0.49       366

[[44  0  5  1  0  6 21]
 [ 3  1  0  1  0  3 12]
 [18  0  7  0  0  3  8]
 [ 2  0  0 12  0  3 28]
 [ 0  0  0  0  0  3  3]
 [ 6  0  3  0  0 47  9]
 [ 9  0  3 16  0  9 80]]

SVM linear
Classification_report:
             precision    recall  f1-score   support

          B       0.54      0.58      0.56        77
          C       0.38      0.30      0.33        20
          G       0.43      0.36      0.39        36
          M       0.26      0.24      0.25        45
          O       1.00      0.17      0.29         6
          P       0.70      0.65      0.67        65
          R       0.53      0.60      0.56       117

avg / total       0.52      0.51      0.51       366

[[45  2  9  3  0  5 13]
 [ 2  6  1  1  0  3  7]
 [16  0 13  1  0  1  5]
 [ 5  0  0 11  0  4 25]
 [ 0  0  0  0  1  1  4]
 [ 5  3  3  3  0 42  9]
 [11  5  4 23  0  4 70]]

Reading  corpus/output466.json
SVM RBF
Classification_report:
             precision    recall  f1-score   support

          B       0.63      0.87      0.73       179
          C       0.33      0.10      0.15        20
          G       0.57      0.11      0.19        36
          M       0.49      0.32      0.39        59
          O       0.00      0.00      0.00         1
          P       0.70      0.49      0.57        68
          R       0.51      0.59      0.55       102

avg / total       0.58      0.59      0.56       465

[[156   1   3   2   0   4  13]
 [  5   2   0   0   0   1  12]
 [ 31   0   4   0   0   1   0]
 [ 14   2   0  19   0   3  21]
 [  1   0   0   0   0   0   0]
 [ 22   0   0   1   0  33  12]
 [ 19   1   0  17   0   5  60]]

SVM linear
Classification_report:
             precision    recall  f1-score   support

          B       0.69      0.73      0.71       179
          C       0.22      0.20      0.21        20
          G       0.38      0.36      0.37        36
          M       0.41      0.41      0.41        59
          O       0.00      0.00      0.00         1
          P       0.58      0.56      0.57        68
          R       0.50      0.48      0.49       102

avg / total       0.55      0.56      0.55       465

[[131   3  18   5   0  10  12]
 [  4   4   0   2   0   2   8]
 [ 20   1  13   0   0   1   1]
 [  7   3   1  24   0   5  19]
 [  0   0   0   0   0   1   0]
 [ 17   1   2   1   0  38   9]
 [ 12   6   0  26   0   9  49]]

Reading  corpus/output832.json
SVM RBF
Classification_report:
             precision    recall  f1-score   support

          B       0.61      0.74      0.67       256
          C       0.57      0.10      0.17        40
          G       0.47      0.24      0.31        72
          M       0.36      0.27      0.31       104
          O       0.00      0.00      0.00         7
          P       0.64      0.65      0.64       133
          R       0.46      0.55      0.50       219

avg / total       0.52      0.54      0.52       831

[[190   0  17   8   0   9  32]
 [  9   4   0   1   0   6  20]
 [ 44   0  17   2   0   3   6]
 [ 13   0   0  28   0   9  54]
 [  0   0   0   0   0   4   3]
 [ 18   0   0   2   0  87  26]
 [ 38   3   2  36   0  19 121]]

SVM linear
Classification_report:
             precision    recall  f1-score   support

          B       0.56      0.63      0.59       256
          C       0.31      0.25      0.28        40
          G       0.37      0.33      0.35        72
          M       0.36      0.34      0.35       104
          O       0.50      0.14      0.22         7
          P       0.62      0.60      0.61       133
          R       0.47      0.47      0.47       219

avg / total       0.49      0.50      0.49       831

[[162   3  35  11   0  13  32]
 [ 12  10   0   1   0   3  14]
 [ 40   2  24   0   0   2   4]
 [ 17   1   1  35   0   8  42]
 [  0   0   0   0   1   4   2]
 [ 24   5   1   4   0  80  19]
 [ 36  11   4  47   1  18 102]]

