Reading  corpus/output366.json
SVM RBF
Classification_report:
             precision    recall  f1-score   support

          B       0.48      0.51      0.49        77
          C       0.32      0.30      0.31        20
          G       0.29      0.28      0.29        36
          M       0.22      0.29      0.25        45
          O       1.00      0.33      0.50         6
          P       0.47      0.43      0.45        65
          R       0.50      0.48      0.49       117

avg / total       0.43      0.42      0.42       366

[[39  1 13  3  0  8 13]
 [ 2  6  0  2  0  4  6]
 [11  3 10  2  0  4  6]
 [ 5  0  0 13  0  7 20]
 [ 0  0  0  1  2  1  2]
 [13  2  7  7  0 28  8]
 [12  7  4 30  0  8 56]]

SVM linear
Classification_report:
             precision    recall  f1-score   support

          B       0.41      0.53      0.47        77
          C       0.06      0.10      0.08        20
          G       0.28      0.28      0.28        36
          M       0.15      0.20      0.17        45
          O       1.00      0.33      0.50         6
          P       0.42      0.31      0.35        65
          R       0.43      0.33      0.38       117

avg / total       0.37      0.34      0.34       366

[[41  3 14  6  0  6  7]
 [ 3  2  2  2  0  3  8]
 [14  6 10  1  0  2  3]
 [ 4  1  2  9  0  6 23]
 [ 0  0  0  1  2  1  2]
 [19  4  5  9  0 20  8]
 [18 15  3 32  0 10 39]]

Reading  corpus/output466.json
SVM RBF
Classification_report:
             precision    recall  f1-score   support

          B       0.68      0.73      0.71       179
          C       0.33      0.25      0.29        20
          G       0.34      0.36      0.35        36
          M       0.29      0.31      0.30        59
          O       0.00      0.00      0.00         1
          P       0.60      0.57      0.59        68
          R       0.45      0.41      0.43       102

avg / total       0.53      0.53      0.53       465

[[131   3  21   5   0  10   9]
 [  1   5   0   2   0   3   9]
 [ 19   0  13   1   0   3   0]
 [  9   1   0  18   0   3  28]
 [  0   0   0   0   0   1   0]
 [ 18   0   3   3   0  39   5]
 [ 14   6   1  33   0   6  42]]

SVM linear
Classification_report:
             precision    recall  f1-score   support

          B       0.63      0.71      0.66       179
          C       0.50      0.35      0.41        20
          G       0.30      0.28      0.29        36
          M       0.40      0.37      0.39        59
          O       0.00      0.00      0.00         1
          P       0.54      0.54      0.54        68
          R       0.53      0.47      0.50       102

avg / total       0.53      0.54      0.53       465

[[127   2  21   6   0  13  10]
 [  1   7   0   2   0   4   6]
 [ 24   0  10   0   0   2   0]
 [ 15   0   0  22   0   2  20]
 [  0   0   0   0   0   1   0]
 [ 17   1   2   4   0  37   7]
 [ 19   4   0  21   0  10  48]]

Reading  corpus/output832.json
SVM RBF
Classification_report:
             precision    recall  f1-score   support

          B       0.56      0.62      0.59       256
          C       0.24      0.23      0.23        40
          G       0.34      0.29      0.31        72
          M       0.27      0.27      0.27       104
          O       1.00      0.29      0.44         7
          P       0.45      0.47      0.46       133
          R       0.47      0.43      0.45       219

avg / total       0.45      0.45      0.45       831

[[159   4  28  17   0  25  23]
 [  6   9   1   0   0   7  17]
 [ 36   4  21   2   0   3   6]
 [ 18   4   0  28   0  13  41]
 [  0   0   0   0   2   4   1]
 [ 33   5   5   8   0  63  19]
 [ 34  12   7  48   0  24  94]]

SVM linear
Classification_report:
             precision    recall  f1-score   support

          B       0.59      0.68      0.63       256
          C       0.22      0.33      0.27        40
          G       0.32      0.31      0.31        72
          M       0.34      0.36      0.35       104
          O       0.67      0.29      0.40         7
          P       0.62      0.53      0.57       133
          R       0.49      0.41      0.44       219

avg / total       0.50      0.49      0.49       831

[[174   7  27  14   0  13  21]
 [  5  13   1   3   0   1  17]
 [ 42   2  22   2   0   0   4]
 [ 17   3   3  37   0  11  33]
 [  0   1   0   1   2   3   0]
 [ 26   5   8   7   0  70  17]
 [ 33  27   8  46   1  15  89]]

