Reading  corpus/output366.json
SVM RBF
Classification_report:
             precision    recall  f1-score   support

          B       1.00      0.05      0.10        77
          C       0.00      0.00      0.00        20
          G       0.00      0.00      0.00        36
          M       0.00      0.00      0.00        45
          O       0.00      0.00      0.00         6
          P       0.00      0.00      0.00        65
          R       0.32      1.00      0.49       117

avg / total       0.31      0.33      0.18       366

[[  4   0   0   0   0   0  73]
 [  0   0   0   0   0   0  20]
 [  0   0   0   0   0   0  36]
 [  0   0   0   0   0   0  45]
 [  0   0   0   0   0   0   6]
 [  0   0   0   0   0   0  65]
 [  0   0   0   0   0   0 117]]

SVM linear
Classification_report:
             precision    recall  f1-score   support

          B       0.43      0.51      0.46        77
          C       0.35      0.30      0.32        20
          G       0.45      0.42      0.43        36
          M       0.29      0.27      0.28        45
          O       1.00      0.33      0.50         6
          P       0.65      0.52      0.58        65
          R       0.50      0.56      0.53       117

avg / total       0.48      0.47      0.47       366

[[39  2  7  5  0  7 17]
 [ 4  6  0  1  0  1  8]
 [13  2 15  0  0  0  6]
 [ 7  0  2 12  0  2 22]
 [ 0  0  0  0  2  2  2]
 [ 7  3  7  4  0 34 10]
 [21  4  2 19  0  6 65]]

Reading  corpus/output466.json
SVM RBF
Classification_report:
             precision    recall  f1-score   support

          B       0.38      1.00      0.56       179
          C       0.00      0.00      0.00        20
          G       0.00      0.00      0.00        36
          M       0.00      0.00      0.00        59
          O       0.00      0.00      0.00         1
          P       0.00      0.00      0.00        68
          R       0.00      0.00      0.00       102

avg / total       0.15      0.38      0.21       465

[[179   0   0   0   0   0   0]
 [ 20   0   0   0   0   0   0]
 [ 36   0   0   0   0   0   0]
 [ 59   0   0   0   0   0   0]
 [  1   0   0   0   0   0   0]
 [ 68   0   0   0   0   0   0]
 [102   0   0   0   0   0   0]]

SVM linear
Classification_report:
             precision    recall  f1-score   support

          B       0.54      0.61      0.58       179
          C       0.11      0.10      0.10        20
          G       0.21      0.17      0.18        36
          M       0.23      0.24      0.23        59
          O       0.00      0.00      0.00         1
          P       0.51      0.53      0.52        68
          R       0.30      0.25      0.27       102

avg / total       0.40      0.42      0.41       465

[[110   3  17  17   0  11  21]
 [  6   2   1   2   0   3   6]
 [ 24   0   6   1   0   1   4]
 [ 16   1   0  14   0   8  20]
 [  0   0   0   0   0   0   1]
 [ 15   4   2   4   0  36   7]
 [ 31   9   3  23   0  11  25]]

Reading  corpus/output832.json
SVM RBF
Classification_report:
             precision    recall  f1-score   support

          B       0.31      1.00      0.47       256
          C       0.00      0.00      0.00        40
          G       0.00      0.00      0.00        72
          M       0.00      0.00      0.00       104
          O       0.00      0.00      0.00         7
          P       0.00      0.00      0.00       133
          R       0.67      0.01      0.02       219

avg / total       0.27      0.31      0.15       831

[[256   0   0   0   0   0   0]
 [ 40   0   0   0   0   0   0]
 [ 72   0   0   0   0   0   0]
 [103   0   0   0   0   0   1]
 [  7   0   0   0   0   0   0]
 [133   0   0   0   0   0   0]
 [217   0   0   0   0   0   2]]

SVM linear
Classification_report:
             precision    recall  f1-score   support

          B       0.51      0.59      0.55       256
          C       0.09      0.07      0.08        40
          G       0.31      0.31      0.31        72
          M       0.33      0.33      0.33       104
          O       0.40      0.29      0.33         7
          P       0.67      0.60      0.63       133
          R       0.49      0.47      0.48       219

avg / total       0.47      0.48      0.47       831

[[152   8  35  22   0   4  35]
 [ 13   3   4   0   0   7  13]
 [ 41   1  22   0   0   2   6]
 [ 26   1   0  34   0   8  35]
 [  0   0   0   0   2   3   2]
 [ 19   6   5   9   0  80  14]
 [ 45  13   4  37   3  15 102]]

