Reading  corpus/output366.json
SVM RBF
Classification_report:
             precision    recall  f1-score   support

          B       0.50      0.51      0.50        77
          C       0.56      0.25      0.34        20
          G       0.40      0.28      0.33        36
          M       0.22      0.18      0.20        45
          O       0.00      0.00      0.00         6
          P       0.66      0.66      0.66        65
          R       0.47      0.62      0.54       117

avg / total       0.47      0.48      0.47       366

[[39  0  9  1  0  6 22]
 [ 1  5  1  2  0  3  8]
 [15  2 10  0  0  2  7]
 [ 5  0  0  8  0  3 29]
 [ 0  0  0  0  0  3  3]
 [ 5  0  4  2  0 43 11]
 [13  2  1 24  0  5 72]]

SVM linear
Classification_report:
             precision    recall  f1-score   support

          B       0.48      0.52      0.50        77
          C       0.40      0.40      0.40        20
          G       0.42      0.36      0.39        36
          M       0.24      0.24      0.24        45
          O       1.00      0.33      0.50         6
          P       0.65      0.62      0.63        65
          R       0.53      0.56      0.54       117

avg / total       0.49      0.49      0.49       366

[[40  3 10  5  0  6 13]
 [ 1  8  0  2  0  2  7]
 [14  1 13  0  0  1  7]
 [ 5  0  2 11  0  6 21]
 [ 0  0  0  0  2  2  2]
 [ 9  2  4  3  0 40  7]
 [15  6  2 24  0  5 65]]

Reading  corpus/output466.json
SVM RBF
Classification_report:
             precision    recall  f1-score   support

          B       0.67      0.80      0.73       179
          C       0.27      0.20      0.23        20
          G       0.38      0.22      0.28        36
          M       0.39      0.37      0.38        59
          O       0.00      0.00      0.00         1
          P       0.70      0.57      0.63        68
          R       0.50      0.50      0.50       102

avg / total       0.56      0.57      0.56       465

[[143   3  13   5   0   7   8]
 [  1   4   0   2   0   1  12]
 [ 26   1   8   0   0   1   0]
 [  9   3   0  22   0   4  21]
 [  0   0   0   0   0   1   0]
 [ 17   0   0   2   0  39  10]
 [ 18   4   0  26   0   3  51]]

SVM linear
Classification_report:
             precision    recall  f1-score   support

          B       0.71      0.74      0.72       179
          C       0.26      0.25      0.26        20
          G       0.41      0.33      0.37        36
          M       0.38      0.39      0.38        59
          O       0.00      0.00      0.00         1
          P       0.58      0.63      0.61        68
          R       0.46      0.43      0.45       102

avg / total       0.55      0.56      0.55       465

[[132   3  17   7   0  10  10]
 [  0   5   0   2   0   2  11]
 [ 22   1  12   0   0   1   0]
 [  6   2   0  23   0   6  22]
 [  0   0   0   0   0   1   0]
 [ 11   1   0   5   0  43   8]
 [ 16   7   0  24   0  11  44]]

Reading  corpus/output832.json
SVM RBF
Classification_report:
             precision    recall  f1-score   support

          B       0.58      0.66      0.62       256
          C       0.38      0.23      0.28        40
          G       0.37      0.25      0.30        72
          M       0.34      0.30      0.32       104
          O       0.00      0.00      0.00         7
          P       0.61      0.62      0.61       133
          R       0.43      0.47      0.45       219

avg / total       0.48      0.50      0.49       831

[[170   3  26  13   0  10  34]
 [  7   9   1   2   0   4  17]
 [ 40   0  18   2   0   2  10]
 [ 12   2   0  31   0  10  49]
 [  0   0   0   0   0   4   3]
 [ 20   3   2   4   0  82  22]
 [ 46   7   2  38   1  22 103]]

SVM linear
Classification_report:
             precision    recall  f1-score   support

          B       0.55      0.60      0.58       256
          C       0.21      0.28      0.24        40
          G       0.37      0.32      0.34        72
          M       0.32      0.31      0.32       104
          O       0.50      0.14      0.22         7
          P       0.58      0.58      0.58       133
          R       0.47      0.44      0.45       219

avg / total       0.47      0.47      0.47       831

[[154   6  32  14   0  19  31]
 [  8  11   1   3   0   2  15]
 [ 38   3  23   1   0   0   7]
 [ 19   5   3  32   0   9  36]
 [  0   0   0   0   1   2   4]
 [ 26   9   1   6   0  77  14]
 [ 33  19   3  43   1  24  96]]

