Reading  corpus/output366.json
SVM RBF
Classification_report:
             precision    recall  f1-score   support

          B       0.50      0.55      0.52        77
          C       0.21      0.15      0.18        20
          G       0.44      0.33      0.38        36
          M       0.20      0.20      0.20        45
          O       1.00      0.17      0.29         6
          P       0.52      0.54      0.53        65
          R       0.50      0.55      0.52       117

avg / total       0.45      0.45      0.45       366

[[42  1  8  4  0 10 12]
 [ 3  3  1  2  0  4  7]
 [11  3 12  1  0  2  7]
 [ 6  0  0  9  0  5 25]
 [ 0  0  0  0  1  2  3]
 [10  1  3  6  0 35 10]
 [12  6  3 23  0  9 64]]

SVM linear
Classification_report:
             precision    recall  f1-score   support

          B       0.51      0.57      0.54        77
          C       0.26      0.30      0.28        20
          G       0.39      0.39      0.39        36
          M       0.18      0.22      0.20        45
          O       1.00      0.33      0.50         6
          P       0.58      0.54      0.56        65
          R       0.50      0.44      0.47       117

avg / total       0.46      0.44      0.45       366

[[44  2 12  4  0  7  8]
 [ 2  6  0  3  0  3  6]
 [ 9  2 14  2  0  3  6]
 [ 5  1  1 10  0  7 21]
 [ 0  0  0  1  2  0  3]
 [10  1  4  8  0 35  7]
 [17 11  5 28  0  5 51]]

Reading  corpus/output466.json
SVM RBF
Classification_report:
             precision    recall  f1-score   support

          B       0.70      0.79      0.74       179
          C       0.41      0.35      0.38        20
          G       0.33      0.25      0.29        36
          M       0.39      0.37      0.38        59
          O       0.00      0.00      0.00         1
          P       0.62      0.59      0.60        68
          R       0.51      0.48      0.49       102

avg / total       0.56      0.58      0.57       465

[[141   3  16   1   0  11   7]
 [  2   7   0   3   0   0   8]
 [ 23   0   9   0   0   2   2]
 [  7   1   0  22   0   3  26]
 [  0   0   0   0   0   1   0]
 [ 14   1   2   6   0  40   5]
 [ 15   5   0  25   0   8  49]]

SVM linear
Classification_report:
             precision    recall  f1-score   support

          B       0.67      0.69      0.68       179
          C       0.39      0.35      0.37        20
          G       0.34      0.33      0.34        36
          M       0.34      0.39      0.37        59
          O       0.00      0.00      0.00         1
          P       0.53      0.59      0.56        68
          R       0.50      0.41      0.45       102

avg / total       0.53      0.53      0.53       465

[[124   2  20   7   0  17   9]
 [  2   7   0   2   0   3   6]
 [ 20   0  12   0   0   3   1]
 [  9   3   0  23   0   3  21]
 [  0   0   0   0   0   1   0]
 [ 15   1   2   5   0  40   5]
 [ 15   5   1  30   0   9  42]]

Reading  corpus/output832.json
SVM RBF
Classification_report:
             precision    recall  f1-score   support

          B       0.60      0.67      0.63       256
          C       0.29      0.20      0.24        40
          G       0.37      0.32      0.34        72
          M       0.34      0.32      0.33       104
          O       1.00      0.14      0.25         7
          P       0.49      0.55      0.52       133
          R       0.48      0.44      0.46       219

avg / total       0.48      0.49      0.48       831

[[172   2  29  11   0  24  18]
 [  6   8   1   1   0   7  17]
 [ 38   1  23   1   0   4   5]
 [ 13   2   2  33   0  12  42]
 [  0   0   0   1   1   4   1]
 [ 27   4   1   6   0  73  22]
 [ 33  11   7  45   0  26  97]]

SVM linear
Classification_report:
             precision    recall  f1-score   support

          B       0.56      0.62      0.59       256
          C       0.24      0.30      0.27        40
          G       0.37      0.42      0.39        72
          M       0.32      0.38      0.35       104
          O       1.00      0.29      0.44         7
          P       0.52      0.45      0.48       133
          R       0.50      0.40      0.44       219

avg / total       0.48      0.47      0.47       831

[[160   5  36  18   0  19  18]
 [  7  12   0   1   0   5  15]
 [ 30   6  30   0   0   3   3]
 [ 17   4   3  40   0  11  29]
 [  0   0   0   0   2   2   3]
 [ 34   6   3  12   0  60  18]
 [ 37  16   9  54   0  16  87]]

