Reading  corpus/output366.json
SVM RBF
Classification_report:
             precision    recall  f1-score   support

          B       0.51      0.56      0.53        77
          C       0.33      0.10      0.15        20
          G       0.35      0.22      0.27        36
          M       0.35      0.27      0.30        45
          O       0.00      0.00      0.00         6
          P       0.59      0.63      0.61        65
          R       0.49      0.62      0.54       117

avg / total       0.46      0.49      0.47       366

[[43  1  7  0  0  8 18]
 [ 2  2  1  1  0  4 10]
 [17  0  8  0  0  3  8]
 [ 2  0  0 12  0  3 28]
 [ 0  0  0  0  0  3  3]
 [ 9  0  3  3  0 41  9]
 [12  3  4 18  0  8 72]]

SVM linear
Classification_report:
             precision    recall  f1-score   support

          B       0.49      0.56      0.52        77
          C       0.30      0.30      0.30        20
          G       0.35      0.33      0.34        36
          M       0.27      0.29      0.28        45
          O       1.00      0.17      0.29         6
          P       0.68      0.62      0.65        65
          R       0.50      0.50      0.50       117

avg / total       0.48      0.47      0.47       366

[[43  3 13  2  0  4 12]
 [ 3  6  0  1  0  1  9]
 [13  1 12  3  0  0  7]
 [ 5  0  1 13  0  4 22]
 [ 0  0  0  0  1  3  2]
 [ 9  2  2  5  0 40  7]
 [14  8  6 24  0  7 58]]

Reading  corpus/output466.json
SVM RBF
Classification_report:
             precision    recall  f1-score   support

          B       0.66      0.84      0.74       179
          C       0.33      0.15      0.21        20
          G       0.56      0.28      0.37        36
          M       0.35      0.31      0.33        59
          O       0.00      0.00      0.00         1
          P       0.71      0.59      0.65        68
          R       0.45      0.46      0.45       102

avg / total       0.56      0.58      0.56       465

[[150   2   8   2   0   3  14]
 [  2   3   0   2   0   1  12]
 [ 24   0  10   0   0   2   0]
 [ 14   2   0  18   0   4  21]
 [  1   0   0   0   0   0   0]
 [ 16   0   0   1   0  40  11]
 [ 19   2   0  28   0   6  47]]

SVM linear
Classification_report:
             precision    recall  f1-score   support

          B       0.71      0.73      0.72       179
          C       0.31      0.25      0.28        20
          G       0.46      0.44      0.45        36
          M       0.35      0.41      0.38        59
          O       0.00      0.00      0.00         1
          P       0.61      0.65      0.63        68
          R       0.47      0.41      0.44       102

avg / total       0.56      0.56      0.56       465

[[130   3  18   8   0  11   9]
 [  0   5   0   1   0   2  12]
 [ 18   0  16   0   0   1   1]
 [  9   2   1  24   0   4  19]
 [  0   0   0   0   0   1   0]
 [ 11   1   0   5   0  44   7]
 [ 16   5   0  30   0   9  42]]

Reading  corpus/output832.json
SVM RBF
Classification_report:
             precision    recall  f1-score   support

          B       0.59      0.71      0.65       256
          C       0.58      0.17      0.27        40
          G       0.41      0.26      0.32        72
          M       0.31      0.22      0.26       104
          O       0.00      0.00      0.00         7
          P       0.59      0.62      0.60       133
          R       0.45      0.51      0.48       219

avg / total       0.50      0.51      0.49       831

[[183   0  21   7   0  13  32]
 [  8   7   1   1   0   4  19]
 [ 40   0  19   1   0   5   7]
 [ 15   2   0  23   0  11  53]
 [  0   0   0   0   0   4   3]
 [ 25   0   1   3   0  82  22]
 [ 40   3   4  39   1  20 112]]

SVM linear
Classification_report:
             precision    recall  f1-score   support

          B       0.57      0.66      0.61       256
          C       0.32      0.28      0.30        40
          G       0.42      0.38      0.39        72
          M       0.28      0.30      0.29       104
          O       0.50      0.14      0.22         7
          P       0.61      0.55      0.58       133
          R       0.45      0.42      0.44       219

avg / total       0.48      0.49      0.48       831

[[168   3  28  19   0  12  26]
 [  9  11   0   2   0   5  13]
 [ 36   2  27   0   0   1   6]
 [ 15   1   1  31   0   7  49]
 [  0   0   0   0   1   3   3]
 [ 25   5   5   9   0  73  16]
 [ 41  12   4  49   1  19  93]]

