Reading  corpus/output366.json
SVM RBF
Classification_report:
             precision    recall  f1-score   support

          B       0.47      0.51      0.49        77
          C       0.25      0.15      0.19        20
          G       0.41      0.31      0.35        36
          M       0.25      0.27      0.26        45
          O       0.00      0.00      0.00         6
          P       0.52      0.54      0.53        65
          R       0.45      0.50      0.47       117

avg / total       0.42      0.43      0.42       366

[[39  2  7  4  0  9 16]
 [ 3  3  1  1  0  4  8]
 [12  3 11  0  0  2  8]
 [ 4  0  0 12  0  4 25]
 [ 0  0  0  0  0  2  4]
 [10  0  4  6  0 35 10]
 [15  4  4 25  0 11 58]]

SVM linear
Classification_report:
             precision    recall  f1-score   support

          B       0.47      0.49      0.48        77
          C       0.19      0.25      0.21        20
          G       0.34      0.31      0.32        36
          M       0.21      0.27      0.23        45
          O       1.00      0.33      0.50         6
          P       0.51      0.46      0.48        65
          R       0.46      0.43      0.44       117

avg / total       0.42      0.40      0.41       366

[[38  6 12  5  0  6 10]
 [ 2  5  0  1  0  2 10]
 [11  3 11  1  0  4  6]
 [ 4  0  1 12  0  8 20]
 [ 1  0  0  0  2  1  2]
 [ 7  3  3 12  0 30 10]
 [17 10  5 27  0  8 50]]

Reading  corpus/output466.json
SVM RBF
Classification_report:
             precision    recall  f1-score   support

          B       0.69      0.75      0.72       179
          C       0.31      0.25      0.28        20
          G       0.37      0.31      0.33        36
          M       0.34      0.34      0.34        59
          O       0.00      0.00      0.00         1
          P       0.58      0.56      0.57        68
          R       0.48      0.47      0.48       102

avg / total       0.54      0.55      0.54       465

[[134   3  14   6   0  11  11]
 [  1   5   0   4   0   1   9]
 [ 22   0  11   0   0   3   0]
 [  9   2   3  20   0   4  21]
 [  0   0   0   0   0   1   0]
 [ 13   0   2   4   0  38  11]
 [ 15   6   0  25   0   8  48]]

SVM linear
Classification_report:
             precision    recall  f1-score   support

          B       0.64      0.66      0.65       179
          C       0.38      0.30      0.33        20
          G       0.31      0.33      0.32        36
          M       0.30      0.34      0.32        59
          O       0.00      0.00      0.00         1
          P       0.54      0.56      0.55        68
          R       0.43      0.37      0.40       102

avg / total       0.50      0.50      0.50       465

[[118   4  24   9   0  12  12]
 [  2   6   0   2   0   2   8]
 [ 19   0  12   1   0   4   0]
 [  9   1   1  20   0   5  23]
 [  0   0   0   0   0   1   0]
 [ 19   1   1   2   0  38   7]
 [ 18   4   1  32   0   9  38]]

Reading  corpus/output832.json
SVM RBF
Classification_report:
             precision    recall  f1-score   support

          B       0.57      0.65      0.61       256
          C       0.28      0.17      0.22        40
          G       0.30      0.24      0.26        72
          M       0.33      0.31      0.32       104
          O       0.00      0.00      0.00         7
          P       0.53      0.57      0.55       133
          R       0.49      0.48      0.48       219

avg / total       0.47      0.49      0.48       831

[[167   2  30  13   0  22  22]
 [  7   7   2   0   0   5  19]
 [ 43   0  17   2   0   4   6]
 [ 16   3   1  32   0  10  42]
 [  0   0   0   0   0   3   4]
 [ 27   4   2   7   0  76  17]
 [ 34   9   5  42   1  23 105]]

SVM linear
Classification_report:
             precision    recall  f1-score   support

          B       0.54      0.59      0.56       256
          C       0.21      0.28      0.24        40
          G       0.25      0.29      0.27        72
          M       0.28      0.34      0.31       104
          O       0.50      0.29      0.36         7
          P       0.48      0.41      0.44       133
          R       0.46      0.37      0.41       219

avg / total       0.44      0.43      0.43       831

[[150   6  45  12   0  20  23]
 [  7  11   0   3   0   6  13]
 [ 40   3  21   3   0   2   3]
 [ 16   4   1  35   0  12  36]
 [  0   1   0   1   2   3   0]
 [ 29  11   8  10   0  55  20]
 [ 34  16   8  60   2  17  82]]

