Reading  corpus/output366.json
SVM RBF
Classification_report:
             precision    recall  f1-score   support

          B       0.45      0.57      0.50        77
          C       0.27      0.15      0.19        20
          G       0.39      0.39      0.39        36
          M       0.24      0.24      0.24        45
          O       0.00      0.00      0.00         6
          P       0.46      0.43      0.44        65
          R       0.51      0.50      0.50       117

avg / total       0.42      0.43      0.42       366

[[44  1 10  3  0  9 10]
 [ 3  3  3  1  0  3  7]
 [10  2 14  0  1  4  5]
 [ 7  0  0 11  0  6 21]
 [ 0  0  0  0  0  3  3]
 [17  0  4  7  0 28  9]
 [17  5  5 24  0  8 58]]

SVM linear
Classification_report:
             precision    recall  f1-score   support

          B       0.43      0.52      0.47        77
          C       0.14      0.20      0.17        20
          G       0.26      0.31      0.28        36
          M       0.26      0.38      0.31        45
          O       0.40      0.33      0.36         6
          P       0.40      0.32      0.36        65
          R       0.47      0.32      0.39       117

avg / total       0.39      0.36      0.37       366

[[40  8 13  4  0  6  6]
 [ 5  4  0  2  0  2  7]
 [15  2 11  1  1  3  3]
 [ 5  0  1 17  0  7 15]
 [ 0  0  0  1  2  2  1]
 [13  1  8 10  2 21 10]
 [15 13  9 31  0 11 38]]

Reading  corpus/output466.json
SVM RBF
Classification_report:
             precision    recall  f1-score   support

          B       0.63      0.67      0.65       179
          C       0.44      0.35      0.39        20
          G       0.26      0.25      0.26        36
          M       0.27      0.29      0.28        59
          O       0.00      0.00      0.00         1
          P       0.55      0.54      0.55        68
          R       0.41      0.38      0.39       102

avg / total       0.49      0.49      0.49       465

[[120   3  20   9   0  14  13]
 [  3   7   0   1   0   0   9]
 [ 22   0   9   0   0   4   1]
 [  8   3   3  17   0   3  25]
 [  0   0   0   0   0   1   0]
 [ 19   0   1   2   0  37   9]
 [ 17   3   1  34   0   8  39]]

SVM linear
Classification_report:
             precision    recall  f1-score   support

          B       0.66      0.63      0.65       179
          C       0.37      0.35      0.36        20
          G       0.25      0.28      0.26        36
          M       0.26      0.29      0.27        59
          O       0.00      0.00      0.00         1
          P       0.46      0.53      0.49        68
          R       0.41      0.36      0.38       102

avg / total       0.48      0.47      0.48       465

[[113   5  25   8   0  16  12]
 [  1   7   0   1   0   3   8]
 [ 21   0  10   0   0   5   0]
 [  9   1   2  17   0   5  25]
 [  0   0   0   0   0   1   0]
 [ 16   1   3   3   0  36   9]
 [ 10   5   0  37   0  13  37]]

Reading  corpus/output832.json
SVM RBF
Classification_report:
             precision    recall  f1-score   support

          B       0.57      0.68      0.62       256
          C       0.28      0.20      0.23        40
          G       0.35      0.29      0.32        72
          M       0.32      0.30      0.31       104
          O       0.50      0.14      0.22         7
          P       0.40      0.39      0.39       133
          R       0.51      0.48      0.50       219

avg / total       0.46      0.47      0.46       831

[[174   3  21  11   0  25  22]
 [  5   8   3   0   0   7  17]
 [ 31   2  21   1   0  10   7]
 [ 22   1   2  31   0  13  35]
 [  0   0   0   0   1   3   3]
 [ 37   4   7  13   1  52  19]
 [ 34  11   6  41   0  21 106]]

SVM linear
Classification_report:
             precision    recall  f1-score   support

          B       0.59      0.71      0.64       256
          C       0.14      0.17      0.16        40
          G       0.32      0.29      0.30        72
          M       0.30      0.34      0.32       104
          O       0.67      0.29      0.40         7
          P       0.56      0.44      0.49       133
          R       0.48      0.41      0.44       219

avg / total       0.48      0.47      0.47       831

[[181   5  24  21   0  13  12]
 [  3   7   2   2   0   5  21]
 [ 40   6  21   0   0   1   4]
 [ 18   4   4  35   0   7  36]
 [  0   0   0   0   2   3   2]
 [ 28   6   8  12   0  58  21]
 [ 36  22   7  48   1  16  89]]

