SVM RBF
Classification_report:
             precision    recall  f1-score   support
          B       0.45      0.96      0.62       179
          C       0.00      0.00      0.00        20
          G       0.00      0.00      0.00        36
          M       0.00      0.00      0.00        59
          O       0.00      0.00      0.00         1
          P       0.33      0.01      0.03        68
          R       0.40      0.34      0.37       103

avg / total       0.31      0.44      0.32       466

[[171   0   0   0   0   0   8]
 [ 11   0   0   0   0   0   9]
 [ 36   0   0   0   0   0   0]
 [ 40   0   0   0   0   1  18]
 [  1   0   0   0   0   0   0]
 [ 50   0   0   0   0   1  17]
 [ 67   0   0   0   0   1  35]]

SVM linear
Classification_report:
             precision    recall  f1-score   support
          B       0.53      0.65      0.58       179
          C       0.25      0.25      0.25        20
          G       0.17      0.14      0.15        36
          M       0.20      0.19      0.19        59
          O       0.00      0.00      0.00         1
          P       0.37      0.37      0.37        68
          R       0.39      0.28      0.33       103

avg / total       0.39      0.41      0.40       466

[[116   7  19  10   0  14  13]
 [  5   5   1   0   0   5   4]
 [ 25   2   5   1   0   2   1]
 [ 19   2   2  11   0   8  17]
 [  0   0   0   0   0   1   0]
 [ 20   2   0  11   0  25  10]
 [ 33   2   3  23   0  13  29]]

KNN
Classification_report:
             precision    recall  f1-score   support
          B       0.47      0.73      0.57       179
          C       0.05      0.05      0.05        20
          G       0.06      0.06      0.06        36
          M       0.30      0.19      0.23        59
          O       0.00      0.00      0.00         1
          P       0.30      0.21      0.25        68
          R       0.30      0.15      0.20       103

avg / total       0.33      0.37      0.33       466

[[131   4  15   5   0  13  11]
 [ 10   1   0   3   0   3   3]
 [ 30   0   2   0   0   2   2]
 [ 25   4   5  11   0   3  11]
 [  1   0   0   0   0   0   0]
 [ 33   3   4   6   0  14   8]
 [ 51   8   6  12   0  11  15]]

NB
Classification_report:
             precision    recall  f1-score   support
          B       0.57      0.49      0.53       179
          C       0.00      0.00      0.00        20
          G       0.18      0.11      0.14        36
          M       0.32      0.39      0.35        59
          O       0.00      0.00      0.00         1
          P       0.39      0.53      0.45        68
          R       0.45      0.48      0.46       103

avg / total       0.43      0.43      0.43       466

[[88  5 18 21  0 29 18]
 [ 8  0  0  5  0  1  6]
 [18  2  4  2  0  4  6]
 [ 9  1  0 23  0  9 17]
 [ 1  0  0  0  0  0  0]
 [13  2  0  4  0 36 13]
 [17  5  0 18  0 14 49]]

DT
Classification_report:
             precision    recall  f1-score   support
          B       0.54      0.63      0.58       179
          C       0.09      0.05      0.06        20
          G       0.12      0.11      0.12        36
          M       0.21      0.22      0.22        59
          O       0.00      0.00      0.00         1
          P       0.45      0.44      0.45        68
          R       0.34      0.29      0.31       103

avg / total       0.39      0.41      0.40       466

[[112   2  15  12   1  16  21]
 [  6   1   2   1   0   5   5]
 [ 20   3   4   3   0   0   6]
 [ 17   2   4  13   0   6  17]
 [  1   0   0   0   0   0   0]
 [ 18   2   1   7   0  30  10]
 [ 32   1   6  25   0   9  30]]

CRF
Classification_report:
             precision    recall  f1-score   support
          B      0.644     0.810     0.718       179
          C      0.600     0.600     0.600        20
          G      0.400     0.167     0.235        36
          M      0.364     0.203     0.261        59
          O      0.000     0.000     0.000         1
          P      0.509     0.412     0.455        68
          R      0.424     0.485     0.452       103

avg / total      0.518     0.543     0.519       466
