SVM RBF
Classification_report:
             precision    recall  f1-score   support
          B       0.38      1.00      0.56       179
          C       0.00      0.00      0.00        20
          G       0.00      0.00      0.00        36
          M       0.00      0.00      0.00        59
          O       0.00      0.00      0.00         1
          P       0.00      0.00      0.00        68
          R       0.00      0.00      0.00       103

avg / total       0.15      0.38      0.21       466

[[179   0   0   0   0   0   0]
 [ 20   0   0   0   0   0   0]
 [ 36   0   0   0   0   0   0]
 [ 59   0   0   0   0   0   0]
 [  1   0   0   0   0   0   0]
 [ 68   0   0   0   0   0   0]
 [103   0   0   0   0   0   0]]

SVM linear
Classification_report:
             precision    recall  f1-score   support
          B       0.49      0.58      0.53       179
          C       0.00      0.00      0.00        20
          G       0.19      0.17      0.18        36
          M       0.25      0.24      0.24        59
          O       0.00      0.00      0.00         1
          P       0.40      0.37      0.38        68
          R       0.25      0.18      0.21       103

avg / total       0.35      0.36      0.35       466

[[104  10  15  17   0  10  23]
 [  9   0   3   1   0   3   4]
 [ 20   2   6   0   0   2   6]
 [ 20   2   1  14   0   7  15]
 [  0   0   0   0   0   1   0]
 [ 16   6   2   9   0  25  10]
 [ 42   9   4  15   0  14  19]]

KNN
Classification_report:
             precision    recall  f1-score   support
          B       0.42      0.66      0.51       179
          C       0.05      0.05      0.05        20
          G       0.09      0.06      0.07        36
          M       0.33      0.22      0.27        59
          O       0.00      0.00      0.00         1
          P       0.38      0.18      0.24        68
          R       0.26      0.17      0.21       103

avg / total       0.32      0.35      0.32       466

[[119  11  12  12   0   4  21]
 [ 16   1   0   0   0   1   2]
 [ 26   1   2   1   0   2   4]
 [ 29   1   2  13   0   4  10]
 [  0   0   0   0   0   0   1]
 [ 35   2   1   5   0  12  13]
 [ 59   3   6   8   0   9  18]]

NB
Classification_report:
             precision    recall  f1-score   support
          B       0.47      0.49      0.48       179
          C       0.07      0.10      0.08        20
          G       0.22      0.17      0.19        36
          M       0.25      0.46      0.32        59
          O       0.00      0.00      0.00         1
          P       0.37      0.28      0.32        68
          R       0.21      0.13      0.16       103

avg / total       0.33      0.33      0.32       466

[[87 10 12 30  0 16 24]
 [ 9  2  3  2  0  4  0]
 [15  3  6  5  0  0  7]
 [15  3  2 27  0  5  7]
 [ 0  0  0  0  0  0  1]
 [22  6  0 11  0 19 10]
 [37  6  4 35  0  8 13]]

DT
Classification_report:
             precision    recall  f1-score   support
          B       0.46      0.47      0.47       179
          C       0.04      0.05      0.05        20
          G       0.10      0.08      0.09        36
          M       0.18      0.17      0.17        59
          O       0.00      0.00      0.00         1
          P       0.16      0.13      0.14        68
          R       0.17      0.18      0.18       103

avg / total       0.27      0.27      0.27       466

[[84 10 10 13  0 18 44]
 [11  1  2  1  0  4  1]
 [18  1  3  3  0  2  9]
 [16  2  6 10  0  6 19]
 [ 0  0  0  0  0  0  1]
 [16  6  6 10  0  9 21]
 [37  4  3 20  1 19 19]]

CRF
Classification_report:
             precision    recall  f1-score   support
          B      0.476     0.961     0.637       179
          C      0.000     0.000     0.000        20
          G      0.000     0.000     0.000        36
          M      1.000     0.017     0.033        59
          O      0.000     0.000     0.000         1
          P      0.212     0.162     0.183        68
          R      0.404     0.204     0.271       103

avg / total      0.430     0.440     0.336       466
