SVM RBF
Classification_report:
             precision    recall  f1-score   support
          B       0.31      0.99      0.48       256
          C       0.00      0.00      0.00        40
          G       0.00      0.00      0.00        72
          M       0.00      0.00      0.00       104
          O       0.00      0.00      0.00         7
          P       1.00      0.02      0.03       133
          R       0.36      0.04      0.07       220

avg / total       0.35      0.32      0.17       832

[[253   0   0   0   0   0   3]
 [ 39   0   0   0   0   0   1]
 [ 71   0   0   0   0   0   1]
 [100   0   0   0   0   0   4]
 [  7   0   0   0   0   0   0]
 [124   0   0   0   0   2   7]
 [211   0   0   0   0   0   9]]

SVM linear
Classification_report:
             precision    recall  f1-score   support
          B       0.45      0.58      0.51       256
          C       0.10      0.07      0.08        40
          G       0.24      0.14      0.18        72
          M       0.30      0.25      0.27       104
          O       0.30      0.43      0.35         7
          P       0.50      0.42      0.46       133
          R       0.39      0.39      0.39       220

avg / total       0.39      0.40      0.39       832

[[149   6  22  18   0  11  50]
 [ 19   3   1   0   1   4  12]
 [ 46   4  10   0   0   4   8]
 [ 25   2   0  26   2  13  36]
 [  0   0   0   0   3   2   2]
 [ 25   8   2  16   1  56  25]
 [ 66   8   7  27   3  23  86]]

KNN
Classification_report:
             precision    recall  f1-score   support
          B       0.38      0.60      0.46       256
          C       0.03      0.03      0.03        40
          G       0.21      0.19      0.20        72
          M       0.24      0.18      0.21       104
          O       0.00      0.00      0.00         7
          P       0.38      0.23      0.28       133
          R       0.24      0.18      0.20       220

avg / total       0.29      0.31      0.29       832

[[154  10  20  12   1  15  44]
 [ 20   1   4   2   0   5   8]
 [ 37   1  14   4   0   4  12]
 [ 42   4   4  19   0   6  29]
 [  2   0   0   2   0   0   3]
 [ 53   5   8   9   0  30  28]
 [102   9  17  31   2  20  39]]

NB
Classification_report:
             precision    recall  f1-score   support
          B       0.43      0.40      0.41       256
          C       0.09      0.15      0.11        40
          G       0.23      0.21      0.22        72
          M       0.18      0.34      0.23       104
          O       0.22      0.29      0.25         7
          P       0.36      0.21      0.27       133
          R       0.32      0.26      0.29       220

avg / total       0.32      0.29      0.30       832

[[102  16  27  46   1  15  49]
 [ 16   6   3   2   0   6   7]
 [ 30   8  15   5   0   2  12]
 [ 20   3   5  35   1  11  29]
 [  1   0   1   1   2   1   1]
 [ 21  19   5  36   1  28  23]
 [ 47  18  10  69   4  15  57]]

DT
Classification_report:
             precision    recall  f1-score   support
          B       0.36      0.30      0.33       256
          C       0.05      0.07      0.06        40
          G       0.12      0.14      0.13        72
          M       0.22      0.24      0.23       104
          O       0.00      0.00      0.00         7
          P       0.30      0.32      0.31       133
          R       0.33      0.31      0.32       220

avg / total       0.29      0.27      0.28       832

[[78 16 40 32  1 32 57]
 [13  3  3  6  0  7  8]
 [23  5 10  7  0 13 14]
 [18  3  8 25  1 17 32]
 [ 1  0  0  1  0  3  2]
 [28 14  8  8  3 43 29]
 [55 15 11 34  7 29 69]]

CRF
Classification_report:
             precision    recall  f1-score   support
          B      0.359     0.461     0.403       256
          C      0.000     0.000     0.000        40
          G      0.000     0.000     0.000        72
          M      0.000     0.000     0.000       104
          O      0.000     0.000     0.000         7
          P      0.346     0.271     0.304       133
          R      0.303     0.550     0.391       220

avg / total      0.246     0.331     0.276       832
