Reading  corpus/output366.json
SVM RBF
Classification_report:
             precision    recall  f1-score   support

          B       0.39      0.42      0.40        77
          C       0.11      0.15      0.13        20
          G       0.48      0.42      0.45        36
          M       0.29      0.27      0.28        45
          O       0.50      0.50      0.50         6
          P       0.54      0.55      0.55        65
          R       0.49      0.47      0.48       117

avg / total       0.43      0.43      0.43       366

[[32  8 10  7  1  5 14]
 [ 4  3  0  1  0  5  7]
 [11  2 15  0  0  4  4]
 [ 5  1  1 12  0  6 20]
 [ 0  0  0  0  3  2  1]
 [ 8  2  3  4  1 36 11]
 [22 11  2 17  1  9 55]]

SVM linear
Classification_report:
             precision    recall  f1-score   support

          B       0.39      0.39      0.39        77
          C       0.15      0.25      0.19        20
          G       0.47      0.44      0.46        36
          M       0.24      0.27      0.25        45
          O       0.50      0.50      0.50         6
          P       0.54      0.54      0.54        65
          R       0.51      0.44      0.47       117

avg / total       0.43      0.42      0.42       366

[[30  9 11  9  1  4 13]
 [ 2  5  0  1  0  4  8]
 [ 9  3 16  1  0  4  3]
 [ 6  1  1 12  0  7 18]
 [ 0  0  0  0  3  2  1]
 [ 8  5  3  6  1 35  7]
 [21 10  3 21  1  9 52]]

Reading  corpus/output466.json
SVM RBF
Classification_report:
             precision    recall  f1-score   support

          B       0.52      0.57      0.55       179
          C       0.06      0.05      0.05        20
          G       0.21      0.17      0.19        36
          M       0.30      0.32      0.31        59
          O       0.00      0.00      0.00         1
          P       0.47      0.49      0.48        68
          R       0.28      0.25      0.26       102

avg / total       0.39      0.40      0.39       465

[[102   4  17  17   0  14  25]
 [  8   1   0   2   0   2   7]
 [ 24   0   6   1   0   0   5]
 [ 14   3   1  19   0   7  15]
 [  0   0   0   0   0   0   1]
 [ 12   5   2   4   0  33  12]
 [ 35   5   2  21   0  14  25]]

SVM linear
Classification_report:
             precision    recall  f1-score   support

          B       0.51      0.51      0.51       179
          C       0.09      0.10      0.10        20
          G       0.18      0.17      0.17        36
          M       0.29      0.32      0.31        59
          O       0.00      0.00      0.00         1
          P       0.42      0.47      0.44        68
          R       0.31      0.27      0.29       102

avg / total       0.38      0.38      0.38       465

[[91  7 21 19  0 14 27]
 [ 8  2  0  2  0  5  3]
 [22  1  6  1  0  1  5]
 [13  3  1 19  0  7 16]
 [ 0  0  0  0  0  0  1]
 [16  4  2  4  0 32 10]
 [29  5  3 20  0 17 28]]

Reading  corpus/output832.json
SVM RBF
Classification_report:
             precision    recall  f1-score   support

          B       0.46      0.59      0.52       256
          C       0.10      0.05      0.07        40
          G       0.26      0.21      0.23        72
          M       0.34      0.30      0.32       104
          O       0.33      0.29      0.31         7
          P       0.56      0.51      0.54       133
          R       0.44      0.42      0.43       219

avg / total       0.42      0.43      0.42       831

[[151   6  31  14   1  15  38]
 [ 16   2   1   0   0   9  12]
 [ 43   4  15   1   0   4   5]
 [ 28   0   1  31   0   5  39]
 [  0   1   0   0   2   3   1]
 [ 28   4   2  10   1  68  20]
 [ 64   4   7  34   2  17  91]]

SVM linear
Classification_report:
             precision    recall  f1-score   support

          B       0.45      0.50      0.47       256
          C       0.14      0.17      0.16        40
          G       0.28      0.28      0.28        72
          M       0.33      0.35      0.34       104
          O       0.43      0.43      0.43         7
          P       0.51      0.53      0.52       133
          R       0.40      0.32      0.35       219

avg / total       0.40      0.40      0.40       831

[[127  14  36  23   1  15  40]
 [ 10   7   3   1   0   9  10]
 [ 38   5  20   1   0   4   4]
 [ 23   4   1  36   0   7  33]
 [  0   1   0   0   3   2   1]
 [ 24   7   2  11   1  70  18]
 [ 59  12   9  37   2  30  70]]

