Reading  corpus/output366.json
SVM RBF
Classification_report:
             precision    recall  f1-score   support

          B       0.44      0.40      0.42        77
          C       0.19      0.25      0.21        20
          G       0.45      0.42      0.43        36
          M       0.31      0.33      0.32        45
          O       0.33      0.17      0.22         6
          P       0.57      0.57      0.57        65
          R       0.50      0.50      0.50       117

avg / total       0.45      0.45      0.45       366

[[31  9 10  7  1  4 15]
 [ 1  5  0  1  0  3 10]
 [12  1 15  0  0  2  6]
 [ 4  1  2 15  0  5 18]
 [ 0  0  0  0  1  4  1]
 [ 6  3  3  6  1 37  9]
 [17  8  3 20  0 10 59]]

SVM linear
Classification_report:
             precision    recall  f1-score   support

          B       0.43      0.40      0.42        77
          C       0.19      0.25      0.22        20
          G       0.49      0.47      0.48        36
          M       0.29      0.31      0.30        45
          O       0.50      0.33      0.40         6
          P       0.59      0.57      0.58        65
          R       0.50      0.50      0.50       117

avg / total       0.45      0.45      0.45       366

[[31  8 10  7  1  4 16]
 [ 1  5  0  1  0  3 10]
 [12  1 17  0  0  1  5]
 [ 5  1  2 14  0  5 18]
 [ 0  0  0  0  2  3  1]
 [ 6  3  3  6  1 37  9]
 [17  8  3 21  0 10 58]]

Reading  corpus/output466.json
SVM RBF
Classification_report:
             precision    recall  f1-score   support

          B       0.49      0.53      0.51       179
          C       0.00      0.00      0.00        20
          G       0.19      0.14      0.16        36
          M       0.34      0.32      0.33        59
          O       0.00      0.00      0.00         1
          P       0.45      0.49      0.46        68
          R       0.32      0.31      0.32       102

avg / total       0.38      0.40      0.39       465

[[95  3 19 15  0 19 28]
 [ 9  0  0  0  0  5  6]
 [26  0  5  0  0  0  5]
 [12  3  1 19  0  6 18]
 [ 0  0  0  0  0  0  1]
 [15  2  1  6  0 33 11]
 [35  7  1 16  0 11 32]]

SVM linear
Classification_report:
             precision    recall  f1-score   support

          B       0.49      0.53      0.51       179
          C       0.00      0.00      0.00        20
          G       0.17      0.14      0.15        36
          M       0.34      0.32      0.33        59
          O       0.00      0.00      0.00         1
          P       0.43      0.49      0.46        68
          R       0.31      0.30      0.31       102

avg / total       0.38      0.39      0.38       465

[[94  3 20 15  0 19 28]
 [ 9  0  0  0  0  5  6]
 [26  0  5  0  0  1  4]
 [12  3  1 19  0  6 18]
 [ 0  0  0  0  0  0  1]
 [15  2  1  6  0 33 11]
 [34  7  2 16  0 12 31]]

Reading  corpus/output832.json
SVM RBF
Classification_report:
             precision    recall  f1-score   support

          B       0.47      0.54      0.50       256
          C       0.12      0.10      0.11        40
          G       0.35      0.31      0.33        72
          M       0.37      0.39      0.38       104
          O       0.25      0.14      0.18         7
          P       0.55      0.53      0.54       133
          R       0.47      0.43      0.45       219

avg / total       0.44      0.45      0.44       831

[[137   7  30  23   0  20  39]
 [ 18   4   1   2   0   5  10]
 [ 40   4  22   2   0   0   4]
 [ 17   4   1  41   0   9  32]
 [  0   0   0   0   1   4   2]
 [ 28   3   1   9   1  71  20]
 [ 50  10   8  34   2  21  94]]

SVM linear
Classification_report:
             precision    recall  f1-score   support

          B       0.47      0.52      0.49       256
          C       0.11      0.10      0.10        40
          G       0.35      0.31      0.33        72
          M       0.39      0.41      0.40       104
          O       0.25      0.14      0.18         7
          P       0.55      0.56      0.55       133
          R       0.47      0.43      0.45       219

avg / total       0.44      0.45      0.44       831

[[132   8  31  22   0  20  43]
 [ 19   4   0   2   0   5  10]
 [ 39   4  22   2   0   1   4]
 [ 18   4   1  43   0  10  28]
 [  0   0   0   0   1   4   2]
 [ 25   5   2   7   1  74  19]
 [ 50  12   7  33   2  21  94]]

