Reading  corpus/output366.json
SVM RBF
Classification_report:
             precision    recall  f1-score   support

          B       0.39      0.47      0.43        77
          C       0.12      0.05      0.07        20
          G       0.28      0.19      0.23        36
          M       0.21      0.18      0.19        45
          O       0.43      0.50      0.46         6
          P       0.48      0.48      0.48        65
          R       0.43      0.49      0.46       117

avg / total       0.37      0.39      0.38       366

[[36  3 11  6  1  4 16]
 [ 8  1  0  0  0  4  7]
 [18  2  7  0  0  1  8]
 [ 6  0  0  8  0  6 25]
 [ 0  0  0  0  3  2  1]
 [ 6  0  3  6  1 31 18]
 [18  2  4 18  2 16 57]]

SVM linear
Classification_report:
             precision    recall  f1-score   support

          B       0.30      0.35      0.32        77
          C       0.10      0.20      0.13        20
          G       0.32      0.28      0.30        36
          M       0.18      0.24      0.21        45
          O       0.43      0.50      0.46         6
          P       0.48      0.48      0.48        65
          R       0.47      0.29      0.36       117

avg / total       0.36      0.33      0.34       366

[[27 12 12  9  1  7  9]
 [ 7  4  1  1  0  2  5]
 [15  4 10  1  0  4  2]
 [13  1  1 11  0  7 12]
 [ 0  1  0  0  3  1  1]
 [ 5  7  3  8  1 31 10]
 [23 11  4 31  2 12 34]]

Reading  corpus/output466.json
SVM RBF
Classification_report:
             precision    recall  f1-score   support

          B       0.49      0.64      0.55       179
          C       0.00      0.00      0.00        20
          G       0.26      0.14      0.18        36
          M       0.35      0.32      0.33        59
          O       0.00      0.00      0.00         1
          P       0.46      0.38      0.42        68
          R       0.32      0.28      0.30       102

avg / total       0.39      0.42      0.40       465

[[114   2  12  17   0   9  25]
 [ 12   0   1   1   0   2   4]
 [ 26   0   5   1   0   0   4]
 [ 20   1   0  19   0   5  14]
 [  0   0   0   0   0   0   1]
 [ 21   3   1   3   0  26  14]
 [ 41   3   0  14   0  15  29]]

SVM linear
Classification_report:
             precision    recall  f1-score   support

          B       0.46      0.42      0.44       179
          C       0.00      0.00      0.00        20
          G       0.20      0.25      0.22        36
          M       0.28      0.39      0.32        59
          O       0.00      0.00      0.00         1
          P       0.39      0.38      0.39        68
          R       0.29      0.23      0.26       102

avg / total       0.35      0.34      0.34       465

[[76 13 28 23  0 15 24]
 [ 8  0  2  1  0  3  6]
 [22  0  9  1  0  1  3]
 [19  3  0 23  0  3 11]
 [ 0  0  0  0  0  0  1]
 [13  6  2 11  0 26 10]
 [29  4  4 24  0 18 23]]

Reading  corpus/output832.json
SVM RBF
Classification_report:
             precision    recall  f1-score   support

          B       0.47      0.62      0.54       256
          C       0.18      0.05      0.08        40
          G       0.39      0.24      0.29        72
          M       0.24      0.15      0.19       104
          O       0.33      0.29      0.31         7
          P       0.48      0.47      0.47       133
          R       0.40      0.43      0.41       219

avg / total       0.40      0.42      0.40       831

[[159   1  20  18   1  11  46]
 [ 15   2   1   0   0   7  15]
 [ 44   1  17   2   0   1   7]
 [ 26   0   0  16   0  15  47]
 [  0   0   0   0   2   3   2]
 [ 31   2   4   7   1  62  26]
 [ 61   5   2  25   2  30  94]]

SVM linear
Classification_report:
             precision    recall  f1-score   support

          B       0.44      0.49      0.46       256
          C       0.09      0.15      0.12        40
          G       0.25      0.24      0.24        72
          M       0.29      0.31      0.30       104
          O       0.43      0.43      0.43         7
          P       0.53      0.50      0.52       133
          R       0.40      0.32      0.35       219

avg / total       0.39      0.38      0.39       831

[[125  18  38  26   0  16  33]
 [ 10   6   3   0   0   6  15]
 [ 37   4  17   4   0   2   8]
 [ 25   8   1  32   0  11  27]
 [  0   1   0   1   3   1   1]
 [ 25  10   2   9   1  67  19]
 [ 61  17   8  38   3  23  69]]

