Reading  corpus/output366.json
SVM RBF
Classification_report:
             precision    recall  f1-score   support

          B       0.41      0.49      0.45        77
          C       0.14      0.05      0.07        20
          G       0.23      0.14      0.17        36
          M       0.26      0.20      0.23        45
          O       0.40      0.33      0.36         6
          P       0.37      0.34      0.35        65
          R       0.43      0.54      0.48       117

avg / total       0.36      0.38      0.37       366

[[38  0  5  8  1  6 19]
 [ 3  1  1  1  0  5  9]
 [18  2  5  0  0  3  8]
 [ 5  0  2  9  0  8 21]
 [ 0  0  0  0  2  1  3]
 [10  2  3  3  1 22 24]
 [18  2  6 13  1 14 63]]

SVM linear
Classification_report:
             precision    recall  f1-score   support

          B       0.40      0.45      0.43        77
          C       0.09      0.15      0.11        20
          G       0.34      0.39      0.36        36
          M       0.22      0.22      0.22        45
          O       0.50      0.67      0.57         6
          P       0.39      0.37      0.38        65
          R       0.47      0.37      0.41       117

avg / total       0.38      0.36      0.37       366

[[35  7  8  8  1  8 10]
 [ 1  3  4  1  0  3  8]
 [12  5 14  1  0  3  1]
 [ 6  1  3 10  0  9 16]
 [ 0  1  0  0  4  0  1]
 [13  5  4  6  1 24 12]
 [20 11  8 19  2 14 43]]

Reading  corpus/output466.json
SVM RBF
Classification_report:
             precision    recall  f1-score   support

          B       0.46      0.66      0.55       179
          C       0.00      0.00      0.00        20
          G       0.50      0.03      0.05        36
          M       0.30      0.24      0.26        59
          O       0.00      0.00      0.00         1
          P       0.46      0.38      0.42        68
          R       0.27      0.27      0.27       102

avg / total       0.38      0.40      0.37       465

[[118   1   0  14   0   7  39]
 [ 11   0   1   0   0   4   4]
 [ 29   0   1   1   0   2   3]
 [ 26   0   0  14   0   3  16]
 [  0   0   0   0   0   0   1]
 [ 23   1   0   5   0  26  13]
 [ 47   0   0  13   0  14  28]]

SVM linear
Classification_report:
             precision    recall  f1-score   support

          B       0.45      0.49      0.47       179
          C       0.00      0.00      0.00        20
          G       0.15      0.14      0.14        36
          M       0.29      0.32      0.30        59
          O       0.00      0.00      0.00         1
          P       0.39      0.38      0.39        68
          R       0.23      0.18      0.20       102

avg / total       0.33      0.33      0.33       465

[[87 12 20 19  0 10 31]
 [ 7  0  3  2  0  4  4]
 [22  2  5  1  0  2  4]
 [18  1  2 19  0  7 12]
 [ 0  0  0  0  0  1  0]
 [16  9  1  7  0 26  9]
 [44  3  2 18  0 17 18]]

Reading  corpus/output832.json
SVM RBF
Classification_report:
             precision    recall  f1-score   support

          B       0.46      0.67      0.54       256
          C       0.00      0.00      0.00        40
          G       0.00      0.00      0.00        72
          M       0.27      0.13      0.18       104
          O       0.20      0.14      0.17         7
          P       0.50      0.44      0.47       133
          R       0.39      0.48      0.43       219

avg / total       0.36      0.42      0.38       831

[[172   0   3  13   1  13  54]
 [ 19   0   1   0   0   6  14]
 [ 54   0   0   0   0   5  13]
 [ 25   0   0  14   0  10  55]
 [  0   0   0   1   1   3   2]
 [ 38   0   0   5   1  59  30]
 [ 68   1   3  18   2  21 106]]

SVM linear
Classification_report:
             precision    recall  f1-score   support

          B       0.45      0.59      0.51       256
          C       0.16      0.15      0.15        40
          G       0.23      0.14      0.17        72
          M       0.33      0.24      0.28       104
          O       0.33      0.43      0.38         7
          P       0.50      0.44      0.47       133
          R       0.40      0.38      0.39       219

avg / total       0.39      0.41      0.39       831

[[151  10  23  15   1  14  42]
 [ 14   6   3   0   0   4  13]
 [ 43   4  10   0   0   5  10]
 [ 25   2   1  25   1  10  40]
 [  0   0   0   0   3   2   2]
 [ 31   7   2  12   2  59  20]
 [ 73   9   5  24   2  23  83]]

