Reading  corpus/output366.json
SVM RBF
Classification_report:
             precision    recall  f1-score   support

          B       0.41      0.44      0.43        77
          C       0.19      0.25      0.21        20
          G       0.46      0.44      0.45        36
          M       0.33      0.40      0.36        45
          O       0.50      0.33      0.40         6
          P       0.56      0.52      0.54        65
          R       0.50      0.44      0.47       117

avg / total       0.45      0.44      0.44       366

[[34  7 11  6  1  5 13]
 [ 3  5  0  1  0  2  9]
 [12  2 16  0  0  2  4]
 [ 4  1  2 18  0  5 15]
 [ 0  0  0  0  2  3  1]
 [ 9  2  3  7  1 34  9]
 [20 10  3 22  0 10 52]]

SVM linear
Classification_report:
             precision    recall  f1-score   support

          B       0.40      0.43      0.42        77
          C       0.16      0.25      0.19        20
          G       0.47      0.44      0.46        36
          M       0.36      0.44      0.40        45
          O       0.50      0.33      0.40         6
          P       0.53      0.52      0.53        65
          R       0.52      0.42      0.46       117

avg / total       0.45      0.43      0.44       366

[[33  7 11  5  1  7 13]
 [ 3  5  0  1  0  2  9]
 [12  4 16  0  0  2  2]
 [ 4  1  2 20  0  5 13]
 [ 0  0  0  0  2  3  1]
 [ 8  3  3  8  1 34  8]
 [22 12  2 21  0 11 49]]

Reading  corpus/output466.json
SVM RBF
Classification_report:
             precision    recall  f1-score   support

          B       0.49      0.49      0.49       179
          C       0.10      0.10      0.10        20
          G       0.17      0.14      0.15        36
          M       0.28      0.29      0.28        59
          O       0.00      0.00      0.00         1
          P       0.37      0.44      0.40        68
          R       0.28      0.26      0.27       102

avg / total       0.36      0.36      0.36       465

[[88  4 19 17  0 21 30]
 [ 7  2  1  1  0  5  4]
 [24  1  5  0  0  1  5]
 [16  2  1 17  0  9 14]
 [ 0  0  0  0  0  0  1]
 [15  3  0  6  0 30 14]
 [29  8  3 20  0 15 27]]

SVM linear
Classification_report:
             precision    recall  f1-score   support

          B       0.49      0.49      0.49       179
          C       0.10      0.10      0.10        20
          G       0.19      0.17      0.18        36
          M       0.31      0.31      0.31        59
          O       0.00      0.00      0.00         1
          P       0.37      0.44      0.40        68
          R       0.31      0.28      0.29       102

avg / total       0.37      0.37      0.37       465

[[87  4 20 17  0 21 30]
 [ 7  2  1  1  0  5  4]
 [24  1  6  0  0  0  5]
 [16  2  1 18  0 10 12]
 [ 0  0  0  0  0  0  1]
 [15  3  0  6  0 30 14]
 [29  9  3 17  0 15 29]]

Reading  corpus/output832.json
SVM RBF
Classification_report:
             precision    recall  f1-score   support

          B       0.48      0.55      0.51       256
          C       0.20      0.15      0.17        40
          G       0.35      0.28      0.31        72
          M       0.32      0.34      0.33       104
          O       0.25      0.14      0.18         7
          P       0.55      0.55      0.55       133
          R       0.46      0.43      0.45       219

avg / total       0.44      0.45      0.44       831

[[140   6  28  25   0  21  36]
 [ 15   6   1   0   0   7  11]
 [ 39   3  20   2   0   3   5]
 [ 22   3   0  35   0   7  37]
 [  0   1   0   0   1   3   2]
 [ 22   4   2  10   1  73  21]
 [ 53   7   6  38   2  18  95]]

SVM linear
Classification_report:
             precision    recall  f1-score   support

          B       0.47      0.52      0.49       256
          C       0.23      0.23      0.23        40
          G       0.33      0.26      0.29        72
          M       0.36      0.39      0.37       104
          O       0.40      0.29      0.33         7
          P       0.55      0.56      0.56       133
          R       0.49      0.44      0.46       219

avg / total       0.45      0.45      0.45       831

[[132   7  30  25   0  23  39]
 [ 12   9   1   1   0   8   9]
 [ 40   4  19   2   0   3   4]
 [ 22   4   1  41   0   7  29]
 [  0   0   0   0   2   3   2]
 [ 20   6   2  12   1  75  17]
 [ 55   9   5  34   2  18  96]]

