Reading  corpus/output366.json
SVM RBF
Classification_report:
             precision    recall  f1-score   support

          B       0.39      0.52      0.45        77
          C       0.00      0.00      0.00        20
          G       0.75      0.08      0.15        36
          M       0.60      0.07      0.12        45
          O       0.00      0.00      0.00         6
          P       0.47      0.42      0.44        65
          R       0.40      0.68      0.50       117

avg / total       0.44      0.42      0.36       366

[[40  0  0  0  0  4 33]
 [ 5  0  0  0  0  3 12]
 [19  0  3  0  0  3 11]
 [ 3  0  0  3  0  5 34]
 [ 0  0  0  0  0  2  4]
 [13  0  1  0  0 27 24]
 [22  0  0  2  0 14 79]]

SVM linear
Classification_report:
             precision    recall  f1-score   support

          B       0.33      0.39      0.36        77
          C       0.19      0.25      0.21        20
          G       0.32      0.36      0.34        36
          M       0.18      0.20      0.19        45
          O       0.60      0.50      0.55         6
          P       0.36      0.34      0.35        65
          R       0.43      0.33      0.38       117

avg / total       0.34      0.33      0.33       366

[[30  9 13  8  0  4 13]
 [ 7  5  2  0  0  2  4]
 [11  1 13  0  0  6  5]
 [ 8  1  2  9  0 10 15]
 [ 0  0  0  0  3  1  2]
 [ 9  4  6 11  1 22 12]
 [26  7  5 23  1 16 39]]

Reading  corpus/output466.json
SVM RBF
Classification_report:
             precision    recall  f1-score   support

          B       0.45      0.83      0.58       179
          C       0.00      0.00      0.00        20
          G       0.00      0.00      0.00        36
          M       0.25      0.05      0.08        59
          O       0.00      0.00      0.00         1
          P       0.50      0.29      0.37        68
          R       0.31      0.25      0.28       102

avg / total       0.35      0.42      0.35       465

[[148   0   0   2   0   5  24]
 [ 14   0   0   0   0   3   3]
 [ 33   0   0   0   0   0   3]
 [ 30   0   0   3   0   4  22]
 [  0   0   0   0   0   0   1]
 [ 40   0   0   3   0  20   5]
 [ 64   0   0   4   0   8  26]]

SVM linear
Classification_report:
             precision    recall  f1-score   support

          B       0.44      0.49      0.46       179
          C       0.00      0.00      0.00        20
          G       0.21      0.22      0.22        36
          M       0.24      0.22      0.23        59
          O       0.00      0.00      0.00         1
          P       0.33      0.34      0.33        68
          R       0.22      0.17      0.19       102

avg / total       0.31      0.32      0.31       465

[[87 13 19 17  0 18 25]
 [ 8  0  3  0  0  4  5]
 [20  2  8  1  0  1  4]
 [18  2  1 13  0  8 17]
 [ 0  0  0  0  0  1  0]
 [22  6  1  8  0 23  8]
 [41  7  6 16  0 15 17]]

Reading  corpus/output832.json
SVM RBF
Classification_report:
             precision    recall  f1-score   support

          B       0.43      0.70      0.53       256
          C       0.00      0.00      0.00        40
          G       0.00      0.00      0.00        72
          M       0.40      0.06      0.10       104
          O       0.00      0.00      0.00         7
          P       0.63      0.39      0.48       133
          R       0.39      0.56      0.46       219

avg / total       0.39      0.43      0.37       831

[[180   0   0   2   0   5  69]
 [ 24   0   0   0   0   4  12]
 [ 65   0   0   0   0   0   7]
 [ 30   0   0   6   0   6  62]
 [  0   0   0   0   0   3   4]
 [ 44   0   0   1   1  52  35]
 [ 78   0   0   6   0  13 122]]

SVM linear
Classification_report:
             precision    recall  f1-score   support

          B       0.43      0.53      0.47       256
          C       0.06      0.05      0.06        40
          G       0.24      0.21      0.22        72
          M       0.28      0.28      0.28       104
          O       0.43      0.43      0.43         7
          P       0.43      0.40      0.42       133
          R       0.40      0.35      0.37       219

avg / total       0.37      0.38      0.37       831

[[135  10  30  25   0  20  36]
 [ 16   2   4   1   0   5  12]
 [ 40   4  15   1   0   5   7]
 [ 27   2   4  29   0  13  29]
 [  0   0   0   0   3   1   3]
 [ 29   4   3  16   2  53  26]
 [ 69   9   6  32   2  25  76]]
