Reading  corpus/output366.json
SVM RBF
Classification_report:
             precision    recall  f1-score   support

          B       0.37      0.45      0.41        77
          C       0.43      0.15      0.22        20
          G       0.45      0.28      0.34        36
          M       0.30      0.18      0.22        45
          O       0.00      0.00      0.00         6
          P       0.58      0.51      0.54        65
          R       0.41      0.56      0.47       117

avg / total       0.42      0.42      0.41       366

[[35  0  7  4  0  5 26]
 [ 2  3  0  0  0  1 14]
 [18  1 10  0  0  0  7]
 [ 6  0  1  8  0  3 27]
 [ 0  0  0  0  0  5  1]
 [ 7  2  3  1  0 33 19]
 [26  1  1 14  0 10 65]]

SVM linear
Classification_report:
             precision    recall  f1-score   support

          B       0.43      0.49      0.46        77
          C       0.26      0.30      0.28        20
          G       0.48      0.42      0.45        36
          M       0.24      0.24      0.24        45
          O       0.67      0.33      0.44         6
          P       0.62      0.58      0.60        65
          R       0.50      0.48      0.49       117

avg / total       0.46      0.45      0.46       366

[[38  5  9  4  0  6 15]
 [ 4  6  0  0  0  2  8]
 [14  2 15  0  0  0  5]
 [ 7  0  2 11  0  3 22]
 [ 0  0  0  0  2  3  1]
 [ 7  4  4  5  1 38  6]
 [19  6  1 26  0  9 56]]

Reading  corpus/output466.json
SVM RBF
Classification_report:
             precision    recall  f1-score   support

          B       0.54      0.73      0.62       179
          C       0.00      0.00      0.00        20
          G       0.33      0.11      0.17        36
          M       0.25      0.20      0.22        59
          O       0.00      0.00      0.00         1
          P       0.64      0.47      0.54        68
          R       0.35      0.38      0.37       102

avg / total       0.44      0.47      0.44       465

[[131   2   5  14   0   3  24]
 [ 11   0   1   2   0   3   3]
 [ 28   0   4   1   0   0   3]
 [ 17   0   1  12   0   3  26]
 [  0   0   0   0   0   0   1]
 [ 17   0   1   3   0  32  15]
 [ 38   0   0  16   0   9  39]]

SVM linear
Classification_report:
             precision    recall  f1-score   support

          B       0.53      0.54      0.54       179
          C       0.00      0.00      0.00        20
          G       0.28      0.28      0.28        36
          M       0.27      0.32      0.29        59
          O       0.00      0.00      0.00         1
          P       0.56      0.51      0.53        68
          R       0.32      0.31      0.32       102

avg / total       0.41      0.42      0.41       465

[[97  6 20 21  0  8 27]
 [ 9  0  3  2  0  3  3]
 [22  0 10  1  0  0  3]
 [13  1  1 19  0  4 21]
 [ 0  0  0  0  0  0  1]
 [10  1  2  7  0 35 13]
 [31  6  0 20  0 13 32]]

Reading  corpus/output832.json
SVM RBF
Classification_report:
             precision    recall  f1-score   support

          B       0.47      0.62      0.54       256
          C       0.33      0.05      0.09        40
          G       0.48      0.19      0.28        72
          M       0.33      0.21      0.26       104
          O       0.00      0.00      0.00         7
          P       0.58      0.56      0.57       133
          R       0.43      0.51      0.47       219

avg / total       0.45      0.46      0.44       831

[[159   2  14  14   0  14  53]
 [ 18   2   0   1   0   7  12]
 [ 49   0  14   3   0   1   5]
 [ 20   0   0  22   0   7  55]
 [  0   0   0   0   0   5   2]
 [ 28   1   1   5   1  74  23]
 [ 64   1   0  21   2  19 112]]

SVM linear
Classification_report:
             precision    recall  f1-score   support

          B       0.45      0.44      0.44       256
          C       0.20      0.17      0.19        40
          G       0.32      0.33      0.33        72
          M       0.33      0.37      0.35       104
          O       0.17      0.14      0.15         7
          P       0.54      0.56      0.55       133
          R       0.42      0.42      0.42       219

avg / total       0.42      0.42      0.42       831

[[112  10  42  23   1  19  49]
 [ 14   7   1   1   0   7  10]
 [ 38   3  24   0   0   0   7]
 [ 18   1   0  38   0   9  38]
 [  0   0   0   0   1   4   2]
 [ 23   5   3   7   2  75  18]
 [ 43   9   4  45   2  25  91]]
