Reading  corpus/output366.json
SVM RBF
Classification_report:
             precision    recall  f1-score   support

          B       0.36      0.48      0.41        77
          C       0.40      0.10      0.16        20
          G       0.38      0.22      0.28        36
          M       0.41      0.27      0.32        45
          O       0.00      0.00      0.00         6
          P       0.69      0.62      0.65        65
          R       0.44      0.56      0.49       117

avg / total       0.45      0.45      0.44       366

[[37  1  8  4  0  4 23]
 [ 3  2  0  0  0  1 14]
 [20  0  8  0  0  0  8]
 [ 3  0  2 12  0  3 25]
 [ 0  0  0  0  0  5  1]
 [ 9  1  2  0  0 40 13]
 [31  1  1 13  0  5 66]]

SVM linear
Classification_report:
             precision    recall  f1-score   support

          B       0.37      0.48      0.42        77
          C       0.42      0.40      0.41        20
          G       0.40      0.33      0.36        36
          M       0.44      0.36      0.40        45
          O       0.50      0.17      0.25         6
          P       0.60      0.62      0.61        65
          R       0.54      0.52      0.53       117

avg / total       0.48      0.48      0.48       366

[[37  5 10  4  0  7 14]
 [ 5  8  0  0  0  1  6]
 [17  1 12  0  0  0  6]
 [ 4  0  3 16  0  6 16]
 [ 0  0  0  0  1  4  1]
 [ 8  3  4  0  1 40  9]
 [28  2  1 16  0  9 61]]

Reading  corpus/output466.json
SVM RBF
Classification_report:
             precision    recall  f1-score   support

          B       0.53      0.70      0.61       179
          C       0.00      0.00      0.00        20
          G       0.20      0.08      0.12        36
          M       0.32      0.31      0.31        59
          O       0.00      0.00      0.00         1
          P       0.66      0.56      0.60        68
          R       0.35      0.34      0.35       102

avg / total       0.44      0.47      0.45       465

[[125   1  11  13   0   5  24]
 [ 11   0   0   2   0   3   4]
 [ 28   0   3   0   0   0   5]
 [ 16   0   0  18   0   4  21]
 [  0   0   0   0   0   0   1]
 [ 16   0   1   4   0  38   9]
 [ 38   2   0  19   0   8  35]]

SVM linear
Classification_report:
             precision    recall  f1-score   support

          B       0.56      0.64      0.59       179
          C       0.00      0.00      0.00        20
          G       0.26      0.19      0.22        36
          M       0.30      0.25      0.28        59
          O       0.00      0.00      0.00         1
          P       0.55      0.59      0.57        68
          R       0.35      0.35      0.35       102

avg / total       0.43      0.46      0.44       465

[[114   2  16  11   0  10  26]
 [ 10   0   0   2   0   3   5]
 [ 26   0   7   0   0   0   3]
 [ 13   1   0  15   0   3  27]
 [  0   0   0   0   0   1   0]
 [ 13   0   2   6   0  40   7]
 [ 29   3   2  16   0  16  36]]

Reading  corpus/output832.json
SVM RBF
Classification_report:
             precision    recall  f1-score   support

          B       0.48      0.64      0.55       256
          C       0.33      0.05      0.09        40
          G       0.45      0.18      0.26        72
          M       0.37      0.22      0.28       104
          O       0.00      0.00      0.00         7
          P       0.66      0.56      0.61       133
          R       0.44      0.55      0.49       219

avg / total       0.47      0.48      0.46       831

[[165   2  15  14   0   9  51]
 [ 17   2   0   1   0   5  15]
 [ 52   0  13   0   0   0   7]
 [ 23   0   0  23   0   5  53]
 [  0   0   0   0   0   4   3]
 [ 27   1   0   3   1  75  26]
 [ 58   1   1  21   2  16 120]]

SVM linear
Classification_report:
             precision    recall  f1-score   support

          B       0.45      0.52      0.48       256
          C       0.20      0.15      0.17        40
          G       0.35      0.32      0.34        72
          M       0.41      0.29      0.34       104
          O       0.25      0.14      0.18         7
          P       0.58      0.57      0.58       133
          R       0.42      0.45      0.44       219

avg / total       0.44      0.44      0.44       831

[[133  10  30  12   0  14  57]
 [ 17   6   1   1   0   5  10]
 [ 40   3  23   0   0   1   5]
 [ 23   1   1  30   0   9  40]
 [  0   0   0   0   1   4   2]
 [ 25   2   3   6   1  76  20]
 [ 57   8   7  25   2  21  99]]
