Reading  corpus/output366.json
SVM RBF
Classification_report:
             precision    recall  f1-score   support

          B       0.45      0.49      0.47        77
          C       0.00      0.00      0.00        20
          G       0.25      0.08      0.12        36
          M       0.36      0.09      0.14        45
          O       0.00      0.00      0.00         6
          P       0.39      0.37      0.38        65
          R       0.45      0.75      0.56       117

avg / total       0.38      0.43      0.38       366

[[38  0  3  1  0 10 25]
 [ 3  0  1  0  0  5 11]
 [17  0  3  0  0  3 13]
 [ 3  0  1  4  0  7 30]
 [ 0  0  0  0  0  3  3]
 [ 9  0  3  2  0 24 27]
 [14  0  1  4  0 10 88]]

SVM linear
Classification_report:
             precision    recall  f1-score   support

          B       0.33      0.34      0.33        77
          C       0.07      0.10      0.08        20
          G       0.26      0.28      0.27        36
          M       0.17      0.22      0.19        45
          O       0.67      0.33      0.44         6
          P       0.32      0.31      0.31        65
          R       0.44      0.36      0.39       117

avg / total       0.33      0.31      0.31       366

[[26 11 12  7  1  9 11]
 [ 6  2  1  1  0  3  7]
 [14  3 10  4  0  2  3]
 [ 3  2  0 10  0 10 20]
 [ 0  0  0  0  2  2  2]
 [12  4  8 10  0 20 11]
 [19  6  7 27  0 16 42]]

Reading  corpus/output466.json
SVM RBF
Classification_report:
             precision    recall  f1-score   support

          B       0.46      0.74      0.57       179
          C       0.00      0.00      0.00        20
          G       0.00      0.00      0.00        36
          M       0.26      0.10      0.15        59
          O       0.00      0.00      0.00         1
          P       0.57      0.37      0.45        68
          R       0.25      0.26      0.25       102

avg / total       0.35      0.41      0.36       465

[[132   0   0   5   0   4  38]
 [ 14   0   0   0   0   3   3]
 [ 31   0   0   1   0   1   3]
 [ 22   0   0   6   0   5  26]
 [  1   0   0   0   0   0   0]
 [ 26   0   0   4   0  25  13]
 [ 62   0   0   7   0   6  27]]

SVM linear
Classification_report:
             precision    recall  f1-score   support

          B       0.46      0.50      0.48       179
          C       0.03      0.05      0.04        20
          G       0.23      0.28      0.25        36
          M       0.18      0.19      0.18        59
          O       0.00      0.00      0.00         1
          P       0.32      0.35      0.34        68
          R       0.24      0.15      0.18       102

avg / total       0.32      0.32      0.32       465

[[90 13 22 14  0 22 18]
 [11  1  2  1  0  3  2]
 [14  2 10  2  0  3  5]
 [20  1  2 11  0 10 15]
 [ 1  0  0  0  0  0  0]
 [19  6  0 11  0 24  8]
 [40  6  7 22  0 12 15]]

Reading  corpus/output832.json
SVM RBF
Classification_report:
             precision    recall  f1-score   support

          B       0.47      0.66      0.55       256
          C       0.00      0.00      0.00        40
          G       0.00      0.00      0.00        72
          M       0.39      0.07      0.11       104
          O       0.00      0.00      0.00         7
          P       0.49      0.46      0.47       133
          R       0.40      0.61      0.49       219

avg / total       0.38      0.44      0.39       831

[[168   0   2   3   0  16  67]
 [ 20   0   0   0   0   8  12]
 [ 51   0   0   0   0   5  16]
 [ 21   0   0   7   0  14  62]
 [  0   0   0   0   0   4   3]
 [ 34   0   0   2   0  61  36]
 [ 63   0   0   6   0  17 133]]

SVM linear
Classification_report:
             precision    recall  f1-score   support

          B       0.45      0.56      0.50       256
          C       0.12      0.10      0.11        40
          G       0.26      0.17      0.20        72
          M       0.24      0.19      0.21       104
          O       0.22      0.29      0.25         7
          P       0.45      0.40      0.42       133
          R       0.39      0.40      0.40       219

avg / total       0.37      0.39      0.38       831

[[143   9  22  20   0  19  43]
 [ 19   4   1   1   0   6   9]
 [ 43   1  12   1   0   1  14]
 [ 19   2   3  20   0  15  45]
 [  0   0   0   1   2   2   2]
 [ 36   9   2   9   3  53  21]
 [ 57   9   7  33   4  22  87]]

