Reading  corpus/output366.json
SVM RBF
Classification_report:
             precision    recall  f1-score   support

          B       0.39      0.44      0.41        77
          C       0.22      0.25      0.23        20
          G       0.44      0.42      0.43        36
          M       0.35      0.36      0.35        45
          O       0.75      0.50      0.60         6
          P       0.64      0.54      0.58        65
          R       0.52      0.51      0.52       117

avg / total       0.47      0.46      0.46       366

[[34  6 10  5  0  5 17]
 [ 6  5  0  1  0  2  6]
 [15  1 15  0  0  0  5]
 [ 8  1  2 16  0  2 16]
 [ 0  0  0  0  3  2  1]
 [ 7  2  4  5  1 35 11]
 [18  8  3 19  0  9 60]]

SVM linear
Classification_report:
             precision    recall  f1-score   support

          B       0.40      0.44      0.42        77
          C       0.15      0.20      0.17        20
          G       0.42      0.39      0.41        36
          M       0.29      0.31      0.30        45
          O       0.75      0.50      0.60         6
          P       0.64      0.54      0.58        65
          R       0.50      0.49      0.49       117

avg / total       0.45      0.44      0.45       366

[[34  8 10  4  0  6 15]
 [ 5  4  0  1  0  2  8]
 [15  2 14  0  0  0  5]
 [ 9  1  2 14  0  2 17]
 [ 0  0  0  0  3  2  1]
 [ 7  2  4  5  1 35 11]
 [15 10  3 24  0  8 57]]

Reading  corpus/output466.json
SVM RBF
Classification_report:
             precision    recall  f1-score   support

          B       0.54      0.57      0.55       179
          C       0.05      0.05      0.05        20
          G       0.22      0.17      0.19        36
          M       0.19      0.20      0.20        59
          O       0.00      0.00      0.00         1
          P       0.48      0.53      0.50        68
          R       0.28      0.25      0.26       102

avg / total       0.38      0.39      0.39       465

[[102   9  16  16   0   9  27]
 [  9   1   1   1   0   5   3]
 [ 23   1   6   1   0   1   4]
 [ 17   1   0  12   0   9  20]
 [  0   0   0   0   0   0   1]
 [  7   3   3   9   0  36  10]
 [ 31   5   1  25   0  15  25]]

SVM linear
Classification_report:
             precision    recall  f1-score   support

          B       0.53      0.55      0.54       179
          C       0.04      0.05      0.04        20
          G       0.25      0.17      0.20        36
          M       0.23      0.25      0.24        59
          O       0.00      0.00      0.00         1
          P       0.44      0.51      0.48        68
          R       0.28      0.24      0.26       102

avg / total       0.38      0.38      0.38       465

[[98 14 14 17  0 13 23]
 [10  1  1  1  0  5  2]
 [23  1  6  1  0  1  4]
 [15  1  0 15  0  8 20]
 [ 0  0  0  0  0  0  1]
 [ 9  3  2  7  0 35 12]
 [29  7  1 24  0 17 24]]

Reading  corpus/output832.json
SVM RBF
Classification_report:
             precision    recall  f1-score   support

          B       0.46      0.55      0.50       256
          C       0.12      0.10      0.11        40
          G       0.27      0.22      0.24        72
          M       0.37      0.34      0.35       104
          O       0.25      0.14      0.18         7
          P       0.60      0.58      0.59       133
          R       0.45      0.42      0.44       219

avg / total       0.43      0.44      0.44       831

[[141  11  35  16   0  12  41]
 [ 16   4   2   1   0   6  11]
 [ 47   2  16   0   0   3   4]
 [ 27   0   0  35   0   6  36]
 [  0   1   0   0   1   3   2]
 [ 19   5   4  10   1  77  17]
 [ 57  11   3  33   2  21  92]]

SVM linear
Classification_report:
             precision    recall  f1-score   support

          B       0.47      0.53      0.49       256
          C       0.09      0.10      0.10        40
          G       0.27      0.25      0.26        72
          M       0.33      0.31      0.32       104
          O       0.33      0.29      0.31         7
          P       0.59      0.59      0.59       133
          R       0.47      0.42      0.45       219

avg / total       0.44      0.44      0.44       831

[[135  14  40  20   0  12  35]
 [ 15   4   2   1   0   6  12]
 [ 45   2  18   0   0   2   5]
 [ 22   2   1  32   0   8  39]
 [  0   1   0   0   2   3   1]
 [ 18   5   4  13   2  79  12]
 [ 55  15   1  30   2  23  93]]

