Reading  corpus/output366.json
SVM RBF
Classification_report:
             precision    recall  f1-score   support

          B       0.40      0.43      0.42        77
          C       0.00      0.00      0.00        20
          G       0.39      0.31      0.34        36
          M       0.24      0.18      0.20        45
          O       1.00      0.17      0.29         6
          P       0.47      0.43      0.45        65
          R       0.41      0.56      0.47       117

avg / total       0.39      0.40      0.38       366

[[33  1 10  3  0  8 22]
 [ 3  0  0  0  0  4 13]
 [14  1 11  0  0  1  9]
 [ 4  0  2  8  0  5 26]
 [ 0  0  0  0  1  3  2]
 [ 9  1  2  5  0 28 20]
 [19  2  3 18  0 10 65]]

SVM linear
Classification_report:
             precision    recall  f1-score   support

          B       0.39      0.40      0.40        77
          C       0.09      0.15      0.11        20
          G       0.45      0.36      0.40        36
          M       0.19      0.24      0.21        45
          O       0.40      0.33      0.36         6
          P       0.45      0.45      0.45        65
          R       0.53      0.44      0.48       117

avg / total       0.41      0.38      0.39       366

[[31 10  8  7  1  6 14]
 [ 5  3  2  0  0  4  6]
 [ 9  7 13  0  0  4  3]
 [ 5  2  1 11  0 10 16]
 [ 1  0  0  0  2  2  1]
 [ 9  4  3 12  2 29  6]
 [19  7  2 28  0 10 51]]

Reading  corpus/output466.json
SVM RBF
Classification_report:
             precision    recall  f1-score   support

          B       0.51      0.71      0.60       179
          C       0.00      0.00      0.00        20
          G       0.00      0.00      0.00        36
          M       0.28      0.25      0.27        59
          O       0.00      0.00      0.00         1
          P       0.54      0.44      0.48        68
          R       0.33      0.32      0.33       102

avg / total       0.38      0.44      0.41       465

[[127   0   6  11   0   7  28]
 [ 11   0   0   1   0   5   3]
 [ 32   1   0   1   0   0   2]
 [ 17   0   1  15   0   3  23]
 [  0   0   0   0   0   1   0]
 [ 23   0   0   4   0  30  11]
 [ 37   1   0  21   0  10  33]]

SVM linear
Classification_report:
             precision    recall  f1-score   support

          B       0.53      0.55      0.54       179
          C       0.07      0.10      0.08        20
          G       0.22      0.22      0.22        36
          M       0.24      0.29      0.26        59
          O       0.00      0.00      0.00         1
          P       0.44      0.40      0.42        68
          R       0.28      0.22      0.24       102

avg / total       0.38      0.38      0.38       465

[[99 14 16 15  0 13 22]
 [11  2  2  0  0  3  2]
 [22  2  8  1  0  2  1]
 [11  2  3 17  0  5 21]
 [ 1  0  0  0  0  0  0]
 [12  7  1 11  0 27 10]
 [32  3  7 26  0 12 22]]

Reading  corpus/output832.json
SVM RBF
Classification_report:
             precision    recall  f1-score   support

          B       0.48      0.65      0.55       256
          C       0.00      0.00      0.00        40
          G       0.29      0.12      0.17        72
          M       0.29      0.15      0.20       104
          O       0.00      0.00      0.00         7
          P       0.58      0.53      0.55       133
          R       0.42      0.51      0.46       219

avg / total       0.41      0.45      0.42       831

[[166   2  14  11   0  15  48]
 [ 19   0   0   1   0   6  14]
 [ 50   2   9   1   0   1   9]
 [ 22   1   2  16   1   7  55]
 [  0   0   0   0   0   3   4]
 [ 30   0   3   4   0  70  26]
 [ 58   3   3  23   2  19 111]]

SVM linear
Classification_report:
             precision    recall  f1-score   support

          B       0.49      0.54      0.51       256
          C       0.12      0.15      0.13        40
          G       0.27      0.28      0.27        72
          M       0.25      0.28      0.27       104
          O       0.17      0.14      0.15         7
          P       0.51      0.46      0.48       133
          R       0.43      0.36      0.39       219

avg / total       0.41      0.40      0.40       831

[[138  11  38  23   1  12  33]
 [ 14   6   1   1   0   8  10]
 [ 33   4  20   4   0   2   9]
 [ 21   5   4  29   0   8  37]
 [  0   2   0   1   1   1   2]
 [ 24  11   5  16   2  61  14]
 [ 51  13   7  40   2  27  79]]

