Reading  corpus/output366.json
SVM RBF
Classification_report:
             precision    recall  f1-score   support

          B       0.44      0.47      0.45        77
          C       0.00      0.00      0.00        20
          G       0.36      0.22      0.28        36
          M       0.32      0.13      0.19        45
          O       0.00      0.00      0.00         6
          P       0.51      0.48      0.49        65
          R       0.45      0.69      0.54       117

avg / total       0.40      0.44      0.41       366

[[36  0  9  1  0  9 22]
 [ 3  0  0  0  0  5 12]
 [14  0  8  0  0  2 12]
 [ 4  0  0  6  0  4 31]
 [ 0  0  0  0  0  3  3]
 [ 7  0  3  3  0 31 21]
 [18  0  2  9  0  7 81]]

SVM linear
Classification_report:
             precision    recall  f1-score   support

          B       0.41      0.47      0.44        77
          C       0.16      0.25      0.19        20
          G       0.45      0.50      0.47        36
          M       0.22      0.24      0.23        45
          O       0.50      0.17      0.25         6
          P       0.41      0.38      0.40        65
          R       0.47      0.38      0.42       117

avg / total       0.40      0.39      0.39       366

[[36  7 12  5  0  9  8]
 [ 4  5  1  1  0  3  6]
 [ 5  5 18  0  0  1  7]
 [ 7  3  0 11  0  8 16]
 [ 1  0  0  0  1  1  3]
 [11  6  3  9  1 25 10]
 [23  6  6 23  0 14 45]]

Reading  corpus/output466.json
SVM RBF
Classification_report:
             precision    recall  f1-score   support

          B       0.51      0.76      0.61       179
          C       0.00      0.00      0.00        20
          G       0.00      0.00      0.00        36
          M       0.37      0.24      0.29        59
          O       0.00      0.00      0.00         1
          P       0.55      0.43      0.48        68
          R       0.33      0.32      0.33       102

avg / total       0.39      0.46      0.41       465

[[136   0   4   5   0   5  29]
 [ 10   0   0   2   0   4   4]
 [ 32   0   0   1   0   0   3]
 [ 20   0   0  14   0   4  21]
 [  0   0   0   0   0   1   0]
 [ 25   0   0   3   0  29  11]
 [ 45   1   0  13   0  10  33]]

SVM linear
Classification_report:
             precision    recall  f1-score   support

          B       0.52      0.51      0.52       179
          C       0.14      0.20      0.17        20
          G       0.23      0.22      0.23        36
          M       0.21      0.25      0.23        59
          O       0.00      0.00      0.00         1
          P       0.38      0.38      0.38        68
          R       0.28      0.24      0.25       102

avg / total       0.37      0.36      0.37       465

[[92 13 21 19  0 14 20]
 [ 6  4  1  1  0  4  4]
 [20  1  8  1  0  2  4]
 [13  4  0 15  0  8 19]
 [ 1  0  0  0  0  0  0]
 [12  3  2  9  0 26 16]
 [32  3  3 26  0 14 24]]

Reading  corpus/output832.json
SVM RBF
Classification_report:
             precision    recall  f1-score   support

          B       0.48      0.68      0.56       256
          C       0.25      0.03      0.05        40
          G       0.33      0.04      0.07        72
          M       0.29      0.12      0.16       104
          O       0.00      0.00      0.00         7
          P       0.53      0.48      0.51       133
          R       0.43      0.56      0.48       219

avg / total       0.42      0.45      0.41       831

[[175   0   5   9   0  17  50]
 [ 20   1   0   0   0   7  12]
 [ 55   1   3   0   0   0  13]
 [ 22   0   0  12   0  12  58]
 [  0   0   0   0   0   4   3]
 [ 33   1   1   4   1  64  29]
 [ 62   1   0  17   1  16 122]]

SVM linear
Classification_report:
             precision    recall  f1-score   support

          B       0.45      0.53      0.48       256
          C       0.10      0.12      0.11        40
          G       0.29      0.24      0.26        72
          M       0.22      0.22      0.22       104
          O       0.25      0.14      0.18         7
          P       0.48      0.44      0.46       133
          R       0.42      0.36      0.39       219

avg / total       0.39      0.39      0.38       831

[[136  13  33  20   0  19  35]
 [ 13   5   4   1   0   8   9]
 [ 44   5  17   2   0   0   4]
 [ 25   5   1  23   0  12  38]
 [  0   0   0   0   1   2   4]
 [ 30  11   0  15   1  59  17]
 [ 57  12   4  42   2  23  79]]

