Reading  corpus/output366.json
SVM RBF
Classification_report:
             precision    recall  f1-score   support

          B       0.40      0.42      0.41        77
          C       0.00      0.00      0.00        20
          G       0.29      0.17      0.21        36
          M       0.31      0.18      0.23        45
          O       0.00      0.00      0.00         6
          P       0.37      0.34      0.35        65
          R       0.43      0.66      0.52       117

avg / total       0.35      0.40      0.36       366

[[32  0  8  3  0  5 29]
 [ 4  0  0  0  0  5 11]
 [16  0  6  0  0  5  9]
 [ 4  0  1  8  0  4 28]
 [ 0  0  0  0  0  5  1]
 [10  0  4  4  0 22 25]
 [14  0  2 11  0 13 77]]

SVM linear
Classification_report:
             precision    recall  f1-score   support

          B       0.35      0.38      0.36        77
          C       0.07      0.10      0.08        20
          G       0.27      0.31      0.29        36
          M       0.24      0.33      0.28        45
          O       0.40      0.33      0.36         6
          P       0.45      0.35      0.40        65
          R       0.40      0.32      0.36       117

avg / total       0.35      0.33      0.33       366

[[29 10 10  7  1  4 16]
 [ 5  2  3  0  0  4  6]
 [13  3 11  2  0  3  4]
 [ 5  2  3 15  0  5 15]
 [ 0  0  0  0  2  2  2]
 [ 9  4  7  8  0 23 14]
 [21  8  7 31  2 10 38]]

Reading  corpus/output466.json
SVM RBF
Classification_report:
             precision    recall  f1-score   support

          B       0.45      0.70      0.55       179
          C       0.00      0.00      0.00        20
          G       0.00      0.00      0.00        36
          M       0.33      0.17      0.22        59
          O       0.00      0.00      0.00         1
          P       0.46      0.37      0.41        68
          R       0.26      0.26      0.26       102

avg / total       0.34      0.40      0.36       465

[[126   0   0   5   0   9  39]
 [ 14   0   0   0   0   3   3]
 [ 32   0   0   1   0   1   2]
 [ 24   0   0  10   0   6  19]
 [  0   0   0   0   0   0   1]
 [ 27   0   0   5   0  25  11]
 [ 56   0   0   9   0  10  27]]

SVM linear
Classification_report:
             precision    recall  f1-score   support

          B       0.44      0.51      0.47       179
          C       0.09      0.10      0.09        20
          G       0.16      0.14      0.15        36
          M       0.18      0.20      0.19        59
          O       0.00      0.00      0.00         1
          P       0.38      0.37      0.37        68
          R       0.19      0.13      0.15       102

avg / total       0.30      0.32      0.31       465

[[91 10 20 16  0 17 25]
 [12  2  1  1  0  3  1]
 [24  2  5  2  0  0  3]
 [18  1  2 12  0  9 17]
 [ 0  0  0  0  0  1  0]
 [21  5  0  7  0 25 10]
 [42  3  3 30  0 11 13]]

Reading  corpus/output832.json
SVM RBF
Classification_report:
             precision    recall  f1-score   support

          B       0.47      0.70      0.56       256
          C       0.00      0.00      0.00        40
          G       0.00      0.00      0.00        72
          M       0.27      0.10      0.14       104
          O       0.00      0.00      0.00         7
          P       0.46      0.41      0.43       133
          R       0.41      0.54      0.46       219

avg / total       0.36      0.43      0.38       831

[[178   0   1  10   0  13  54]
 [ 21   0   0   0   0   8  11]
 [ 58   0   0   0   0   4  10]
 [ 24   0   0  10   0  12  58]
 [  0   0   0   0   0   3   4]
 [ 38   0   1   5   0  55  34]
 [ 63   0   0  12   1  25 118]]

SVM linear
Classification_report:
             precision    recall  f1-score   support

          B       0.46      0.57      0.51       256
          C       0.06      0.05      0.06        40
          G       0.31      0.21      0.25        72
          M       0.27      0.25      0.26       104
          O       0.50      0.14      0.22         7
          P       0.47      0.40      0.43       133
          R       0.40      0.40      0.40       219

avg / total       0.39      0.40      0.39       831

[[147  14  17  20   0  12  46]
 [ 17   2   3   1   0   6  11]
 [ 41   1  15   2   0   7   6]
 [ 26   0   2  26   0  10  40]
 [  0   0   0   1   1   2   3]
 [ 30   7   4  15   0  53  24]
 [ 62   7   7  32   1  23  87]]

