Reading  corpus/output366.json
SVM RBF
Classification_report:
             precision    recall  f1-score   support

          B       0.47      0.53      0.50        77
          C       0.50      0.15      0.23        20
          G       0.48      0.36      0.41        36
          M       0.31      0.22      0.26        45
          O       0.00      0.00      0.00         6
          P       0.63      0.62      0.62        65
          R       0.47      0.60      0.52       117

avg / total       0.47      0.48      0.47       366

[[41  1  7  5  0  4 19]
 [ 0  3  1  0  0  1 15]
 [19  0 13  0  0  0  4]
 [ 4  0  1 10  0  4 26]
 [ 0  0  0  0  0  5  1]
 [ 5  1  3  1  0 40 15]
 [19  1  2 16  0  9 70]]

SVM linear
Classification_report:
             precision    recall  f1-score   support

          B       0.40      0.44      0.42        77
          C       0.35      0.40      0.37        20
          G       0.42      0.42      0.42        36
          M       0.29      0.36      0.32        45
          O       0.50      0.33      0.40         6
          P       0.59      0.52      0.55        65
          R       0.52      0.47      0.50       117

avg / total       0.46      0.45      0.45       366

[[34  7 11  8  0  5 12]
 [ 3  8  1  0  0  1  7]
 [16  1 15  0  0  0  4]
 [ 5  0  2 16  0  4 18]
 [ 0  0  0  0  2  3  1]
 [ 8  3  5  5  2 34  8]
 [18  4  2 27  0 11 55]]

Reading  corpus/output466.json
SVM RBF
Classification_report:
             precision    recall  f1-score   support

          B       0.49      0.64      0.55       179
          C       0.00      0.00      0.00        20
          G       0.13      0.06      0.08        36
          M       0.24      0.20      0.22        59
          O       0.00      0.00      0.00         1
          P       0.57      0.51      0.54        68
          R       0.38      0.35      0.37       102

avg / total       0.39      0.43      0.41       465

[[114   4  10  15   0  10  26]
 [ 10   0   2   1   0   3   4]
 [ 30   0   2   2   0   0   2]
 [ 25   1   0  12   0   5  16]
 [  0   0   0   0   0   0   1]
 [ 16   1   1   5   0  35  10]
 [ 40   2   0  16   0   8  36]]

SVM linear
Classification_report:
             precision    recall  f1-score   support

          B       0.54      0.59      0.56       179
          C       0.12      0.10      0.11        20
          G       0.20      0.17      0.18        36
          M       0.29      0.32      0.30        59
          O       0.00      0.00      0.00         1
          P       0.51      0.60      0.55        68
          R       0.37      0.28      0.32       102

avg / total       0.42      0.43      0.43       465

[[105   6  18  16   0  13  21]
 [  8   2   2   2   0   4   2]
 [ 23   1   6   2   0   0   4]
 [ 16   3   1  19   0   8  12]
 [  0   0   0   0   0   0   1]
 [ 11   0   1   6   0  41   9]
 [ 31   5   2  21   0  14  29]]

Reading  corpus/output832.json
SVM RBF
Classification_report:
             precision    recall  f1-score   support

          B       0.45      0.59      0.51       256
          C       0.09      0.03      0.04        40
          G       0.44      0.24      0.31        72
          M       0.36      0.24      0.29       104
          O       0.33      0.14      0.20         7
          P       0.63      0.56      0.59       133
          R       0.41      0.47      0.44       219

avg / total       0.44      0.45      0.43       831

[[151   4  20  14   0  10  57]
 [ 17   1   1   1   0   7  13]
 [ 45   0  17   0   0   2   8]
 [ 26   0   0  25   0   6  47]
 [  0   0   0   0   1   4   2]
 [ 29   2   1   5   0  74  22]
 [ 71   4   0  24   2  15 103]]

SVM linear
Classification_report:
             precision    recall  f1-score   support

          B       0.45      0.50      0.48       256
          C       0.17      0.20      0.18        40
          G       0.34      0.31      0.32        72
          M       0.32      0.36      0.34       104
          O       0.20      0.14      0.17         7
          P       0.58      0.52      0.55       133
          R       0.40      0.35      0.37       219

avg / total       0.41      0.41      0.41       831

[[129  11  34  22   0  12  48]
 [ 13   8   1   3   0   6   9]
 [ 42   2  22   1   0   0   5]
 [ 21   2   1  37   0   9  34]
 [  0   0   0   0   1   3   3]
 [ 25   6   4  10   2  69  17]
 [ 57  18   3  43   2  20  76]]

