Reading  corpus/output366.json
SVM RBF
Classification_report:
             precision    recall  f1-score   support

          B       0.39      0.45      0.42        77
          C       0.22      0.10      0.14        20
          G       0.34      0.31      0.32        36
          M       0.26      0.20      0.23        45
          O       0.25      0.17      0.20         6
          P       0.58      0.55      0.57        65
          R       0.49      0.56      0.52       117

avg / total       0.42      0.44      0.43       366

[[35  1 14  5  1  6 15]
 [ 4  2  1  0  1  1 11]
 [17  1 11  0  0  0  7]
 [ 5  0  1  9  0  7 23]
 [ 0  0  0  0  1  4  1]
 [ 8  1  2  5  1 36 12]
 [21  4  3 15  0  8 66]]

SVM linear
Classification_report:
             precision    recall  f1-score   support

          B       0.43      0.42      0.42        77
          C       0.15      0.20      0.17        20
          G       0.35      0.33      0.34        36
          M       0.25      0.24      0.25        45
          O       0.43      0.50      0.46         6
          P       0.55      0.51      0.53        65
          R       0.49      0.50      0.50       117

avg / total       0.43      0.42      0.42       366

[[32  9 14  4  1  5 12]
 [ 5  4  1  0  0  1  9]
 [12  4 12  0  0  1  7]
 [ 5  0  1 11  0  7 21]
 [ 0  0  0  0  3  2  1]
 [ 8  2  3  5  3 33 11]
 [13  7  3 24  0 11 59]]

Reading  corpus/output466.json
SVM RBF
Classification_report:
             precision    recall  f1-score   support

          B       0.53      0.64      0.58       179
          C       0.20      0.10      0.13        20
          G       0.25      0.17      0.20        36
          M       0.28      0.29      0.29        59
          O       0.00      0.00      0.00         1
          P       0.50      0.44      0.47        68
          R       0.34      0.32      0.33       102

avg / total       0.42      0.43      0.42       465

[[114   2  15  12   0  13  23]
 [  9   2   1   1   0   4   3]
 [ 27   0   6   1   0   0   2]
 [ 16   0   0  17   0   4  22]
 [  0   0   0   0   0   0   1]
 [ 14   3   1   7   0  30  13]
 [ 34   3   1  22   0   9  33]]

SVM linear
Classification_report:
             precision    recall  f1-score   support

          B       0.55      0.58      0.56       179
          C       0.18      0.15      0.16        20
          G       0.31      0.28      0.29        36
          M       0.28      0.32      0.30        59
          O       0.00      0.00      0.00         1
          P       0.45      0.49      0.46        68
          R       0.33      0.28      0.31       102

avg / total       0.42      0.42      0.42       465

[[103   3  19  16   0  18  20]
 [  8   3   2   0   0   4   3]
 [ 21   1  10   1   0   0   3]
 [ 14   2   0  19   0   3  21]
 [  0   0   0   0   0   0   1]
 [ 13   4   0   8   0  33  10]
 [ 29   4   1  23   0  16  29]]

Reading  corpus/output832.json
SVM RBF
Classification_report:
             precision    recall  f1-score   support

          B       0.48      0.58      0.53       256
          C       0.06      0.03      0.04        40
          G       0.37      0.24      0.29        72
          M       0.35      0.26      0.30       104
          O       0.25      0.14      0.18         7
          P       0.54      0.55      0.54       133
          R       0.42      0.47      0.44       219

avg / total       0.43      0.44      0.43       831

[[148   2  23  12   0  19  52]
 [ 18   1   0   1   0   7  13]
 [ 44   2  17   0   0   2   7]
 [ 14   1   1  27   0  12  49]
 [  0   0   0   0   1   4   2]
 [ 28   3   3   6   1  73  19]
 [ 55   7   2  32   2  19 102]]

SVM linear
Classification_report:
             precision    recall  f1-score   support

          B       0.47      0.54      0.50       256
          C       0.20      0.20      0.20        40
          G       0.37      0.33      0.35        72
          M       0.31      0.36      0.33       104
          O       0.33      0.29      0.31         7
          P       0.53      0.52      0.53       133
          R       0.43      0.36      0.39       219

avg / total       0.43      0.43      0.43       831

[[137  10  32  22   1  18  36]
 [ 18   8   1   2   0   6   5]
 [ 39   4  24   1   0   0   4]
 [ 16   0   2  37   0  12  37]
 [  0   0   0   0   2   3   2]
 [ 23   7   3  10   1  69  20]
 [ 57  12   3  46   2  21  78]]

