Reading  corpus/output366.json
SVM RBF
Classification_report:
             precision    recall  f1-score   support

          B       0.43      0.43      0.43        77
          C       0.26      0.25      0.26        20
          G       0.38      0.33      0.35        36
          M       0.26      0.24      0.25        45
          O       0.67      0.33      0.44         6
          P       0.58      0.54      0.56        65
          R       0.48      0.54      0.51       117

avg / total       0.44      0.44      0.44       366

[[33  5 11  6  0  5 17]
 [ 4  5  1  0  0  1  9]
 [13  3 12  0  0  1  7]
 [ 3  0  1 11  0  6 24]
 [ 0  0  0  0  2  3  1]
 [11  1  3  3  1 35 11]
 [13  5  4 23  0  9 63]]

SVM linear
Classification_report:
             precision    recall  f1-score   support

          B       0.43      0.42      0.42        77
          C       0.22      0.25      0.23        20
          G       0.39      0.36      0.38        36
          M       0.26      0.27      0.26        45
          O       0.67      0.33      0.44         6
          P       0.57      0.55      0.56        65
          R       0.49      0.52      0.51       117

avg / total       0.44      0.44      0.44       366

[[32  6 11  6  0  5 17]
 [ 5  5  1  1  0  1  7]
 [13  3 13  0  0  1  6]
 [ 3  0  1 12  0  7 22]
 [ 0  0  0  0  2  3  1]
 [ 9  3  3  3  1 36 10]
 [12  6  4 24  0 10 61]]

Reading  corpus/output466.json
SVM RBF
Classification_report:
             precision    recall  f1-score   support

          B       0.56      0.64      0.60       179
          C       0.10      0.05      0.07        20
          G       0.40      0.28      0.33        36
          M       0.34      0.36      0.35        59
          O       0.00      0.00      0.00         1
          P       0.53      0.54      0.54        68
          R       0.42      0.39      0.41       102

avg / total       0.46      0.48      0.47       465

[[114   4  14  15   0  13  19]
 [  8   1   0   3   0   4   4]
 [ 23   0  10   1   0   0   2]
 [ 18   0   0  21   0   3  17]
 [  0   0   0   0   0   0   1]
 [ 13   2   1   3   0  37  12]
 [ 28   3   0  18   0  13  40]]

SVM linear
Classification_report:
             precision    recall  f1-score   support

          B       0.56      0.60      0.58       179
          C       0.15      0.10      0.12        20
          G       0.32      0.25      0.28        36
          M       0.33      0.37      0.35        59
          O       0.00      0.00      0.00         1
          P       0.52      0.53      0.53        68
          R       0.41      0.38      0.40       102

avg / total       0.45      0.46      0.46       465

[[108   5  16  13   0  14  23]
 [  8   2   1   3   0   4   2]
 [ 22   0   9   1   0   0   4]
 [ 18   0   0  22   0   3  16]
 [  0   0   0   0   0   0   1]
 [ 13   2   1   6   0  36  10]
 [ 25   4   1  21   0  12  39]]

Reading  corpus/output832.json
SVM RBF
Classification_report:
             precision    recall  f1-score   support

          B       0.49      0.58      0.53       256
          C       0.16      0.10      0.12        40
          G       0.29      0.21      0.24        72
          M       0.38      0.31      0.34       104
          O       0.25      0.14      0.18         7
          P       0.60      0.59      0.59       133
          R       0.42      0.45      0.44       219

avg / total       0.44      0.45      0.44       831

[[148   6  28  10   0  14  50]
 [ 18   4   1   2   0   4  11]
 [ 47   3  15   1   0   1   5]
 [ 18   2   2  32   0   9  41]
 [  0   1   0   0   1   3   2]
 [ 21   1   1   7   1  78  24]
 [ 52   8   4  33   2  22  98]]

SVM linear
Classification_report:
             precision    recall  f1-score   support

          B       0.47      0.54      0.50       256
          C       0.15      0.15      0.15        40
          G       0.31      0.26      0.28        72
          M       0.33      0.31      0.32       104
          O       0.20      0.14      0.17         7
          P       0.62      0.59      0.60       133
          R       0.43      0.41      0.42       219

avg / total       0.43      0.44      0.43       831

[[138  14  34  12   0  13  45]
 [ 15   6   2   2   0   3  12]
 [ 43   5  19   1   0   0   4]
 [ 23   2   4  32   0   6  37]
 [  0   0   0   0   1   4   2]
 [ 21   2   1  10   2  78  19]
 [ 53  11   2  41   2  21  89]]

