Reading  corpus/output366.json
SVM RBF
Classification_report:
             precision    recall  f1-score   support

          B       0.41      0.45      0.43        77
          C       0.29      0.30      0.29        20
          G       0.43      0.44      0.44        36
          M       0.33      0.33      0.33        45
          O       0.75      0.50      0.60         6
          P       0.65      0.57      0.61        65
          R       0.51      0.50      0.51       117

avg / total       0.47      0.47      0.47       366

[[35  3 12  5  0  4 18]
 [ 5  6  0  1  0  2  6]
 [15  1 16  0  0  0  4]
 [ 7  1  2 15  0  2 18]
 [ 0  0  0  0  3  2  1]
 [ 8  2  4  3  1 37 10]
 [16  8  3 21  0 10 59]]

SVM linear
Classification_report:
             precision    recall  f1-score   support

          B       0.39      0.45      0.42        77
          C       0.20      0.25      0.22        20
          G       0.46      0.44      0.45        36
          M       0.29      0.31      0.30        45
          O       0.75      0.50      0.60         6
          P       0.60      0.52      0.56        65
          R       0.50      0.45      0.47       117

avg / total       0.45      0.44      0.44       366

[[35  6 10  5  0  5 16]
 [ 6  5  0  1  0  2  6]
 [14  2 16  0  0  0  4]
 [ 9  1  2 14  0  3 16]
 [ 0  0  0  0  3  2  1]
 [ 8  2  5  4  1 34 11]
 [17  9  2 25  0 11 53]]

Reading  corpus/output466.json
SVM RBF
Classification_report:
             precision    recall  f1-score   support

          B       0.55      0.60      0.57       179
          C       0.05      0.05      0.05        20
          G       0.35      0.22      0.27        36
          M       0.21      0.25      0.23        59
          O       0.00      0.00      0.00         1
          P       0.54      0.56      0.55        68
          R       0.28      0.24      0.26       102

avg / total       0.41      0.42      0.41       465

[[107  10  11  21   0   9  21]
 [  8   1   1   1   0   5   4]
 [ 21   0   8   1   0   1   5]
 [ 15   1   0  15   0   5  23]
 [  0   0   0   0   0   0   1]
 [ 12   2   2   6   0  38   8]
 [ 33   6   1  26   0  12  24]]

SVM linear
Classification_report:
             precision    recall  f1-score   support

          B       0.53      0.59      0.56       179
          C       0.04      0.05      0.05        20
          G       0.33      0.19      0.25        36
          M       0.23      0.29      0.26        59
          O       0.00      0.00      0.00         1
          P       0.51      0.53      0.52        68
          R       0.29      0.23      0.26       102

avg / total       0.40      0.41      0.40       465

[[105  12  11  23   0   9  19]
 [  9   1   1   1   0   6   2]
 [ 22   1   7   1   0   0   5]
 [ 15   1   0  17   0   6  20]
 [  0   0   0   0   0   0   1]
 [ 15   2   1   6   0  36   8]
 [ 33   7   1  25   0  13  23]]

Reading  corpus/output832.json
SVM RBF
Classification_report:
             precision    recall  f1-score   support

          B       0.49      0.57      0.53       256
          C       0.12      0.10      0.11        40
          G       0.29      0.24      0.26        72
          M       0.35      0.35      0.35       104
          O       0.25      0.14      0.18         7
          P       0.61      0.61      0.61       133
          R       0.42      0.39      0.40       219

avg / total       0.44      0.45      0.44       831

[[145   8  33  17   0   9  44]
 [ 14   4   3   1   0   7  11]
 [ 45   4  17   0   0   1   5]
 [ 19   0   0  36   0   8  41]
 [  0   1   0   0   1   3   2]
 [ 15   7   3   9   1  81  17]
 [ 56  10   3  39   2  23  86]]

SVM linear
Classification_report:
             precision    recall  f1-score   support

          B       0.48      0.54      0.51       256
          C       0.11      0.12      0.12        40
          G       0.31      0.25      0.27        72
          M       0.35      0.35      0.35       104
          O       0.20      0.14      0.17         7
          P       0.62      0.62      0.62       133
          R       0.45      0.42      0.43       219

avg / total       0.44      0.45      0.44       831

[[137  15  34  19   0  11  40]
 [ 16   5   1   1   0   7  10]
 [ 43   3  18   1   0   1   6]
 [ 17   3   1  36   0   8  39]
 [  0   2   0   0   1   2   2]
 [ 17   5   3   9   2  82  15]
 [ 54  12   2  36   2  22  91]]

