SVM RBF
Classification_report:
             precision    recall  f1-score   support
          B       1.00      0.05      0.10        77
          C       0.00      0.00      0.00        20
          G       0.00      0.00      0.00        36
          M       0.00      0.00      0.00        45
          O       0.00      0.00      0.00         6
          P       0.00      0.00      0.00        65
          R       0.32      1.00      0.49       117

avg / total       0.31      0.33      0.18       366

[[  4   0   0   0   0   0  73]
 [  0   0   0   0   0   0  20]
 [  0   0   0   0   0   0  36]
 [  0   0   0   0   0   0  45]
 [  0   0   0   0   0   0   6]
 [  0   0   0   0   0   0  65]
 [  0   0   0   0   0   0 117]]

SVM linear
Classification_report:
             precision    recall  f1-score   support
          B       0.42      0.49      0.46        77
          C       0.35      0.30      0.32        20
          G       0.43      0.42      0.42        36
          M       0.26      0.24      0.25        45
          O       1.00      0.33      0.50         6
          P       0.67      0.54      0.60        65
          R       0.49      0.54      0.51       117

avg / total       0.48      0.46      0.46       366

[[38  3  7  5  0  6 18]
 [ 4  6  1  1  0  1  7]
 [13  2 15  0  0  0  6]
 [ 7  0  3 11  0  2 22]
 [ 0  0  0  0  2  2  2]
 [ 6  3  7  4  0 35 10]
 [22  3  2 21  0  6 63]]

KNN
Classification_report:
             precision    recall  f1-score   support
          B       0.32      0.44      0.37        77
          C       0.27      0.20      0.23        20
          G       0.29      0.33      0.31        36
          M       0.19      0.20      0.20        45
          O       0.00      0.00      0.00         6
          P       0.49      0.37      0.42        65
          R       0.46      0.43      0.44       117

avg / total       0.37      0.36      0.36       366

[[34  2  5 12  0  6 18]
 [ 6  4  2  1  0  1  6]
 [10  1 12  2  0  3  8]
 [14  2  3  9  0  3 14]
 [ 0  0  1  1  0  1  3]
 [19  1  5  6  0 24 10]
 [22  5 13 16  0 11 50]]

NB
Classification_report:
             precision    recall  f1-score   support
          B       0.49      0.49      0.49        77
          C       0.71      0.25      0.37        20
          G       0.56      0.39      0.46        36
          M       0.42      0.40      0.41        45
          O       0.00      0.00      0.00         6
          P       0.44      0.49      0.46        65
          R       0.54      0.62      0.58       117

avg / total       0.50      0.49      0.49       366

[[38  0  7  0  2 14 16]
 [ 1  5  1  0  0  1 12]
 [14  1 14  0  0  5  2]
 [ 4  0  0 18  0  6 17]
 [ 0  0  0  0  0  0  6]
 [15  0  2  7  1 32  8]
 [ 6  1  1 18  3 15 73]]

DT
Classification_report:
             precision    recall  f1-score   support
          B       0.48      0.48      0.48        77
          C       0.08      0.10      0.09        20
          G       0.26      0.25      0.25        36
          M       0.21      0.18      0.19        45
          O       0.25      0.17      0.20         6
          P       0.57      0.60      0.58        65
          R       0.45      0.45      0.45       117

avg / total       0.41      0.41      0.41       366

[[37  4 10  3  0  6 17]
 [ 4  2  3  2  0  1  8]
 [ 8  4  9  4  0  1 10]
 [ 7  4  4  8  0  4 18]
 [ 0  0  0  0  1  4  1]
 [ 6  2  1  4  3 39 10]
 [15  9  8 18  0 14 53]]

CRF
Classification_report:
             precision    recall  f1-score   support
          B      0.500     0.506     0.503        77
          C      0.333     0.450     0.383        20
          G      0.267     0.111     0.157        36
          M      0.286     0.089     0.136        45
          O      0.000     0.000     0.000         6
          P      0.509     0.415     0.458        65
          R      0.483     0.735     0.583       117

avg / total      0.430     0.462     0.427       366
