SVM RBF
Predição...
Classification_report:
             precision    recall  f1-score   support
          B       0.32      0.09      0.14        77
          C       0.00      0.00      0.00        20
          G       0.00      0.00      0.00        36
          M       0.00      0.00      0.00        45
          O       0.00      0.00      0.00         6
          P       0.70      0.35      0.47        65
          R       0.37      0.97      0.53       117

avg / total       0.31      0.39      0.28       366

[[  7   0   0   0   0   4  66]
 [  1   0   0   0   0   2  17]
 [  8   0   0   0   0   0  28]
 [  1   0   0   0   0   1  43]
 [  0   0   0   0   0   2   4]
 [  3   0   0   0   0  23  39]
 [  2   0   0   0   0   1 114]]

SVM linear
Classification_report:
             precision    recall  f1-score   support
          B       0.38      0.47      0.42        77
          C       0.56      0.25      0.34        20
          G       0.45      0.28      0.34        36
          M       0.27      0.27      0.27        45
          O       0.00      0.00      0.00         6
          P       0.66      0.62      0.63        65
          R       0.48      0.56      0.51       117

avg / total       0.46      0.46      0.45       366

[[36  1  8  5  0  5 22]
 [ 7  5  0  0  0  2  6]
 [14  0 10  3  0  0  9]
 [ 6  1  1 12  0  3 22]
 [ 0  0  0  0  0  5  1]
 [ 7  1  2  4  0 40 11]
 [24  1  1 20  0  6 65]]

KNN
Classification_report:
             precision    recall  f1-score   support
          B       0.25      0.39      0.30        77
          C       0.31      0.20      0.24        20
          G       0.37      0.19      0.25        36
          M       0.21      0.38      0.27        45
          O       0.25      0.17      0.20         6
          P       0.49      0.46      0.48        65
          R       0.39      0.22      0.28       117

avg / total       0.35      0.31      0.31       366

[[30  2  3 16  0 11 15]
 [ 6  4  1  1  2  1  5]
 [12  2  7  6  0  2  7]
 [12  1  0 17  0  6  9]
 [ 0  1  0  1  1  2  1]
 [16  1  2 11  1 30  4]
 [44  2  6 30  0  9 26]]

NB
Classification_report:
             precision    recall  f1-score   support
          B       0.40      0.27      0.32        77
          C       0.11      0.20      0.14        20
          G       0.36      0.14      0.20        36
          M       0.39      0.20      0.26        45
          O       0.00      0.00      0.00         6
          P       0.43      0.35      0.39        65
          R       0.41      0.64      0.50       117

avg / total       0.38      0.37      0.36       366

[[21  8  5  1  0  9 33]
 [ 3  4  2  1  0  1  9]
 [ 8  4  5  1  0  3 15]
 [ 4  3  0  9  0  6 23]
 [ 1  0  0  0  0  1  4]
 [ 2 10  1  4  0 23 25]
 [14  9  1  7  0 11 75]]

DT
Classification_report:
             precision    recall  f1-score   support
          B       0.26      0.27      0.26        77
          C       0.00      0.00      0.00        20
          G       0.05      0.06      0.05        36
          M       0.15      0.20      0.17        45
          O       0.00      0.00      0.00         6
          P       0.41      0.34      0.37        65
          R       0.45      0.44      0.44       117

avg / total       0.29      0.29      0.29       366

[[21  4  9 15  2  4 22]
 [ 1  0  4  5  0  2  8]
 [12  1  2  8  0  4  9]
 [10  1  4  9  2  8 11]
 [ 0  0  0  2  0  2  2]
 [14  2 10  6  1 22 10]
 [24  1  9 14  6 12 51]]

CRF
Classification_report:
             precision    recall  f1-score   support
          B      0.000     0.000     0.000        77
          C      0.000     0.000     0.000        20
          G      0.000     0.000     0.000        36
          M      0.000     0.000     0.000        45
          O      0.000     0.000     0.000         6
          P      0.471     0.369     0.414        65
          R      0.375     0.983     0.542       117

avg / total      0.203     0.380     0.247       366
