SVM RBF
Classification_report:
             precision    recall  f1-score   support
          B       0.52      0.43      0.47        77
          C       0.00      0.00      0.00        20
          G       0.00      0.00      0.00        36
          M       0.00      0.00      0.00        45
          O       0.00      0.00      0.00         6
          P       0.39      0.20      0.27        65
          R       0.39      0.89      0.54       117

avg / total       0.30      0.41      0.32       366

[[ 33   0   0   0   0   4  40]
 [  2   0   0   0   0   3  15]
 [ 15   2   0   0   0   4  15]
 [  1   0   0   0   0   2  42]
 [  0   0   0   0   0   0   6]
 [  7   0   0   0   0  13  45]
 [  6   0   0   0   0   7 104]]

SVM linear
Classification_report:
             precision    recall  f1-score   support
          B       0.51      0.56      0.53        77
          C       0.22      0.30      0.26        20
          G       0.29      0.28      0.29        36
          M       0.23      0.31      0.26        45
          O       0.50      0.33      0.40         6
          P       0.40      0.35      0.38        65
          R       0.45      0.38      0.42       117

avg / total       0.40      0.39      0.39       366

[[43  3 11  6  0  7  7]
 [ 2  6  2  2  0  2  6]
 [15  0 10  0  1  5  5]
 [ 5  0  1 14  0  5 20]
 [ 0  0  0  0  2  2  2]
 [11  2  5  9  1 23 14]
 [ 8 16  5 30  0 13 45]]

KNN
Classification_report:
             precision    recall  f1-score   support
          B       0.31      0.49      0.38        77
          C       0.25      0.25      0.25        20
          G       0.18      0.17      0.17        36
          M       0.24      0.22      0.23        45
          O       0.00      0.00      0.00         6
          P       0.31      0.25      0.27        65
          R       0.44      0.35      0.39       117

avg / total       0.32      0.32      0.31       366

[[38  2  8  3  0 10 16]
 [ 5  5  5  2  0  1  2]
 [17  4  6  1  1  3  4]
 [ 4  2  0 10  1  6 22]
 [ 0  0  2  1  0  2  1]
 [22  3  7  7  2 16  8]
 [35  4  5 18  0 14 41]]

NB
Classification_report:
             precision    recall  f1-score   support
          B       0.49      0.49      0.49        77
          C       0.71      0.25      0.37        20
          G       0.56      0.39      0.46        36
          M       0.42      0.40      0.41        45
          O       0.00      0.00      0.00         6
          P       0.42      0.49      0.45        65
          R       0.55      0.62      0.58       117

avg / total       0.50      0.49      0.49       366

[[38  0  7  0  2 14 16]
 [ 1  5  1  0  0  1 12]
 [14  1 14  0  0  5  2]
 [ 4  0  0 18  0  8 15]
 [ 0  0  0  0  0  0  6]
 [15  0  2  7  1 32  8]
 [ 6  1  1 18  3 16 72]]

DT
Classification_report:
             precision    recall  f1-score   support
          B       0.47      0.52      0.49        77
          C       0.25      0.20      0.22        20
          G       0.26      0.25      0.26        36
          M       0.16      0.18      0.17        45
          O       0.33      0.17      0.22         6
          P       0.75      0.68      0.71        65
          R       0.46      0.47      0.47       117

avg / total       0.44      0.44      0.44       366

[[40  1  7  6  0  2 21]
 [ 2  4  4  3  0  1  6]
 [13  4  9  0  0  0 10]
 [10  2  1  8  0  3 21]
 [ 0  0  1  0  1  3  1]
 [ 5  0  4  6  1 44  5]
 [15  5  8 27  1  6 55]]

CRF
Classification_report:
             precision    recall  f1-score   support
          B      0.518     0.558     0.538        77
          C      0.333     0.500     0.400        20
          G      0.176     0.083     0.113        36
          M      0.111     0.022     0.037        45
          O      0.000     0.000     0.000         6
          P      0.500     0.400     0.444        65
          R      0.497     0.744     0.596       117

avg / total      0.406     0.464     0.420       366
