SVM RBF
Classification_report:
             precision    recall  f1-score   support
          B       0.60      0.42      0.49        77
          C       0.00      0.00      0.00        20
          G       0.00      0.00      0.00        36
          M       0.00      0.00      0.00        45
          O       0.00      0.00      0.00         6
          P       0.62      0.45      0.52        65
          R       0.41      0.92      0.56       117

avg / total       0.37      0.46      0.38       366

[[ 32   0   0   0   0   4  41]
 [  1   0   0   0   0   3  16]
 [ 12   0   0   0   0   4  20]
 [  1   0   0   0   0   1  43]
 [  0   0   0   0   0   1   5]
 [  3   0   0   0   0  29  33]
 [  4   0   0   0   0   5 108]]

SVM linear
Classification_report:
             precision    recall  f1-score   support
          B       0.52      0.57      0.55        77
          C       0.40      0.30      0.34        20
          G       0.43      0.33      0.38        36
          M       0.25      0.24      0.25        45
          O       1.00      0.17      0.29         6
          P       0.74      0.66      0.70        65
          R       0.53      0.62      0.57       117

avg / total       0.52      0.52      0.51       366

[[44  2 10  3  0  5 13]
 [ 2  6  1  2  0  2  7]
 [16  1 12  1  0  1  5]
 [ 5  0  0 11  0  2 27]
 [ 0  0  0  0  1  1  4]
 [ 7  2  2  3  0 43  8]
 [10  4  3 24  0  4 72]]

KNN
Classification_report:
             precision    recall  f1-score   support
          B       0.31      0.42      0.35        77
          C       0.14      0.10      0.12        20
          G       0.11      0.14      0.12        36
          M       0.37      0.31      0.34        45
          O       0.00      0.00      0.00         6
          P       0.43      0.45      0.44        65
          R       0.44      0.37      0.40       117

avg / total       0.35      0.34      0.34       366

[[32  2 12  4  0 12 15]
 [ 3  2  5  0  0  2  8]
 [16  4  5  0  0  4  7]
 [ 7  0  3 14  0  4 17]
 [ 0  0  0  0  0  5  1]
 [16  2  5  6  0 29  7]
 [30  4 14 14  0 12 43]]

NB
Classification_report:
             precision    recall  f1-score   support
          B       0.49      0.49      0.49        77
          C       0.71      0.25      0.37        20
          G       0.56      0.39      0.46        36
          M       0.42      0.40      0.41        45
          O       0.00      0.00      0.00         6
          P       0.43      0.49      0.46        65
          R       0.55      0.62      0.58       117

avg / total       0.50      0.49      0.48       366

[[38  0  7  0  2 14 16]
 [ 1  5  1  0  0  1 12]
 [14  1 14  0  0  5  2]
 [ 4  0  0 18  0  7 16]
 [ 0  0  0  0  0  0  6]
 [15  0  2  7  1 32  8]
 [ 6  1  1 18  3 16 72]]

DT
Classification_report:
             precision    recall  f1-score   support
          B       0.37      0.39      0.38        77
          C       0.40      0.20      0.27        20
          G       0.16      0.17      0.16        36
          M       0.20      0.20      0.20        45
          O       0.43      0.50      0.46         6
          P       0.65      0.62      0.63        65
          R       0.46      0.48      0.47       117

avg / total       0.41      0.40      0.40       366

[[30  2 13  9  1  6 16]
 [ 3  4  2  4  0  3  4]
 [11  0  6  2  0  2 15]
 [10  1  3  9  0  2 20]
 [ 1  0  0  0  3  1  1]
 [ 7  1  5  0  1 40 11]
 [20  2  8 21  2  8 56]]
