SVM RBF
Classification_report:
             precision    recall  f1-score   support
          B       0.52      0.43      0.47        77
          C       0.00      0.00      0.00        20
          G       0.00      0.00      0.00        36
          M       0.00      0.00      0.00        45
          O       0.00      0.00      0.00         6
          P       0.56      0.38      0.45        65
          R       0.41      0.91      0.57       117

avg / total       0.34      0.45      0.36       366

[[ 33   0   0   0   0   5  39]
 [  2   0   0   0   0   3  15]
 [ 16   0   0   0   0   4  16]
 [  1   0   0   0   0   1  43]
 [  0   0   0   0   0   1   5]
 [  7   0   0   0   0  25  33]
 [  4   0   0   0   0   6 107]]

SVM linear
Classification_report:
             precision    recall  f1-score   support
          B       0.52      0.61      0.56        77
          C       0.38      0.25      0.30        20
          G       0.38      0.33      0.35        36
          M       0.28      0.27      0.27        45
          O       1.00      0.17      0.29         6
          P       0.70      0.65      0.67        65
          R       0.52      0.56      0.54       117

avg / total       0.51      0.51      0.50       366

[[47  1 13  2  0  4 10]
 [ 2  5  0  1  0  2 10]
 [14  1 12  2  0  0  7]
 [ 7  0  0 12  0  4 22]
 [ 0  0  0  0  1  1  4]
 [ 8  1  3  4  0 42  7]
 [13  5  4 22  0  7 66]]

KNN
Classification_report:
             precision    recall  f1-score   support
          B       0.39      0.49      0.43        77
          C       0.14      0.10      0.12        20
          G       0.19      0.25      0.21        36
          M       0.31      0.27      0.29        45
          O       0.00      0.00      0.00         6
          P       0.42      0.40      0.41        65
          R       0.47      0.42      0.44       117

avg / total       0.37      0.37      0.37       366

[[38  1 10  6  0  9 13]
 [ 5  2  3  1  0  2  7]
 [16  3  9  0  0  3  5]
 [ 6  1  2 12  0  4 20]
 [ 0  0  2  0  0  3  1]
 [17  2  7  3  1 26  9]
 [16  5 15 17  0 15 49]]

NB
Classification_report:
             precision    recall  f1-score   support
          B       0.49      0.49      0.49        77
          C       0.71      0.25      0.37        20
          G       0.56      0.39      0.46        36
          M       0.42      0.40      0.41        45
          O       0.00      0.00      0.00         6
          P       0.42      0.49      0.45        65
          R       0.55      0.62      0.58       117

avg / total       0.50      0.49      0.49       366

[[38  0  7  0  2 14 16]
 [ 1  5  1  0  0  1 12]
 [14  1 14  0  0  5  2]
 [ 4  0  0 18  0  8 15]
 [ 0  0  0  0  0  0  6]
 [15  0  2  7  1 32  8]
 [ 6  1  1 18  3 16 72]]

DT
Classification_report:
             precision    recall  f1-score   support
          B       0.38      0.36      0.37        77
          C       0.19      0.20      0.20        20
          G       0.20      0.19      0.20        36
          M       0.24      0.22      0.23        45
          O       0.25      0.17      0.20         6
          P       0.56      0.62      0.59        65
          R       0.43      0.44      0.44       117

avg / total       0.38      0.39      0.38       366

[[28  5 12  6  0  8 18]
 [ 2  4  0  2  0  1 11]
 [10  3  7  2  0  3 11]
 [ 7  2  5 10  0  4 17]
 [ 0  0  1  1  1  2  1]
 [ 7  1  0  5  2 40 10]
 [19  6 10 16  1 13 52]]
