SVM RBF
Classification_report:
             precision    recall  f1-score   support
          B       0.47      0.94      0.62       179
          C       0.00      0.00      0.00        20
          G       0.00      0.00      0.00        36
          M       0.00      0.00      0.00        59
          O       0.00      0.00      0.00         1
          P       0.88      0.10      0.18        68
          R       0.38      0.35      0.36       103

avg / total       0.39      0.45      0.35       466

[[169   0   0   0   0   0  10]
 [ 11   0   0   0   0   0   9]
 [ 36   0   0   0   0   0   0]
 [ 35   0   0   0   0   0  24]
 [  0   0   0   0   0   0   1]
 [ 45   0   0   0   0   7  16]
 [ 66   0   0   0   0   1  36]]

SVM linear
Classification_report:
             precision    recall  f1-score   support
          B       0.55      0.59      0.57       179
          C       0.18      0.20      0.19        20
          G       0.27      0.28      0.27        36
          M       0.36      0.36      0.36        59
          O       0.00      0.00      0.00         1
          P       0.45      0.47      0.46        68
          R       0.41      0.34      0.37       103

avg / total       0.44      0.45      0.44       466

[[106   5  24  12   0  16  16]
 [  5   4   1   1   0   4   5]
 [ 23   1  10   0   0   0   2]
 [ 13   4   0  21   0   5  16]
 [  0   0   0   0   0   0   1]
 [ 18   2   1   4   0  32  11]
 [ 26   6   1  21   0  14  35]]

KNN
Classification_report:
             precision    recall  f1-score   support
          B       0.48      0.67      0.56       179
          C       0.00      0.00      0.00        20
          G       0.18      0.14      0.16        36
          M       0.24      0.17      0.20        59
          O       0.00      0.00      0.00         1
          P       0.41      0.28      0.33        68
          R       0.25      0.18      0.21       103

avg / total       0.34      0.37      0.35       466

[[120   7  12   8   0  10  22]
 [  8   0   1   2   0   4   5]
 [ 27   1   5   0   0   1   2]
 [ 24   4   2  10   0   4  15]
 [  0   0   0   0   0   0   1]
 [ 27   3   0   6   0  19  13]
 [ 45   8   8  15   0   8  19]]

NB
Classification_report:
             precision    recall  f1-score   support
          B       0.57      0.50      0.53       179
          C       0.00      0.00      0.00        20
          G       0.17      0.11      0.14        36
          M       0.32      0.39      0.35        59
          O       0.00      0.00      0.00         1
          P       0.39      0.53      0.45        68
          R       0.45      0.48      0.46       103

avg / total       0.43      0.43      0.43       466

[[89  5 18 21  0 29 17]
 [ 8  0  0  5  0  1  6]
 [18  2  4  2  0  4  6]
 [ 9  1  0 23  0  9 17]
 [ 1  0  0  0  0  0  0]
 [13  2  0  4  0 36 13]
 [17  4  1 18  0 14 49]]

DT
Classification_report:
             precision    recall  f1-score   support
          B       0.46      0.47      0.47       179
          C       0.00      0.00      0.00        20
          G       0.07      0.08      0.08        36
          M       0.15      0.15      0.15        59
          O       0.00      0.00      0.00         1
          P       0.43      0.49      0.46        68
          R       0.27      0.23      0.25       103

avg / total       0.32      0.33      0.33       466

[[84  6 22 16  0 18 33]
 [ 5  0  0  3  0  5  7]
 [22  0  3  4  0  3  4]
 [24  3  4  9  0  6 13]
 [ 0  0  0  0  0  0  1]
 [13  6  2  7  0 33  7]
 [33  3  9 22  0 12 24]]
