SVM RBF
Classification_report:
             precision    recall  f1-score   support
          B       0.47      0.95      0.62       179
          C       0.00      0.00      0.00        20
          G       0.00      0.00      0.00        36
          M       0.00      0.00      0.00        59
          O       0.00      0.00      0.00         1
          P       0.83      0.07      0.14        68
          R       0.37      0.34      0.35       103

avg / total       0.38      0.45      0.34       466

[[170   0   0   0   0   0   9]
 [ 11   0   0   0   0   0   9]
 [ 36   0   0   0   0   0   0]
 [ 35   0   0   0   0   0  24]
 [  0   0   0   0   0   0   1]
 [ 46   0   0   0   0   5  17]
 [ 67   0   0   0   0   1  35]]

SVM linear
Classification_report:
             precision    recall  f1-score   support
          B       0.56      0.64      0.60       179
          C       0.11      0.10      0.11        20
          G       0.25      0.19      0.22        36
          M       0.29      0.29      0.29        59
          O       0.00      0.00      0.00         1
          P       0.49      0.46      0.47        68
          R       0.40      0.36      0.38       103

avg / total       0.44      0.45      0.44       466

[[115   4  17  15   0  13  15]
 [  7   2   1   1   0   2   7]
 [ 25   1   7   0   0   1   2]
 [ 13   4   1  17   0   6  18]
 [  0   0   0   0   0   1   0]
 [ 19   1   0   4   0  31  13]
 [ 27   6   2  22   0   9  37]]

KNN
Classification_report:
             precision    recall  f1-score   support
          B       0.48      0.73      0.58       179
          C       0.04      0.05      0.05        20
          G       0.19      0.11      0.14        36
          M       0.23      0.15      0.18        59
          O       0.00      0.00      0.00         1
          P       0.44      0.29      0.35        68
          R       0.25      0.16      0.19       103

avg / total       0.35      0.39      0.35       466

[[131   6   8   8   0   8  18]
 [ 11   1   1   1   0   3   3]
 [ 29   1   4   0   0   2   0]
 [ 25   4   4   9   0   2  15]
 [  0   0   0   0   0   0   1]
 [ 30   2   1   3   0  20  12]
 [ 45  10   3  19   0  10  16]]

NB
Classification_report:
             precision    recall  f1-score   support
          B       0.57      0.50      0.53       179
          C       0.00      0.00      0.00        20
          G       0.17      0.11      0.14        36
          M       0.32      0.39      0.35        59
          O       0.00      0.00      0.00         1
          P       0.39      0.53      0.45        68
          R       0.45      0.48      0.46       103

avg / total       0.43      0.43      0.43       466

[[89  5 18 21  0 29 17]
 [ 8  0  0  5  0  1  6]
 [18  2  4  2  0  4  6]
 [ 9  1  0 23  0  9 17]
 [ 1  0  0  0  0  0  0]
 [13  2  0  4  0 36 13]
 [17  4  1 18  0 14 49]]

DT
Classification_report:
             precision    recall  f1-score   support
          B       0.48      0.43      0.46       179
          C       0.14      0.15      0.14        20
          G       0.20      0.19      0.20        36
          M       0.25      0.27      0.26        59
          O       0.00      0.00      0.00         1
          P       0.46      0.53      0.49        68
          R       0.28      0.29      0.28       103

avg / total       0.37      0.36      0.36       466

[[77  4 17 20  0 23 38]
 [ 7  3  0  4  0  2  4]
 [14  2  7  3  0  1  9]
 [17  4  2 16  0  4 16]
 [ 0  0  0  0  0  0  1]
 [13  2  1  5  0 36 11]
 [31  7  8 15  0 12 30]]
