SVM RBF
Classification_report:
             precision    recall  f1-score   support
          B       0.51      0.82      0.63       256
          C       0.00      0.00      0.00        40
          G       0.00      0.00      0.00        72
          M       0.00      0.00      0.00       104
          O       0.00      0.00      0.00         7
          P       0.75      0.50      0.60       133
          R       0.44      0.65      0.52       220

avg / total       0.39      0.51      0.43       832

[[211   0   0   0   0   3  42]
 [ 10   0   0   0   0   3  27]
 [ 63   0   0   0   0   2   7]
 [ 28   0   0   0   0   4  72]
 [  0   0   0   0   0   1   6]
 [ 34   0   0   0   0  66  33]
 [ 67   0   0   0   0   9 144]]

SVM linear
Classification_report:
             precision    recall  f1-score   support
          B       0.51      0.60      0.55       256
          C       0.19      0.17      0.18        40
          G       0.38      0.32      0.35        72
          M       0.27      0.27      0.27       104
          O       0.20      0.14      0.17         7
          P       0.61      0.56      0.58       133
          R       0.40      0.37      0.38       220

avg / total       0.44      0.44      0.44       832

[[154   8  27  15   0  14  38]
 [ 13   7   0   1   1   4  14]
 [ 40   2  23   0   0   1   6]
 [ 23   3   2  28   0   7  41]
 [  0   1   0   0   1   2   3]
 [ 22   3   4   9   1  74  20]
 [ 52  12   4  50   2  19  81]]

KNN
Classification_report:
             precision    recall  f1-score   support
          B       0.44      0.55      0.49       256
          C       0.07      0.07      0.07        40
          G       0.21      0.19      0.20        72
          M       0.31      0.23      0.27       104
          O       0.50      0.14      0.22         7
          P       0.42      0.44      0.43       133
          R       0.34      0.28      0.30       220

avg / total       0.36      0.36      0.36       832

[[141   9  22   9   0  31  44]
 [ 11   3   4   2   0   5  15]
 [ 39   2  14   4   0   5   8]
 [ 23   8   6  24   0   7  36]
 [  1   0   1   0   1   2   2]
 [ 33   9   7   9   0  59  16]
 [ 72  14  13  29   1  30  61]]

NB
Classification_report:
             precision    recall  f1-score   support
          B       0.51      0.34      0.41       256
          C       0.09      0.07      0.08        40
          G       0.32      0.33      0.33        72
          M       0.35      0.53      0.42       104
          O       0.00      0.00      0.00         7
          P       0.36      0.47      0.41       133
          R       0.46      0.44      0.45       220

avg / total       0.41      0.40      0.40       832

[[88 10 40 30  6 51 31]
 [10  3  3  3  0  6 15]
 [28  1 24  3  0  6 10]
 [ 8  4  1 55  0 11 25]
 [ 2  0  0  0  0  0  5]
 [20  5  1 16  3 62 26]
 [17  9  6 51  4 36 97]]

DT
Classification_report:
             precision    recall  f1-score   support
          B       0.51      0.53      0.52       256
          C       0.02      0.03      0.02        40
          G       0.17      0.18      0.18        72
          M       0.16      0.17      0.16       104
          O       0.17      0.14      0.15         7
          P       0.56      0.58      0.57       133
          R       0.30      0.26      0.28       220

avg / total       0.36      0.36      0.36       832

[[136   4  26  28   0  19  43]
 [  8   1   1   6   1   7  16]
 [ 26   2  13  13   2   2  14]
 [ 20   9   7  18   1   9  40]
 [  0   0   0   2   1   3   1]
 [ 16   6   6   9   1  77  18]
 [ 63  19  22  39   0  20  57]]
