SVM RBF
Classification_report:
             precision    recall  f1-score   support
          B       0.49      0.83      0.62       256
          C       0.00      0.00      0.00        40
          G       0.00      0.00      0.00        72
          M       0.00      0.00      0.00       104
          O       0.00      0.00      0.00         7
          P       0.62      0.38      0.47       133
          R       0.42      0.60      0.49       220

avg / total       0.36      0.47      0.39       832

[[212   0   0   0   0   6  38]
 [  8   0   0   0   0   4  28]
 [ 63   0   0   0   0   3   6]
 [ 28   0   0   0   0   5  71]
 [  0   0   0   0   0   1   6]
 [ 45   0   0   0   0  50  38]
 [ 75   0   0   0   0  12 133]]

SVM linear
Classification_report:
             precision    recall  f1-score   support
          B       0.52      0.58      0.55       256
          C       0.13      0.17      0.15        40
          G       0.25      0.25      0.25        72
          M       0.25      0.28      0.26       104
          O       0.17      0.14      0.15         7
          P       0.54      0.46      0.49       133
          R       0.43      0.35      0.39       220

avg / total       0.42      0.41      0.41       832

[[148   9  36  18   0  14  31]
 [ 13   7   0   2   1   5  12]
 [ 37   5  18   4   0   4   4]
 [ 19   7   5  29   0   9  35]
 [  0   1   0   1   1   2   2]
 [ 22   8   6  15   0  61  21]
 [ 46  16   8  49   4  19  78]]

KNN
Classification_report:
             precision    recall  f1-score   support
          B       0.45      0.62      0.52       256
          C       0.06      0.05      0.05        40
          G       0.25      0.18      0.21        72
          M       0.16      0.14      0.15       104
          O       0.33      0.14      0.20         7
          P       0.39      0.39      0.39       133
          R       0.31      0.23      0.27       220

avg / total       0.33      0.35      0.33       832

[[159   6  14  12   0  31  34]
 [ 10   2   1   8   0   5  14]
 [ 42   2  13   2   0   6   7]
 [ 30   6   3  15   0  12  38]
 [  2   0   1   1   1   1   1]
 [ 36   3   6  19   0  52  17]
 [ 76  15  15  36   2  25  51]]

NB
Classification_report:
             precision    recall  f1-score   support
          B       0.51      0.35      0.41       256
          C       0.09      0.07      0.08        40
          G       0.32      0.33      0.33        72
          M       0.35      0.53      0.42       104
          O       0.00      0.00      0.00         7
          P       0.36      0.47      0.41       133
          R       0.47      0.44      0.45       220

avg / total       0.41      0.40      0.40       832

[[89 10 39 29  6 53 30]
 [10  3  3  3  0  6 15]
 [28  1 24  3  0  6 10]
 [ 8  4  1 55  0 11 25]
 [ 2  0  0  0  0  0  5]
 [20  5  1 16  3 62 26]
 [17 11  6 50  4 35 97]]

DT
Classification_report:
             precision    recall  f1-score   support
          B       0.48      0.50      0.49       256
          C       0.09      0.10      0.10        40
          G       0.31      0.22      0.26        72
          M       0.26      0.24      0.25       104
          O       0.00      0.00      0.00         7
          P       0.58      0.56      0.57       133
          R       0.36      0.40      0.38       220

avg / total       0.40      0.40      0.40       832

[[128  13  22  17   0  17  59]
 [ 13   4   2   3   0   2  16]
 [ 31   1  16   5   0   1  18]
 [ 22   5   3  25   1  10  38]
 [  0   1   0   3   0   0   3]
 [ 26   3   1   7   0  74  22]
 [ 48  17   7  35   2  23  88]]

CRF
Classification_report:
             precision    recall  f1-score   support
          B      0.489     0.789     0.604       256
          C      0.351     0.325     0.338        40
          G      0.111     0.014     0.025        72
          M      0.000     0.000     0.000       104
          O      0.000     0.000     0.000         7
          P      0.560     0.383     0.455       133
          R      0.500     0.555     0.526       220

avg / total      0.399     0.468     0.416       832
