SVM RBF
Classification_report:
             precision    recall  f1-score   support
          B       0.48      0.80      0.60       256
          C       0.00      0.00      0.00        40
          G       0.00      0.00      0.00        72
          M       0.00      0.00      0.00       104
          O       0.00      0.00      0.00         7
          P       0.51      0.28      0.36       133
          R       0.40      0.60      0.48       220

avg / total       0.34      0.45      0.37       832

[[205   0   0   0   0   5  46]
 [  9   0   0   0   0   4  27]
 [ 59   0   0   0   0   3  10]
 [ 25   0   0   0   0  11  68]
 [  0   0   0   0   0   1   6]
 [ 54   0   0   0   0  37  42]
 [ 76   0   0   0   0  11 133]]

SVM linear
Classification_report:
             precision    recall  f1-score   support
          B       0.54      0.67      0.60       256
          C       0.20      0.17      0.19        40
          G       0.29      0.18      0.22        72
          M       0.29      0.22      0.25       104
          O       0.12      0.14      0.13         7
          P       0.56      0.47      0.51       133
          R       0.50      0.53      0.52       220

avg / total       0.46      0.48      0.46       832

[[172   6  18  11   0  15  34]
 [  6   7   1   0   3   5  18]
 [ 47   7  13   0   0   2   3]
 [ 23   1   3  23   1   9  44]
 [  0   0   0   0   1   4   2]
 [ 30   3   5  17   0  63  15]
 [ 42  11   5  28   3  14 117]]

KNN
Classification_report:
             precision    recall  f1-score   support
          B       0.40      0.60      0.48       256
          C       0.11      0.10      0.10        40
          G       0.18      0.14      0.16        72
          M       0.21      0.17      0.19       104
          O       0.00      0.00      0.00         7
          P       0.35      0.30      0.33       133
          R       0.31      0.21      0.25       220

avg / total       0.31      0.33      0.31       832

[[154   8  20  14   0  27  33]
 [  9   4   2   8   0   6  11]
 [ 48   2  10   1   0   5   6]
 [ 29   5   4  18   0   9  39]
 [  1   0   1   1   0   2   2]
 [ 55   4   7  11   0  40  16]
 [ 90  14  11  33   1  24  47]]

NB
Classification_report:
             precision    recall  f1-score   support
          B       0.51      0.35      0.41       256
          C       0.09      0.07      0.08        40
          G       0.32      0.33      0.33        72
          M       0.35      0.53      0.42       104
          O       0.00      0.00      0.00         7
          P       0.36      0.47      0.41       133
          R       0.47      0.44      0.45       220

avg / total       0.41      0.40      0.40       832

[[89 10 39 29  6 53 30]
 [10  3  3  3  0  6 15]
 [28  1 24  3  0  6 10]
 [ 8  4  1 55  0 11 25]
 [ 2  0  0  0  0  0  5]
 [20  5  1 16  3 62 26]
 [17 11  6 50  4 35 97]]

DT
Classification_report:
             precision    recall  f1-score   support
          B       0.47      0.52      0.49       256
          C       0.17      0.10      0.12        40
          G       0.22      0.19      0.21        72
          M       0.26      0.21      0.23       104
          O       0.00      0.00      0.00         7
          P       0.59      0.62      0.60       133
          R       0.32      0.35      0.33       220

avg / total       0.38      0.40      0.39       832

[[133   5  21  14   0  16  67]
 [ 11   4   2   2   0   8  13]
 [ 34   0  14   4   0   2  18]
 [ 24   3   2  22   1  10  42]
 [  1   0   0   2   0   2   2]
 [ 19   3   2  10   0  82  17]
 [ 62   9  22  31   1  19  76]]
