SVM RBF
Classification_report:
             precision    recall  f1-score   support
          B       1.00      0.05      0.10        77
          C       0.00      0.00      0.00        20
          G       0.00      0.00      0.00        36
          M       0.00      0.00      0.00        45
          O       0.00      0.00      0.00         6
          P       0.00      0.00      0.00        65
          R       0.32      1.00      0.49       117

avg / total       0.31      0.33      0.18       366

[[  4   0   0   0   0   0  73]
 [  0   0   0   0   0   0  20]
 [  0   0   0   0   0   0  36]
 [  0   0   0   0   0   0  45]
 [  0   0   0   0   0   0   6]
 [  0   0   0   0   0   0  65]
 [  0   0   0   0   0   0 117]]

SVM linear
Classification_report:
             precision    recall  f1-score   support
          B       0.39      0.47      0.42        77
          C       0.33      0.30      0.32        20
          G       0.38      0.28      0.32        36
          M       0.30      0.27      0.28        45
          O       1.00      0.33      0.50         6
          P       0.66      0.58      0.62        65
          R       0.45      0.50      0.47       117

avg / total       0.45      0.44      0.44       366

[[36  3  7  5  0  6 20]
 [ 4  6  0  1  0  1  8]
 [19  1 10  0  0  0  6]
 [ 4  1  1 12  0  2 25]
 [ 0  0  0  0  2  3  1]
 [ 7  3  5  1  0 38 11]
 [23  4  3 21  0  8 58]]

KNN
Classification_report:
             precision    recall  f1-score   support
          B       0.32      0.44      0.37        77
          C       0.29      0.20      0.24        20
          G       0.32      0.33      0.32        36
          M       0.23      0.29      0.25        45
          O       0.00      0.00      0.00         6
          P       0.47      0.35      0.40        65
          R       0.45      0.39      0.42       117

avg / total       0.37      0.36      0.36       366

[[34  2  6 12  0  6 17]
 [ 7  4  2  1  0  1  5]
 [10  0 12  2  0  4  8]
 [10  3  1 13  0  4 14]
 [ 0  0  1  1  0  1  3]
 [21  1  4  7  0 23  9]
 [24  4 12 21  0 10 46]]

NB
Classification_report:
             precision    recall  f1-score   support
          B       0.49      0.49      0.49        77
          C       0.71      0.25      0.37        20
          G       0.56      0.39      0.46        36
          M       0.42      0.40      0.41        45
          O       0.00      0.00      0.00         6
          P       0.44      0.49      0.46        65
          R       0.54      0.62      0.58       117

avg / total       0.50      0.49      0.49       366

[[38  0  7  0  2 14 16]
 [ 1  5  1  0  0  1 12]
 [14  1 14  0  0  5  2]
 [ 4  0  0 18  0  6 17]
 [ 0  0  0  0  0  0  6]
 [15  0  2  7  1 32  8]
 [ 6  1  1 18  3 15 73]]

DT
Classification_report:
             precision    recall  f1-score   support
          B       0.42      0.44      0.43        77
          C       0.11      0.10      0.10        20
          G       0.18      0.14      0.16        36
          M       0.23      0.24      0.24        45
          O       0.00      0.00      0.00         6
          P       0.55      0.63      0.59        65
          R       0.43      0.42      0.42       117

avg / total       0.37      0.39      0.38       366

[[34  4 10  8  0  4 17]
 [ 5  2  1  2  0  2  8]
 [12  1  5  3  0  4 11]
 [ 8  2  1 11  1  6 16]
 [ 0  0  0  0  0  5  1]
 [ 5  0  2  3  1 41 13]
 [16 10  9 20  0 13 49]]

CRF
Classification_report:
             precision    recall  f1-score   support
          B      0.577     0.532     0.554        77
          C      0.400     0.500     0.444        20
          G      0.143     0.056     0.080        36
          M      0.200     0.067     0.100        45
          O      0.000     0.000     0.000         6
          P      0.558     0.446     0.496        65
          R      0.519     0.838     0.641       117

avg / total      0.447     0.500     0.454       366
