SVM RBF
Classification_report:
             precision    recall  f1-score   support
          B       0.55      0.42      0.47        77
          C       0.00      0.00      0.00        20
          G       0.00      0.00      0.00        36
          M       0.00      0.00      0.00        45
          O       0.00      0.00      0.00         6
          P       0.57      0.32      0.41        65
          R       0.40      0.91      0.55       117

avg / total       0.34      0.44      0.35       366

[[ 32   0   0   0   0   3  42]
 [  0   0   1   0   0   3  16]
 [ 14   0   0   0   0   4  18]
 [  1   0   0   0   0   1  43]
 [  0   0   0   0   0   1   5]
 [  5   0   0   0   0  21  39]
 [  6   0   0   0   0   4 107]]

SVM linear
Classification_report:
             precision    recall  f1-score   support
          B       0.47      0.51      0.49        77
          C       0.36      0.45      0.40        20
          G       0.41      0.36      0.38        36
          M       0.29      0.31      0.30        45
          O       1.00      0.33      0.50         6
          P       0.72      0.65      0.68        65
          R       0.53      0.53      0.53       117

avg / total       0.51      0.49      0.50       366

[[39  4 12  5  0  4 13]
 [ 1  9  0  2  0  2  6]
 [16  0 13  1  0  1  5]
 [ 5  0  2 14  0  3 21]
 [ 0  0  0  0  2  2  2]
 [ 8  1  3  3  0 42  8]
 [14 11  2 24  0  4 62]]

KNN
Classification_report:
             precision    recall  f1-score   support
          B       0.33      0.43      0.37        77
          C       0.17      0.10      0.12        20
          G       0.23      0.28      0.25        36
          M       0.20      0.18      0.19        45
          O       0.50      0.17      0.25         6
          P       0.39      0.37      0.38        65
          R       0.45      0.41      0.43       117

avg / total       0.35      0.34      0.34       366

[[33  1 13  5  0 11 14]
 [ 5  2  3  2  0  0  8]
 [13  3 10  2  0  4  4]
 [ 7  1  3  8  0  4 22]
 [ 0  0  0  1  1  3  1]
 [19  1  8  3  1 24  9]
 [24  4  6 20  0 15 48]]

NB
Classification_report:
             precision    recall  f1-score   support
          B       0.49      0.49      0.49        77
          C       0.71      0.25      0.37        20
          G       0.56      0.39      0.46        36
          M       0.42      0.40      0.41        45
          O       0.00      0.00      0.00         6
          P       0.42      0.49      0.45        65
          R       0.55      0.62      0.58       117

avg / total       0.50      0.49      0.49       366

[[38  0  7  0  2 14 16]
 [ 1  5  1  0  0  1 12]
 [14  1 14  0  0  5  2]
 [ 4  0  0 18  0  8 15]
 [ 0  0  0  0  0  0  6]
 [15  0  2  7  1 32  8]
 [ 6  1  1 18  3 16 72]]

DT
Classification_report:
             precision    recall  f1-score   support
          B       0.46      0.53      0.49        77
          C       0.27      0.20      0.23        20
          G       0.17      0.14      0.15        36
          M       0.17      0.16      0.16        45
          O       0.00      0.00      0.00         6
          P       0.64      0.68      0.66        65
          R       0.53      0.55      0.54       117

avg / total       0.43      0.45      0.44       366

[[41  1 10  7  0  7 11]
 [ 3  4  1  3  0  1  8]
 [15  1  5  5  0  3  7]
 [10  3  3  7  0  2 20]
 [ 0  1  0  1  0  4  0]
 [ 4  2  2  1  2 44 10]
 [17  3  8 17  0  8 64]]
