SVM RBF
Classification_report:
             precision    recall  f1-score   support
          B       0.56      0.40      0.47        77
          C       0.00      0.00      0.00        20
          G       0.00      0.00      0.00        36
          M       0.00      0.00      0.00        45
          O       0.00      0.00      0.00         6
          P       0.57      0.25      0.34        65
          R       0.39      0.93      0.55       117

avg / total       0.34      0.43      0.33       366

[[ 31   0   0   0   0   2  44]
 [  1   0   0   0   0   2  17]
 [ 12   1   0   0   0   2  21]
 [  1   0   0   0   0   1  43]
 [  0   0   0   0   0   0   6]
 [  7   0   0   0   0  16  42]
 [  3   0   0   0   0   5 109]]

SVM linear
Classification_report:
             precision    recall  f1-score   support
          B       0.51      0.60      0.55        77
          C       0.24      0.20      0.22        20
          G       0.41      0.39      0.40        36
          M       0.17      0.24      0.20        45
          O       1.00      0.33      0.50         6
          P       0.52      0.48      0.50        65
          R       0.52      0.44      0.47       117

avg / total       0.45      0.43      0.44       366

[[46  1  7  7  0  9  7]
 [ 1  4  2  3  0  3  7]
 [12  2 14  2  0  2  4]
 [ 7  1  1 11  0  4 21]
 [ 0  0  0  1  2  0  3]
 [14  1  5  8  0 31  6]
 [10  8  5 32  0 11 51]]

KNN
Classification_report:
             precision    recall  f1-score   support
          B       0.33      0.45      0.38        77
          C       0.21      0.15      0.18        20
          G       0.21      0.14      0.17        36
          M       0.19      0.16      0.17        45
          O       0.50      0.17      0.25         6
          P       0.43      0.43      0.43        65
          R       0.48      0.49      0.49       117

avg / total       0.36      0.37      0.36       366

[[35  1  7  3  0 15 16]
 [ 4  3  1  1  0  2  9]
 [16  4  5  1  0  5  5]
 [10  2  1  7  0  3 22]
 [ 1  0  2  0  1  0  2]
 [20  2  3  4  1 28  7]
 [20  2  5 21  0 12 57]]

NB
Classification_report:
             precision    recall  f1-score   support
          B       0.49      0.49      0.49        77
          C       0.71      0.25      0.37        20
          G       0.56      0.39      0.46        36
          M       0.42      0.40      0.41        45
          O       0.00      0.00      0.00         6
          P       0.42      0.49      0.45        65
          R       0.55      0.62      0.58       117

avg / total       0.50      0.49      0.49       366

[[38  0  7  0  2 14 16]
 [ 1  5  1  0  0  1 12]
 [14  1 14  0  0  5  2]
 [ 4  0  0 18  0  8 15]
 [ 0  0  0  0  0  0  6]
 [15  0  2  7  1 32  8]
 [ 6  1  1 18  3 16 72]]

DT
Classification_report:
             precision    recall  f1-score   support
          B       0.51      0.48      0.49        77
          C       0.16      0.15      0.15        20
          G       0.23      0.25      0.24        36
          M       0.21      0.22      0.22        45
          O       0.00      0.00      0.00         6
          P       0.62      0.62      0.62        65
          R       0.34      0.34      0.34       117

avg / total       0.38      0.38      0.38       366

[[37  1  7  5  0  7 20]
 [ 5  3  1  2  0  0  9]
 [ 6  3  9  4  0  5  9]
 [ 3  4  4 10  0  1 23]
 [ 1  0  0  1  0  2  2]
 [ 4  1  3  1  1 40 15]
 [17  7 15 25  3 10 40]]
