SVM RBF
Classification_report:
             precision    recall  f1-score   support
          B       0.45      0.94      0.61       179
          C       0.00      0.00      0.00        20
          G       0.00      0.00      0.00        36
          M       0.00      0.00      0.00        59
          O       0.00      0.00      0.00         1
          P       0.50      0.03      0.06        68
          R       0.41      0.35      0.38       103

avg / total       0.34      0.44      0.33       466

[[169   0   0   0   0   0  10]
 [ 10   0   0   0   0   1   9]
 [ 35   0   0   0   0   0   1]
 [ 40   0   0   0   0   1  18]
 [  1   0   0   0   0   0   0]
 [ 52   0   0   0   0   2  14]
 [ 67   0   0   0   0   0  36]]

SVM linear
Classification_report:
             precision    recall  f1-score   support
          B       0.54      0.59      0.56       179
          C       0.18      0.25      0.21        20
          G       0.21      0.19      0.20        36
          M       0.22      0.25      0.23        59
          O       0.00      0.00      0.00         1
          P       0.41      0.40      0.40        68
          R       0.38      0.26      0.31       103

avg / total       0.40      0.40      0.40       466

[[106   7  24  18   0  11  13]
 [  5   5   0   2   0   2   6]
 [ 25   0   7   1   0   1   2]
 [ 16   4   0  15   0   9  15]
 [  0   0   0   0   0   1   0]
 [ 20   4   0   8   0  27   9]
 [ 25   8   3  25   0  15  27]]

KNN
Classification_report:
             precision    recall  f1-score   support
          B       0.50      0.71      0.58       179
          C       0.25      0.25      0.25        20
          G       0.26      0.14      0.18        36
          M       0.27      0.22      0.24        59
          O       0.00      0.00      0.00         1
          P       0.42      0.37      0.39        68
          R       0.33      0.20      0.25       103

avg / total       0.39      0.42      0.39       466

[[127   4   6   9   0  17  16]
 [  8   5   0   2   0   2   3]
 [ 23   1   5   2   0   2   3]
 [ 28   3   1  13   0   4  10]
 [  1   0   0   0   0   0   0]
 [ 23   2   3   5   0  25  10]
 [ 46   5   4  17   0  10  21]]

NB
Classification_report:
             precision    recall  f1-score   support
          B       0.57      0.49      0.53       179
          C       0.00      0.00      0.00        20
          G       0.18      0.11      0.14        36
          M       0.32      0.39      0.35        59
          O       0.00      0.00      0.00         1
          P       0.39      0.53      0.45        68
          R       0.45      0.48      0.46       103

avg / total       0.43      0.43      0.43       466

[[88  5 18 21  0 29 18]
 [ 8  0  0  5  0  1  6]
 [18  2  4  2  0  4  6]
 [ 9  1  0 23  0  9 17]
 [ 1  0  0  0  0  0  0]
 [13  2  0  4  0 36 13]
 [17  5  0 18  0 14 49]]

DT
Classification_report:
             precision    recall  f1-score   support
          B       0.50      0.51      0.51       179
          C       0.10      0.10      0.10        20
          G       0.15      0.14      0.14        36
          M       0.21      0.20      0.21        59
          O       0.00      0.00      0.00         1
          P       0.48      0.51      0.50        68
          R       0.30      0.28      0.29       103

avg / total       0.37      0.38      0.37       466

[[92  6 16 25  0 12 28]
 [ 6  2  1  2  0  5  4]
 [15  2  5  1  0  3 10]
 [19  0  3 12  0  7 18]
 [ 1  0  0  0  0  0  0]
 [16  2  1  5  0 35  9]
 [35  8  7 13  0 11 29]]

CRF
Classification_report:
             precision    recall  f1-score   support
          B      0.598     0.804     0.686       179
          C      0.714     0.750     0.732        20
          G      0.571     0.222     0.320        36
          M      0.378     0.237     0.292        59
          O      0.000     0.000     0.000         1
          P      0.549     0.412     0.471        68
          R      0.412     0.408     0.410       103

avg / total      0.523     0.539     0.516       466
