SVM RBF
Classification_report:
             precision    recall  f1-score   support
          B       0.38      1.00      0.56       179
          C       0.00      0.00      0.00        20
          G       0.00      0.00      0.00        36
          M       0.00      0.00      0.00        59
          O       0.00      0.00      0.00         1
          P       0.00      0.00      0.00        68
          R       0.00      0.00      0.00       103

avg / total       0.15      0.38      0.21       466

[[179   0   0   0   0   0   0]
 [ 20   0   0   0   0   0   0]
 [ 36   0   0   0   0   0   0]
 [ 59   0   0   0   0   0   0]
 [  1   0   0   0   0   0   0]
 [ 68   0   0   0   0   0   0]
 [103   0   0   0   0   0   0]]

SVM linear
Classification_report:
             precision    recall  f1-score   support
          B       0.56      0.64      0.60       179
          C       0.13      0.10      0.11        20
          G       0.23      0.17      0.19        36
          M       0.21      0.22      0.21        59
          O       0.00      0.00      0.00         1
          P       0.50      0.53      0.51        68
          R       0.28      0.24      0.26       103

avg / total       0.40      0.42      0.41       466

[[114   3  14  18   0  11  19]
 [  7   2   1   1   0   4   5]
 [ 24   0   6   1   0   1   4]
 [ 14   1   0  13   0  10  21]
 [  0   0   0   0   0   0   1]
 [ 11   3   2   3   0  36  13]
 [ 33   6   3  26   0  10  25]]

KNN
Classification_report:
             precision    recall  f1-score   support
          B       0.43      0.70      0.53       179
          C       0.00      0.00      0.00        20
          G       0.00      0.00      0.00        36
          M       0.21      0.12      0.15        59
          O       0.00      0.00      0.00         1
          P       0.42      0.37      0.39        68
          R       0.23      0.11      0.15       103

avg / total       0.31      0.36      0.31       466

[[125   4  15  12   0  13  10]
 [ 12   0   1   2   0   1   4]
 [ 33   0   0   0   0   2   1]
 [ 28   0   3   7   0   5  16]
 [  0   0   0   0   0   0   1]
 [ 31   4   0   4   0  25   4]
 [ 62   4   5   8   0  13  11]]

NB
Classification_report:
             precision    recall  f1-score   support
          B       0.57      0.50      0.53       179
          C       0.00      0.00      0.00        20
          G       0.17      0.11      0.14        36
          M       0.31      0.39      0.35        59
          O       0.00      0.00      0.00         1
          P       0.39      0.53      0.45        68
          R       0.45      0.48      0.46       103

avg / total       0.43      0.43      0.43       466

[[89  5 18 22  0 28 17]
 [ 8  0  0  5  0  1  6]
 [18  2  4  2  0  4  6]
 [ 9  1  0 23  0  9 17]
 [ 1  0  0  0  0  0  0]
 [13  2  0  4  0 36 13]
 [17  4  1 18  0 14 49]]

DT
Classification_report:
             precision    recall  f1-score   support
          B       0.54      0.55      0.55       179
          C       0.12      0.10      0.11        20
          G       0.16      0.19      0.18        36
          M       0.19      0.20      0.20        59
          O       0.00      0.00      0.00         1
          P       0.45      0.50      0.48        68
          R       0.24      0.20      0.22       103

avg / total       0.37      0.37      0.37       466

[[98  3 17 18  0 12 31]
 [ 4  2  6  2  0  4  2]
 [16  2  7  2  0  4  5]
 [17  1  5 12  0  7 17]
 [ 0  0  1  0  0  0  0]
 [12  4  3  3  0 34 12]
 [33  5  5 25  0 14 21]]
