SVM RBF
Classification_report:
             precision    recall  f1-score   support
          B       0.46      0.94      0.61       179
          C       0.00      0.00      0.00        20
          G       0.00      0.00      0.00        36
          M       0.00      0.00      0.00        59
          O       0.00      0.00      0.00         1
          P       1.00      0.03      0.06        68
          R       0.40      0.36      0.38       103

avg / total       0.41      0.45      0.33       466

[[169   0   0   0   0   0  10]
 [ 10   0   0   0   0   0  10]
 [ 36   0   0   0   0   0   0]
 [ 42   0   0   0   0   0  17]
 [  1   0   0   0   0   0   0]
 [ 47   0   0   0   0   2  19]
 [ 66   0   0   0   0   0  37]]

SVM linear
Classification_report:
             precision    recall  f1-score   support
          B       0.54      0.61      0.57       179
          C       0.05      0.05      0.05        20
          G       0.17      0.14      0.15        36
          M       0.31      0.32      0.31        59
          O       0.00      0.00      0.00         1
          P       0.53      0.50      0.52        68
          R       0.38      0.33      0.35       103

avg / total       0.42      0.43      0.43       466

[[109   5  20  16   0  10  19]
 [  7   1   2   1   0   2   7]
 [ 27   1   5   0   0   0   3]
 [ 14   4   0  19   0   6  16]
 [  0   0   0   0   0   0   1]
 [ 15   2   1   7   0  34   9]
 [ 30   7   1  19   0  12  34]]

KNN
Classification_report:
             precision    recall  f1-score   support
          B       0.48      0.70      0.57       179
          C       0.04      0.05      0.04        20
          G       0.17      0.14      0.15        36
          M       0.23      0.14      0.17        59
          O       0.00      0.00      0.00         1
          P       0.42      0.26      0.32        68
          R       0.31      0.21      0.25       103

avg / total       0.36      0.39      0.36       466

[[126   5  15   4   0  11  18]
 [  9   1   0   2   0   3   5]
 [ 28   2   5   0   0   1   0]
 [ 29   6   1   8   0   3  12]
 [  0   0   0   0   0   0   1]
 [ 30   3   1   4   0  18  12]
 [ 42   8   7  17   0   7  22]]

NB
Classification_report:
             precision    recall  f1-score   support
          B       0.57      0.50      0.53       179
          C       0.00      0.00      0.00        20
          G       0.17      0.11      0.14        36
          M       0.32      0.39      0.35        59
          O       0.00      0.00      0.00         1
          P       0.39      0.53      0.45        68
          R       0.45      0.48      0.46       103

avg / total       0.43      0.43      0.43       466

[[89  5 18 21  0 29 17]
 [ 8  0  0  5  0  1  6]
 [18  2  4  2  0  4  6]
 [ 9  1  0 23  0  9 17]
 [ 1  0  0  0  0  0  0]
 [13  2  0  4  0 36 13]
 [17  4  1 18  0 14 49]]

DT
Classification_report:
             precision    recall  f1-score   support
          B       0.47      0.51      0.49       179
          C       0.06      0.05      0.05        20
          G       0.19      0.17      0.18        36
          M       0.25      0.24      0.24        59
          O       0.00      0.00      0.00         1
          P       0.42      0.40      0.41        68
          R       0.26      0.24      0.25       103

avg / total       0.34      0.35      0.35       466

[[91  9 14 16  0 17 32]
 [11  1  0  0  0  4  4]
 [19  0  6  6  0  2  3]
 [22  1  3 14  0  2 17]
 [ 0  0  0  0  0  0  1]
 [15  2  1  7  0 27 16]
 [37  4  8 14  2 13 25]]
