SVM RBF
Classification_report:
             precision    recall  f1-score   support
          B       0.48      0.84      0.61       256
          C       0.00      0.00      0.00        40
          G       0.00      0.00      0.00        72
          M       0.00      0.00      0.00       104
          O       0.00      0.00      0.00         7
          P       0.68      0.33      0.44       133
          R       0.44      0.65      0.53       220

avg / total       0.37      0.48      0.40       832

[[214   0   0   0   0   4  38]
 [  9   0   0   0   0   4  27]
 [ 64   0   0   0   0   1   7]
 [ 33   0   0   0   0   4  67]
 [  0   0   0   0   0   1   6]
 [ 54   0   0   0   0  44  35]
 [ 69   0   0   0   0   7 144]]

SVM linear
Classification_report:
             precision    recall  f1-score   support
          B       0.53      0.61      0.57       256
          C       0.22      0.23      0.22        40
          G       0.34      0.28      0.31        72
          M       0.27      0.34      0.30       104
          O       0.20      0.14      0.17         7
          P       0.50      0.50      0.50       133
          R       0.45      0.36      0.40       220

avg / total       0.44      0.44      0.44       832

[[155   7  30  16   0  21  27]
 [ 15   9   0   3   1   4   8]
 [ 40   2  20   2   0   2   6]
 [ 17   5   1  35   0  15  31]
 [  0   0   0   1   1   2   3]
 [ 23   5   3  13   0  67  22]
 [ 41  13   4  58   3  22  79]]

KNN
Classification_report:
             precision    recall  f1-score   support
          B       0.44      0.62      0.51       256
          C       0.21      0.20      0.20        40
          G       0.30      0.19      0.24        72
          M       0.20      0.15      0.17       104
          O       0.00      0.00      0.00         7
          P       0.41      0.36      0.39       133
          R       0.35      0.30      0.33       220

avg / total       0.36      0.37      0.36       832

[[158   5  11  11   1  31  39]
 [  6   8   3   5   0   3  15]
 [ 42   2  14   3   0   5   6]
 [ 34   6   3  16   0   9  36]
 [  3   1   0   0   0   0   3]
 [ 44   5   5  10   0  48  21]
 [ 73  12  11  35   3  20  66]]

NB
Classification_report:
             precision    recall  f1-score   support
          B       0.51      0.34      0.41       256
          C       0.09      0.07      0.08        40
          G       0.32      0.33      0.33        72
          M       0.35      0.53      0.42       104
          O       0.00      0.00      0.00         7
          P       0.36      0.47      0.41       133
          R       0.46      0.44      0.45       220

avg / total       0.41      0.40      0.40       832

[[88 10 39 29  6 53 31]
 [10  3  3  3  0  6 15]
 [28  1 24  3  0  6 10]
 [ 8  4  1 55  0 11 25]
 [ 2  0  0  0  0  0  5]
 [20  5  1 16  3 62 26]
 [17 11  6 51  4 34 97]]

DT
Classification_report:
             precision    recall  f1-score   support
          B       0.47      0.48      0.48       256
          C       0.11      0.15      0.13        40
          G       0.14      0.15      0.15        72
          M       0.18      0.16      0.17       104
          O       0.20      0.14      0.17         7
          P       0.60      0.63      0.62       133
          R       0.38      0.35      0.36       220

avg / total       0.38      0.38      0.38       832

[[123  10  35  24   2  14  48]
 [  8   6   3   2   0   7  14]
 [ 37   2  11  10   0   1  11]
 [ 29  10   5  17   0   5  38]
 [  0   0   0   0   1   4   2]
 [ 16  10   1   7   1  84  14]
 [ 48  15  23  32   1  24  77]]
