SVM RBF
Classification_report:
             precision    recall  f1-score   support
          B       0.51      0.82      0.63       256
          C       0.00      0.00      0.00        40
          G       0.00      0.00      0.00        72
          M       0.00      0.00      0.00       104
          O       0.00      0.00      0.00         7
          P       0.71      0.43      0.54       133
          R       0.45      0.69      0.54       220

avg / total       0.39      0.50      0.42       832

[[209   0   0   0   0   3  44]
 [  7   0   0   0   0   4  29]
 [ 63   0   0   0   0   3   6]
 [ 28   0   0   0   0   4  72]
 [  0   0   0   0   0   1   6]
 [ 45   0   0   0   0  57  31]
 [ 60   0   0   0   0   8 152]]

SVM linear
Classification_report:
             precision    recall  f1-score   support
          B       0.48      0.55      0.52       256
          C       0.18      0.15      0.16        40
          G       0.37      0.35      0.36        72
          M       0.26      0.27      0.27       104
          O       0.25      0.14      0.18         7
          P       0.60      0.57      0.58       133
          R       0.43      0.39      0.41       220

avg / total       0.43      0.44      0.43       832

[[142   6  36  17   0  15  40]
 [ 13   6   1   3   0   5  12]
 [ 38   1  25   2   0   0   6]
 [ 26   4   1  28   0   8  37]
 [  0   0   0   0   1   2   4]
 [ 23   6   3  11   0  76  14]
 [ 52  11   2  45   3  21  86]]

KNN
Classification_report:
             precision    recall  f1-score   support
          B       0.42      0.56      0.48       256
          C       0.12      0.10      0.11        40
          G       0.20      0.21      0.21        72
          M       0.23      0.16      0.19       104
          O       0.50      0.43      0.46         7
          P       0.43      0.41      0.42       133
          R       0.34      0.28      0.31       220

avg / total       0.35      0.36      0.35       832

[[144   2  27  14   0  32  37]
 [ 11   4   1   4   0   5  15]
 [ 43   3  15   0   0   4   7]
 [ 28   6   7  17   0   6  40]
 [  1   0   0   0   3   2   1]
 [ 40   5   5  11   1  54  17]
 [ 74  13  19  27   2  24  61]]

NB
Classification_report:
             precision    recall  f1-score   support
          B       0.51      0.34      0.41       256
          C       0.09      0.07      0.08        40
          G       0.32      0.33      0.33        72
          M       0.35      0.53      0.42       104
          O       0.00      0.00      0.00         7
          P       0.36      0.47      0.41       133
          R       0.46      0.44      0.45       220

avg / total       0.41      0.40      0.40       832

[[88 10 40 30  6 51 31]
 [10  3  3  3  0  6 15]
 [28  1 24  3  0  6 10]
 [ 8  4  1 55  0 11 25]
 [ 2  0  0  0  0  0  5]
 [20  5  1 16  3 62 26]
 [17  9  6 51  4 36 97]]

DT
Classification_report:
             precision    recall  f1-score   support
          B       0.46      0.47      0.47       256
          C       0.05      0.05      0.05        40
          G       0.15      0.12      0.13        72
          M       0.18      0.17      0.18       104
          O       0.00      0.00      0.00         7
          P       0.57      0.54      0.56       133
          R       0.34      0.36      0.35       220

avg / total       0.36      0.36      0.36       832

[[121   8  25  30   0  21  51]
 [ 10   2   2   5   1   2  18]
 [ 29   4   9   7   1   3  19]
 [ 23   6   6  18   1   7  43]
 [  2   0   0   0   0   3   2]
 [ 21   8   3   7   3  72  19]
 [ 57  16  17  32   0  18  80]]
