SVM RBF
Classification_report:
             precision    recall  f1-score   support
          B       0.46      0.81      0.58       256
          C       0.00      0.00      0.00        40
          G       0.00      0.00      0.00        72
          M       0.00      0.00      0.00       104
          O       0.00      0.00      0.00         7
          P       0.58      0.21      0.31       133
          R       0.42      0.64      0.51       220

avg / total       0.35      0.45      0.36       832

[[207   0   0   0   0   3  46]
 [  8   0   0   0   0   4  28]
 [ 66   0   0   0   0   1   5]
 [ 31   0   0   0   0   5  68]
 [  1   0   0   0   0   0   6]
 [ 66   0   0   0   0  28  39]
 [ 73   0   0   0   0   7 140]]

SVM linear
Classification_report:
             precision    recall  f1-score   support
          B       0.52      0.67      0.58       256
          C       0.19      0.15      0.17        40
          G       0.26      0.17      0.20        72
          M       0.29      0.19      0.23       104
          O       0.20      0.14      0.17         7
          P       0.54      0.45      0.49       133
          R       0.48      0.51      0.49       220

avg / total       0.44      0.46      0.44       832

[[172   6  24  11   0  14  29]
 [ 10   6   1   0   0   9  14]
 [ 56   1  12   0   0   0   3]
 [ 22   3   1  20   0   9  49]
 [  0   0   0   0   1   4   2]
 [ 29   3   3  12   0  60  26]
 [ 44  13   5  27   4  15 112]]

KNN
Classification_report:
             precision    recall  f1-score   support
          B       0.40      0.58      0.47       256
          C       0.23      0.23      0.23        40
          G       0.20      0.19      0.20        72
          M       0.18      0.13      0.15       104
          O       0.00      0.00      0.00         7
          P       0.39      0.29      0.34       133
          R       0.33      0.25      0.28       220

avg / total       0.32      0.34      0.32       832

[[149   2  23  13   0  31  38]
 [ 10   9   2   4   0   2  13]
 [ 44   4  14   1   0   2   7]
 [ 35   6   4  14   0   8  37]
 [  1   1   0   1   0   0   4]
 [ 54   6   8  11   0  39  15]
 [ 80  12  20  35   1  17  55]]

NB
Classification_report:
             precision    recall  f1-score   support
          B       0.51      0.34      0.41       256
          C       0.09      0.07      0.08        40
          G       0.32      0.33      0.33        72
          M       0.35      0.53      0.42       104
          O       0.00      0.00      0.00         7
          P       0.36      0.47      0.41       133
          R       0.46      0.44      0.45       220

avg / total       0.41      0.40      0.40       832

[[88 10 40 29  6 52 31]
 [10  3  3  3  0  6 15]
 [28  1 24  3  0  6 10]
 [ 8  4  1 55  0 11 25]
 [ 2  0  0  0  0  0  5]
 [20  5  1 16  3 62 26]
 [17 11  6 51  4 34 97]]

DT
Classification_report:
             precision    recall  f1-score   support
          B       0.51      0.54      0.53       256
          C       0.10      0.10      0.10        40
          G       0.14      0.12      0.13        72
          M       0.20      0.16      0.18       104
          O       0.00      0.00      0.00         7
          P       0.62      0.65      0.63       133
          R       0.37      0.39      0.38       220

avg / total       0.40      0.41      0.40       832

[[139   7  28  17   1  12  52]
 [ 11   4   1   2   0   5  17]
 [ 30   3   9   4   1   6  19]
 [ 17  10  10  17   0  10  40]
 [  3   0   0   0   0   1   3]
 [ 13   3   3  11   1  86  16]
 [ 57  12  13  35   0  18  85]]

CRF
Classification_report:
             precision    recall  f1-score   support
          B      0.522     0.785     0.627       256
          C      0.372     0.400     0.386        40
          G      0.111     0.014     0.025        72
          M      0.108     0.038     0.057       104
          O      0.000     0.000     0.000         7
          P      0.594     0.429     0.498       133
          R      0.492     0.586     0.535       220

avg / total      0.427     0.490     0.442       832
