SVM RBF
Classification_report:
             precision    recall  f1-score   support

          B       0.45      0.39      0.42        77
          C       0.00      0.00      0.00        20
          G       0.00      0.00      0.00        36
          M       0.00      0.00      0.00        45
          O       0.00      0.00      0.00         6
          P       0.00      0.00      0.00        65
          R       0.36      0.93      0.52       117

avg / total       0.21      0.38      0.26       366

[[ 30   0   0   0   0   0  47]
 [  0   0   0   0   0   0  20]
 [  5   0   0   0   0   0  31]
 [  3   0   0   0   0   0  42]
 [  0   0   0   0   0   0   6]
 [ 20   0   0   0   0   0  45]
 [  8   0   0   0   0   0 109]]

SVM linear
Classification_report:
             precision    recall  f1-score   support

          B       0.48      0.56      0.51        77
          C       0.29      0.25      0.27        20
          G       0.47      0.42      0.44        36
          M       0.35      0.29      0.32        45
          O       1.00      0.50      0.67         6
          P       0.62      0.63      0.63        65
          R       0.57      0.59      0.58       117

avg / total       0.51      0.52      0.51       366

[[43  2 12  5  0  6  9]
 [ 2  5  0  1  0  3  9]
 [15  0 15  0  0  0  6]
 [10  0  0 13  0  4 18]
 [ 0  0  0  0  3  2  1]
 [10  0  3  2  0 41  9]
 [10 10  2 16  0 10 69]]

KNN
Classification_report:
             precision    recall  f1-score   support

          B       0.35      0.39      0.37        77
          C       0.09      0.30      0.14        20
          G       0.26      0.31      0.28        36
          M       0.08      0.04      0.06        45
          O       0.00      0.00      0.00         6
          P       0.38      0.43      0.40        65
          R       0.46      0.27      0.34       117

avg / total       0.33      0.30      0.30       366

[[30  6  8  6  0 18  9]
 [ 1  6  2  1  0  3  7]
 [10 10 11  1  0  1  3]
 [ 6 10  6  2  0  7 14]
 [ 0  3  1  0  0  2  0]
 [13 10  7  2  0 28  5]
 [26 23  8 13  0 15 32]]

NB
Classification_report:
             precision    recall  f1-score   support

          B       0.46      0.34      0.39        77
          C       0.38      0.25      0.30        20
          G       0.19      0.61      0.29        36
          M       0.33      0.38      0.35        45
          O       0.10      0.33      0.15         6
          P       0.64      0.63      0.64        65
          R       0.33      0.13      0.19       117

avg / total       0.40      0.35      0.34       366

[[26  0 29  5  4  9  4]
 [ 0  5  4  0  1  1  9]
 [10  0 22  2  0  1  1]
 [ 2  3 12 17  2  2  7]
 [ 0  0  0  0  2  0  4]
 [10  0  1  6  2 41  5]
 [ 9  5 47 22  9 10 15]]

DT
Classification_report:
             precision    recall  f1-score   support

          B       0.51      0.49      0.50        77
          C       0.15      0.20      0.17        20
          G       0.13      0.14      0.13        36
          M       0.17      0.16      0.16        45
          O       0.20      0.17      0.18         6
          P       0.64      0.72      0.68        65
          R       0.47      0.43      0.45       117

avg / total       0.42      0.42      0.41       366

[[38  4  9  9  1  5 11]
 [ 4  4  4  1  0  0  7]
 [ 9  2  5  2  0  3 15]
 [ 7  6  2  7  1  4 18]
 [ 2  0  1  1  1  1  0]
 [ 3  1  3  4  1 47  6]
 [12  9 15 17  1 13 50]]

CRF
Classification_report:
             precision    recall  f1-score   support

          B       0.67      0.56      0.61        77
          C       0.48      0.60      0.53        20
          G       0.27      0.11      0.16        36
          M       0.21      0.07      0.10        45
          O       0.00      0.00      0.00         6
          P       0.60      0.48      0.53        65
          R       0.52      0.87      0.65       117

avg / total       0.49      0.53      0.49       366

CRF 2.0
Classification_report:
             precision    recall  f1-score   support

          B       0.52      0.62      0.56        77
          C       0.42      0.25      0.31        20
          G       0.37      0.19      0.25        36
          M       0.40      0.18      0.25        45
          O       0.00      0.00      0.00         6
          P       0.68      0.58      0.63        65
          R       0.53      0.71      0.61       117

avg / total       0.51      0.52      0.50       366


SVM RBF
Classification_report:
             precision    recall  f1-score   support

          B       0.42      0.96      0.58       179
          C       0.00      0.00      0.00        20
          G       0.00      0.00      0.00        36
          M       0.00      0.00      0.00        59
          O       0.00      0.00      0.00         1
          P       0.00      0.00      0.00        68
          R       0.40      0.22      0.28       102

avg / total       0.25      0.42      0.28       465

[[171   0   0   0   0   0   8]
 [ 13   0   0   0   0   0   7]
 [ 35   0   0   0   0   0   1]
 [ 46   0   0   0   0   0  13]
 [  1   0   0   0   0   0   0]
 [ 64   0   0   0   0   0   4]
 [ 80   0   0   0   0   0  22]]

SVM linear
Classification_report:
             precision    recall  f1-score   support

          B       0.55      0.64      0.59       179
          C       0.14      0.10      0.12        20
          G       0.25      0.14      0.18        36
          M       0.29      0.25      0.27        59
          O       0.00      0.00      0.00         1
          P       0.44      0.46      0.45        68
          R       0.41      0.40      0.41       102

avg / total       0.43      0.45      0.44       465

[[115   3  13  11   0  13  24]
 [  5   2   0   1   0   4   8]
 [ 27   1   5   0   0   1   2]
 [ 18   2   1  15   0   9  14]
 [  0   0   0   0   0   0   1]
 [ 20   1   1   6   0  31   9]
 [ 24   5   0  19   0  13  41]]

KNN
Classification_report:
             precision    recall  f1-score   support

          B       0.44      0.66      0.53       179
          C       0.31      0.25      0.28        20
          G       0.09      0.06      0.07        36
          M       0.15      0.07      0.09        59
          O       0.00      0.00      0.00         1
          P       0.28      0.25      0.27        68
          R       0.30      0.22      0.25       102

avg / total       0.32      0.36      0.33       465

[[118   2  12   4   0  18  25]
 [  5   5   0   2   0   2   6]
 [ 27   0   2   2   0   4   1]
 [ 30   1   3   4   0   8  13]
 [  1   0   0   0   0   0   0]
 [ 40   1   0   3   0  17   7]
 [ 45   7   6  11   0  11  22]]

NB
Classification_report:
             precision    recall  f1-score   support

          B       0.56      0.20      0.29       179
          C       0.21      0.15      0.18        20
          G       0.17      0.67      0.27        36
          M       0.26      0.54      0.35        59
          O       0.00      0.00      0.00         1
          P       0.41      0.60      0.49        68
          R       0.27      0.07      0.11       102

avg / total       0.39      0.31      0.28       465

[[35  3 84 30  0 24  3]
 [ 4  3  2  4  0  2  5]
 [ 5  0 24  5  0  0  2]
 [ 3  2  6 32  0 11  5]
 [ 1  0  0  0  0  0  0]
 [ 4  1  3 15  0 41  4]
 [11  5 20 38  0 21  7]]

DT
Classification_report:
             precision    recall  f1-score   support

          B       0.44      0.44      0.44       179
          C       0.14      0.15      0.15        20
          G       0.05      0.06      0.05        36
          M       0.14      0.15      0.15        59
          O       0.00      0.00      0.00         1
          P       0.51      0.46      0.48        68
          R       0.27      0.27      0.27       102

avg / total       0.33      0.32      0.33       465

[[78  7 26 27  0 15 26]
 [ 5  3  1  4  0  2  5]
 [18  2  2  4  0  1  9]
 [19  0  4  9  0  5 22]
 [ 0  0  0  0  0  0  1]
 [14  3  3  6  0 31 11]
 [42  6  6 13  0  7 28]]

CRF
Classification_report:
             precision    recall  f1-score   support

          B       0.65      0.91      0.76       179
          C       0.58      0.55      0.56        20
          G       0.43      0.17      0.24        36
          M       0.40      0.32      0.36        59
          O       0.00      0.00      0.00         1
          P       0.50      0.37      0.42        68
          R       0.56      0.47      0.51       102

avg / total       0.56      0.58      0.55       465

CRF 2.0
Classification_report:
             precision    recall  f1-score   support

          B       0.62      0.79      0.69       179
          C       0.50      0.30      0.37        20
          G       0.21      0.08      0.12        36
          M       0.34      0.31      0.32        59
          O       0.00      0.00      0.00         1
          P       0.65      0.46      0.53        68
          R       0.39      0.42      0.41       102

avg / total       0.50      0.52      0.50       465


SVM RBF
Classification_report:
             precision    recall  f1-score   support

          B       0.37      0.82      0.51       256
          C       0.00      0.00      0.00        40
          G       0.00      0.00      0.00        72
          M       0.00      0.00      0.00       104
          O       0.00      0.00      0.00         7
          P       0.00      0.00      0.00       133
          R       0.37      0.44      0.40       219

avg / total       0.21      0.37      0.26       831

[[209   0   0   0   0   0  47]
 [ 14   0   0   0   0   0  26]
 [ 59   0   0   0   0   0  13]
 [ 61   0   0   0   0   0  43]
 [  3   0   0   0   0   0   4]
 [ 99   0   0   0   0   0  34]
 [122   0   0   0   0   0  97]]

SVM linear
Classification_report:
             precision    recall  f1-score   support

          B       0.52      0.60      0.56       256
          C       0.31      0.20      0.24        40
          G       0.35      0.25      0.29        72
          M       0.32      0.31      0.31       104
          O       0.00      0.00      0.00         7
          P       0.58      0.57      0.58       133
          R       0.46      0.47      0.46       219

avg / total       0.46      0.47      0.46       831

[[154   5  28  18   0  15  36]
 [  7   8   0   2   0   7  16]
 [ 43   0  18   1   0   3   7]
 [ 21   4   1  32   0   6  40]
 [  0   2   0   0   0   2   3]
 [ 23   2   1  10   1  76  20]
 [ 46   5   4  38   2  21 103]]

KNN
Classification_report:
             precision    recall  f1-score   support

          B       0.42      0.51      0.46       256
          C       0.10      0.23      0.14        40
          G       0.14      0.14      0.14        72
          M       0.23      0.12      0.15       104
          O       0.00      0.00      0.00         7
          P       0.37      0.40      0.38       133
          R       0.39      0.29      0.33       219

avg / total       0.34      0.34      0.33       831

[[131  13  36   8   0  38  30]
 [ 14   9   1   1   0   5  10]
 [ 36   7  10   1   0   9   9]
 [ 29  14   3  12   0  11  35]
 [  1   1   1   1   0   2   1]
 [ 41   8   5   9   0  53  17]
 [ 60  34  13  21   0  27  64]]

NB
Classification_report:
             precision    recall  f1-score   support

          B       0.47      0.16      0.24       256
          C       0.15      0.33      0.20        40
          G       0.16      0.65      0.26        72
          M       0.28      0.42      0.34       104
          O       0.00      0.00      0.00         7
          P       0.59      0.51      0.55       133
          R       0.32      0.11      0.17       219

avg / total       0.38      0.29      0.28       831

[[ 42  17 126  35   5  22   9]
 [  2  13   9   1   1   4  10]
 [ 14   3  47   4   0   2   2]
 [  8   5  27  44   0   5  15]
 [  1   0   0   0   0   1   5]
 [  8  20   6  16   2  68  13]
 [ 14  29  74  55   8  14  25]]

DT
Classification_report:
             precision    recall  f1-score   support

          B       0.45      0.42      0.43       256
          C       0.04      0.05      0.05        40
          G       0.22      0.25      0.23        72
          M       0.16      0.16      0.16       104
          O       0.00      0.00      0.00         7
          P       0.47      0.51      0.49       133
          R       0.32      0.30      0.31       219

avg / total       0.34      0.33      0.33       831

[[107  15  29  26   1  27  51]
 [ 12   2   4   3   0   5  14]
 [ 29   5  18   4   0   4  12]
 [ 30   6   9  17   0   8  34]
 [  0   2   0   0   0   3   2]
 [ 13   5   4  12   3  68  28]
 [ 49  12  19  44   0  30  65]]

CRF
Classification_report:
             precision    recall  f1-score   support

          B       0.54      0.75      0.63       256
          C       0.46      0.33      0.38        40
          G       0.12      0.01      0.02        72
          M       0.13      0.04      0.06       104
          O       0.00      0.00      0.00         7
          P       0.58      0.46      0.51       133
          R       0.48      0.68      0.56       219

avg / total       0.44      0.50      0.45       831

CRF 2.0
Classification_report:
             precision    recall  f1-score   support

          B       0.63      0.81      0.71       256
          C       0.30      0.17      0.22        40
          G       0.28      0.15      0.20        72
          M       0.30      0.25      0.27       104
          O       0.00      0.00      0.00         7
          P       0.63      0.53      0.58       133
          R       0.48      0.53      0.50       219

avg / total       0.50      0.53      0.50       831
