SVM RBF
Classification_report:
             precision    recall  f1-score   support

          B       0.00      0.00      0.00        77
          C       0.00      0.00      0.00        20
          G       0.00      0.00      0.00        36
          M       0.00      0.00      0.00        45
          O       0.00      0.00      0.00         6
          P       0.00      0.00      0.00        65
          R       0.32      1.00      0.49       117

avg / total       0.10      0.32      0.16       366

[[  0   0   0   0   0   0  77]
 [  0   0   0   0   0   0  20]
 [  1   0   0   0   0   0  35]
 [  0   0   0   0   0   0  45]
 [  0   0   0   0   0   0   6]
 [  1   0   0   0   0   0  64]
 [  0   0   0   0   0   0 117]]

SVM linear
Classification_report:
             precision    recall  f1-score   support

          B       0.52      0.57      0.55        77
          C       0.33      0.30      0.32        20
          G       0.54      0.42      0.47        36
          M       0.33      0.29      0.31        45
          O       1.00      0.50      0.67         6
          P       0.62      0.65      0.63        65
          R       0.54      0.57      0.55       117

avg / total       0.52      0.52      0.52       366

[[44  1 10  5  0  5 12]
 [ 0  6  0  1  0  4  9]
 [14  0 15  1  0  0  6]
 [ 7  0  0 13  0  4 21]
 [ 0  0  0  0  3  2  1]
 [ 9  2  2  1  0 42  9]
 [10  9  1 19  0 11 67]]

KNN
Classification_report:
             precision    recall  f1-score   support

          B       0.35      0.32      0.34        77
          C       0.09      0.35      0.15        20
          G       0.25      0.33      0.29        36
          M       0.15      0.09      0.11        45
          O       0.00      0.00      0.00         6
          P       0.35      0.42      0.38        65
          R       0.42      0.24      0.30       117

avg / total       0.32      0.28      0.29       366

[[25  9 11  5  0 19  8]
 [ 0  7  1  1  0  4  7]
 [10  8 12  0  0  3  3]
 [ 4 11  5  4  0  7 14]
 [ 0  3  1  0  0  2  0]
 [14 10  6  1  0 27  7]
 [19 28 12 15  0 15 28]]

NB
Classification_report:
             precision    recall  f1-score   support

          B       0.43      0.38      0.40        77
          C       0.42      0.25      0.31        20
          G       0.22      0.58      0.32        36
          M       0.33      0.42      0.37        45
          O       0.10      0.33      0.15         6
          P       0.68      0.68      0.68        65
          R       0.36      0.15      0.21       117

avg / total       0.41      0.37      0.37       366

[[29  0 26  5  4  9  4]
 [ 0  5  4  0  1  1  9]
 [11  0 21  2  0  1  1]
 [ 5  3  7 19  2  2  7]
 [ 0  0  0  0  2  0  4]
 [ 8  0  0  6  2 44  5]
 [15  4 38 26  9  8 17]]

DT
Classification_report:
             precision    recall  f1-score   support

          B       0.41      0.40      0.41        77
          C       0.25      0.25      0.25        20
          G       0.27      0.22      0.24        36
          M       0.15      0.16      0.15        45
          O       0.00      0.00      0.00         6
          P       0.56      0.60      0.58        65
          R       0.42      0.42      0.42       117

avg / total       0.38      0.38      0.38       366

[[31  4 10  9  0  4 19]
 [ 5  5  1  3  0  0  6]
 [ 7  2  8  8  0  3  8]
 [10  0  1  7  1  6 20]
 [ 0  0  0  1  0  5  0]
 [ 3  0  2  5  2 39 14]
 [20  9  8 15  3 13 49]]

CRF
Classification_report:
             precision    recall  f1-score   support

          B       0.58      0.53      0.55        77
          C       0.40      0.50      0.44        20
          G       0.14      0.06      0.08        36
          M       0.20      0.07      0.10        45
          O       0.00      0.00      0.00         6
          P       0.56      0.45      0.50        65
          R       0.52      0.84      0.64       117

avg / total       0.45      0.50      0.45       366

CRF 2.0
Classification_report:
             precision    recall  f1-score   support

          B       0.56      0.64      0.59        77
          C       0.22      0.10      0.14        20
          G       0.30      0.19      0.24        36
          M       0.44      0.16      0.23        45
          O       0.00      0.00      0.00         6
          P       0.68      0.58      0.63        65
          R       0.52      0.78      0.63       117

avg / total       0.50      0.53      0.50       366


SVM RBF
Classification_report:
             precision    recall  f1-score   support

          B       0.42      0.96      0.58       179
          C       0.00      0.00      0.00        20
          G       0.00      0.00      0.00        36
          M       0.00      0.00      0.00        59
          O       0.00      0.00      0.00         1
          P       0.00      0.00      0.00        68
          R       0.40      0.22      0.28       102

avg / total       0.25      0.42      0.28       465

[[171   0   0   0   0   0   8]
 [ 13   0   0   0   0   0   7]
 [ 35   0   0   0   0   0   1]
 [ 46   0   0   0   0   0  13]
 [  1   0   0   0   0   0   0]
 [ 64   0   0   0   0   0   4]
 [ 80   0   0   0   0   0  22]]

SVM linear
Classification_report:
             precision    recall  f1-score   support

          B       0.57      0.64      0.60       179
          C       0.12      0.10      0.11        20
          G       0.22      0.11      0.15        36
          M       0.33      0.34      0.33        59
          O       0.00      0.00      0.00         1
          P       0.52      0.47      0.49        68
          R       0.40      0.41      0.41       102

avg / total       0.45      0.46      0.45       465

[[115   3  13  13   0  13  22]
 [  5   2   0   1   0   4   8]
 [ 28   1   4   0   0   0   3]
 [ 13   3   1  20   0   3  19]
 [  0   0   0   0   0   0   1]
 [ 18   3   0   6   0  32   9]
 [ 24   5   0  21   0  10  42]]

KNN
Classification_report:
             precision    recall  f1-score   support

          B       0.47      0.68      0.55       179
          C       0.31      0.25      0.28        20
          G       0.06      0.06      0.06        36
          M       0.15      0.08      0.11        59
          O       0.00      0.00      0.00         1
          P       0.31      0.26      0.28        68
          R       0.31      0.21      0.25       102

avg / total       0.33      0.37      0.34       465

[[121   3  17   3   0  16  19]
 [  6   5   0   2   0   2   5]
 [ 26   0   2   2   0   4   2]
 [ 30   1   3   5   0   7  13]
 [  0   0   0   1   0   0   0]
 [ 33   2   3   4   0  18   8]
 [ 42   5   6  16   0  12  21]]

NB
Classification_report:
             precision    recall  f1-score   support

          B       0.55      0.20      0.29       179
          C       0.21      0.15      0.18        20
          G       0.18      0.67      0.28        36
          M       0.26      0.54      0.36        59
          O       0.00      0.00      0.00         1
          P       0.42      0.63      0.51        68
          R       0.29      0.08      0.12       102

avg / total       0.39      0.31      0.29       465

[[36  3 81 29  0 27  3]
 [ 4  3  2  4  0  2  5]
 [ 7  0 24  3  0  0  2]
 [ 3  2  6 32  0 10  6]
 [ 1  0  0  0  0  0  0]
 [ 4  1  1 15  0 43  4]
 [11  5 20 38  0 20  8]]

DT
Classification_report:
             precision    recall  f1-score   support

          B       0.47      0.42      0.44       179
          C       0.14      0.15      0.14        20
          G       0.05      0.06      0.05        36
          M       0.19      0.20      0.20        59
          O       0.00      0.00      0.00         1
          P       0.40      0.34      0.37        68
          R       0.18      0.22      0.20       102

avg / total       0.31      0.29      0.30       465

[[75  5 17 20  1 13 48]
 [ 6  3  0  3  0  4  4]
 [19  4  2  1  0  1  9]
 [14  1  7 12  0  4 21]
 [ 0  0  0  0  0  0  1]
 [14  5  1  8  0 23 17]
 [31  4 11 20  1 13 22]]

CRF
Classification_report:
             precision    recall  f1-score   support

          B       0.65      0.90      0.76       179
          C       0.65      0.65      0.65        20
          G       0.36      0.14      0.20        36
          M       0.34      0.20      0.26        59
          O       0.00      0.00      0.00         1
          P       0.48      0.37      0.42        68
          R       0.52      0.49      0.50       102

avg / total       0.53      0.57      0.54       465

CRF 2.0
Classification_report:
             precision    recall  f1-score   support

          B       0.62      0.86      0.72       179
          C       0.43      0.30      0.35        20
          G       0.31      0.11      0.16        36
          M       0.44      0.31      0.36        59
          O       0.00      0.00      0.00         1
          P       0.59      0.43      0.50        68
          R       0.48      0.47      0.47       102

avg / total       0.53      0.56      0.53       465


SVM RBF
Classification_report:
             precision    recall  f1-score   support

          B       0.37      0.82      0.51       256
          C       0.00      0.00      0.00        40
          G       0.00      0.00      0.00        72
          M       0.00      0.00      0.00       104
          O       0.00      0.00      0.00         7
          P       0.00      0.00      0.00       133
          R       0.37      0.43      0.40       219

avg / total       0.21      0.37      0.26       831

[[211   0   0   0   0   0  45]
 [ 15   0   0   0   0   0  25]
 [ 61   0   0   0   0   0  11]
 [ 62   0   0   0   0   0  42]
 [  3   0   0   0   0   0   4]
 [101   0   0   0   0   0  32]
 [125   0   0   0   0   0  94]]

SVM linear
Classification_report:
             precision    recall  f1-score   support

          B       0.53      0.63      0.57       256
          C       0.24      0.15      0.18        40
          G       0.37      0.28      0.32        72
          M       0.36      0.34      0.35       104
          O       0.25      0.14      0.18         7
          P       0.60      0.56      0.58       133
          R       0.50      0.50      0.50       219

avg / total       0.48      0.49      0.48       831

[[161   5  27  17   0  15  31]
 [ 11   6   0   0   0   5  18]
 [ 44   1  20   0   0   1   6]
 [ 19   4   2  35   0   7  37]
 [  0   1   0   0   1   3   2]
 [ 25   1   2  12   1  75  17]
 [ 46   7   3  33   2  19 109]]

KNN
Classification_report:
             precision    recall  f1-score   support

          B       0.43      0.50      0.46       256
          C       0.14      0.33      0.20        40
          G       0.13      0.14      0.13        72
          M       0.20      0.09      0.12       104
          O       0.00      0.00      0.00         7
          P       0.35      0.40      0.37       133
          R       0.39      0.29      0.33       219

avg / total       0.33      0.33      0.33       831

[[128  17  34   5   0  42  30]
 [ 11  13   2   1   0   4   9]
 [ 36   5  10   1   0  10  10]
 [ 32  13   6   9   0  10  34]
 [  1   1   1   1   0   2   1]
 [ 38   8   8  10   0  53  16]
 [ 55  34  16  19   1  30  64]]

NB
Classification_report:
             precision    recall  f1-score   support

          B       0.49      0.17      0.25       256
          C       0.16      0.33      0.21        40
          G       0.17      0.64      0.27        72
          M       0.29      0.46      0.35       104
          O       0.00      0.00      0.00         7
          P       0.61      0.56      0.59       133
          R       0.34      0.12      0.18       219

avg / total       0.40      0.30      0.30       831

[[ 44  16 123  36   5  23   9]
 [  2  13   7   3   1   4  10]
 [ 14   3  46   5   0   2   2]
 [  8   6  22  48   0   5  15]
 [  1   0   0   0   0   1   5]
 [  7  17   4  16   2  75  12]
 [ 14  26  72  60   7  13  27]]

DT
Classification_report:
             precision    recall  f1-score   support

          B       0.47      0.42      0.44       256
          C       0.03      0.05      0.04        40
          G       0.10      0.10      0.10        72
          M       0.17      0.17      0.17       104
          O       0.17      0.29      0.21         7
          P       0.55      0.58      0.57       133
          R       0.31      0.30      0.30       219

avg / total       0.35      0.34      0.34       831

[[108  15  23  26   2  19  63]
 [  7   2   2   8   1   8  12]
 [ 34   4   7   9   0   4  14]
 [ 24   9   9  18   3   6  35]
 [  1   0   0   1   2   2   1]
 [ 10   6   5   8   2  77  25]
 [ 47  22  24  35   2  23  66]]

CRF
Classification_report:
             precision    recall  f1-score   support

          B       0.54      0.76      0.63       256
          C       0.44      0.30      0.36        40
          G       0.17      0.01      0.03        72
          M       0.11      0.03      0.05       104
          O       0.00      0.00      0.00         7
          P       0.56      0.44      0.49       133
          R       0.50      0.69      0.58       219

avg / total       0.44      0.51      0.45       831

CRF 2.0
Classification_report:
             precision    recall  f1-score   support

          B       0.63      0.78      0.70       256
          C       0.33      0.25      0.29        40
          G       0.28      0.15      0.20        72
          M       0.37      0.28      0.32       104
          O       0.00      0.00      0.00         7
          P       0.70      0.59      0.64       133
          R       0.50      0.59      0.54       219

avg / total       0.53      0.55      0.53       831
