SVM RBF
Classification_report:
             precision    recall  f1-score   support

          B       0.37      0.69      0.48        77
          C       0.00      0.00      0.00        20
          G       0.00      0.00      0.00        36
          M       0.00      0.00      0.00        45
          O       0.00      0.00      0.00         6
          P       0.00      0.00      0.00        65
          R       0.40      0.77      0.53       117

avg / total       0.21      0.39      0.27       366

[[53  0  0  0  0  0 24]
 [ 1  0  0  0  0  0 19]
 [18  0  0  0  0  0 18]
 [11  0  0  0  0  0 34]
 [ 0  0  0  0  0  0  6]
 [33  0  0  0  0  0 32]
 [27  0  0  0  0  0 90]]

SVM linear
Classification_report:
             precision    recall  f1-score   support

          B       0.47      0.52      0.49        77
          C       0.28      0.25      0.26        20
          G       0.41      0.33      0.37        36
          M       0.32      0.27      0.29        45
          O       1.00      0.33      0.50         6
          P       0.60      0.65      0.62        65
          R       0.56      0.59      0.57       117

avg / total       0.49      0.50      0.49       366

[[40  1 13  6  0  7 10]
 [ 2  5  0  1  0  2 10]
 [16  0 12  0  0  2  6]
 [ 7  1  0 12  0  6 19]
 [ 0  1  0  0  2  1  2]
 [ 9  0  3  3  0 42  8]
 [11 10  1 16  0 10 69]]

KNN
Classification_report:
             precision    recall  f1-score   support

          B       0.38      0.44      0.41        77
          C       0.08      0.25      0.12        20
          G       0.15      0.17      0.16        36
          M       0.12      0.07      0.09        45
          O       0.00      0.00      0.00         6
          P       0.40      0.45      0.42        65
          R       0.51      0.33      0.40       117

avg / total       0.35      0.32      0.32       366

[[34  4 11  5  0 15  8]
 [ 0  5  2  2  0  4  7]
 [13 10  6  2  0  3  2]
 [ 8  7  5  3  0  5 17]
 [ 0  4  1  0  0  1  0]
 [15 12  4  1  0 29  4]
 [20 20 11 12  0 15 39]]

NB
Classification_report:
             precision    recall  f1-score   support

          B       0.48      0.34      0.40        77
          C       0.38      0.25      0.30        20
          G       0.18      0.64      0.28        36
          M       0.35      0.31      0.33        45
          O       0.10      0.33      0.15         6
          P       0.65      0.65      0.65        65
          R       0.34      0.13      0.19       117

avg / total       0.41      0.35      0.34       366

[[26  0 32  2  4  9  4]
 [ 0  5  4  0  1  1  9]
 [ 9  0 23  2  0  1  1]
 [ 2  3 15 14  2  2  7]
 [ 0  0  0  0  2  0  4]
 [10  0  2  5  2 42  4]
 [ 7  5 54 17  9 10 15]]

DT
Classification_report:
             precision    recall  f1-score   support

          B       0.44      0.44      0.44        77
          C       0.19      0.20      0.20        20
          G       0.19      0.17      0.18        36
          M       0.20      0.24      0.22        45
          O       0.00      0.00      0.00         6
          P       0.56      0.60      0.58        65
          R       0.43      0.39      0.41       117

avg / total       0.38      0.38      0.38       366

[[34  3  9  9  0  8 14]
 [ 2  4  4  2  0  1  7]
 [12  2  6  4  0  5  7]
 [ 7  0  3 11  1  5 18]
 [ 0  0  0  0  0  5  1]
 [ 4  0  3  4  1 39 14]
 [19 12  6 25  2  7 46]]

CRF
Classification_report:
             precision    recall  f1-score   support

          B       0.58      0.58      0.58        77
          C       0.38      0.45      0.41        20
          G       0.19      0.08      0.12        36
          M       0.27      0.07      0.11        45
          O       0.00      0.00      0.00         6
          P       0.62      0.51      0.56        65
          R       0.54      0.85      0.66       117

avg / total       0.48      0.53      0.48       366

CRF 2.0
Classification_report:
             precision    recall  f1-score   support

          B       0.61      0.60      0.60        77
          C       0.18      0.10      0.13        20
          G       0.31      0.22      0.26        36
          M       0.35      0.20      0.25        45
          O       0.00      0.00      0.00         6
          P       0.71      0.63      0.67        65
          R       0.51      0.74      0.61       117

avg / total       0.50      0.53      0.50       366


SVM RBF
Classification_report:
             precision    recall  f1-score   support

          B       0.42      0.96      0.58       179
          C       0.00      0.00      0.00        20
          G       0.00      0.00      0.00        36
          M       0.00      0.00      0.00        59
          O       0.00      0.00      0.00         1
          P       0.00      0.00      0.00        68
          R       0.39      0.21      0.27       102

avg / total       0.25      0.41      0.28       465

[[171   0   0   0   0   0   8]
 [ 13   0   0   0   0   0   7]
 [ 35   0   0   0   0   0   1]
 [ 46   0   0   0   0   0  13]
 [  1   0   0   0   0   0   0]
 [ 64   0   0   0   0   0   4]
 [ 81   0   0   0   0   0  21]]

SVM linear
Classification_report:
             precision    recall  f1-score   support

          B       0.55      0.66      0.60       179
          C       0.27      0.20      0.23        20
          G       0.22      0.11      0.15        36
          M       0.33      0.29      0.31        59
          O       0.00      0.00      0.00         1
          P       0.48      0.46      0.47        68
          R       0.37      0.36      0.37       102

avg / total       0.43      0.46      0.44       465

[[119   3  13  10   0  12  22]
 [  5   4   0   0   0   4   7]
 [ 27   1   4   1   0   0   3]
 [ 19   3   0  17   0   3  17]
 [  0   0   0   0   0   0   1]
 [ 18   0   0   6   0  31  13]
 [ 28   4   1  18   0  14  37]]

KNN
Classification_report:
             precision    recall  f1-score   support

          B       0.43      0.68      0.52       179
          C       0.38      0.25      0.30        20
          G       0.00      0.00      0.00        36
          M       0.08      0.03      0.05        59
          O       0.00      0.00      0.00         1
          P       0.31      0.22      0.26        68
          R       0.30      0.21      0.24       102

avg / total       0.30      0.35      0.31       465

[[121   2  16   6   0  16  18]
 [  7   5   0   2   0   2   4]
 [ 28   0   0   1   0   4   3]
 [ 35   0   2   2   0   3  17]
 [  0   0   0   0   0   1   0]
 [ 41   0   2   3   0  15   7]
 [ 50   6   6  11   0   8  21]]

NB
Classification_report:
             precision    recall  f1-score   support

          B       0.55      0.18      0.28       179
          C       0.20      0.15      0.17        20
          G       0.17      0.67      0.27        36
          M       0.25      0.56      0.35        59
          O       0.00      0.00      0.00         1
          P       0.42      0.57      0.48        68
          R       0.23      0.06      0.09       102

avg / total       0.38      0.30      0.27       465

[[33  4 85 32  0 22  3]
 [ 3  3  2  5  0  2  5]
 [ 5  0 24  5  0  0  2]
 [ 2  2  6 33  0 10  6]
 [ 1  0  0  0  0  0  0]
 [ 4  1  3 17  0 39  4]
 [12  5 20 39  0 20  6]]

DT
Classification_report:
             precision    recall  f1-score   support

          B       0.49      0.46      0.48       179
          C       0.07      0.05      0.06        20
          G       0.15      0.17      0.16        36
          M       0.19      0.17      0.18        59
          O       0.00      0.00      0.00         1
          P       0.43      0.44      0.44        68
          R       0.22      0.25      0.23       102

avg / total       0.34      0.33      0.34       465

[[83  4 18 16  1 18 39]
 [ 6  1  2  3  0  3  5]
 [19  0  6  3  0  0  8]
 [15  1  7 10  1  5 20]
 [ 0  0  0  0  0  0  1]
 [11  4  1  7  0 30 15]
 [36  4  7 15  2 13 25]]

CRF
Classification_report:
             precision    recall  f1-score   support

          B       0.67      0.87      0.76       179
          C       0.62      0.65      0.63        20
          G       0.38      0.14      0.20        36
          M       0.38      0.20      0.26        59
          O       0.00      0.00      0.00         1
          P       0.51      0.40      0.45        68
          R       0.53      0.59      0.56       102

avg / total       0.55      0.59      0.56       465

CRF 2.0
Classification_report:
             precision    recall  f1-score   support

          B       0.57      0.78      0.66       179
          C       0.67      0.30      0.41        20
          G       0.21      0.08      0.12        36
          M       0.58      0.36      0.44        59
          O       0.00      0.00      0.00         1
          P       0.50      0.40      0.44        68
          R       0.45      0.48      0.46       102

avg / total       0.51      0.53      0.50       465


SVM RBF
Classification_report:
             precision    recall  f1-score   support

          B       0.38      0.80      0.52       256
          C       0.00      0.00      0.00        40
          G       0.00      0.00      0.00        72
          M       0.00      0.00      0.00       104
          O       0.00      0.00      0.00         7
          P       0.00      0.00      0.00       133
          R       0.37      0.50      0.42       219

avg / total       0.21      0.38      0.27       831

[[204   0   0   0   0   0  52]
 [ 11   0   0   0   0   0  29]
 [ 58   0   0   0   0   0  14]
 [ 53   0   0   0   0   0  51]
 [  2   0   0   0   0   0   5]
 [ 95   0   0   0   0   0  38]
 [110   0   0   0   0   0 109]]

SVM linear
Classification_report:
             precision    recall  f1-score   support

          B       0.53      0.64      0.58       256
          C       0.26      0.12      0.17        40
          G       0.36      0.22      0.28        72
          M       0.34      0.27      0.30       104
          O       0.00      0.00      0.00         7
          P       0.66      0.60      0.63       133
          R       0.46      0.53      0.49       219

avg / total       0.48      0.49      0.48       831

[[164   3  23  14   0  10  42]
 [  8   5   1   1   0   4  21]
 [ 47   0  16   1   0   1   7]
 [ 19   3   0  28   0   8  46]
 [  0   2   0   0   0   2   3]
 [ 24   0   1   9   1  80  18]
 [ 45   6   3  30   2  16 117]]

KNN
Classification_report:
             precision    recall  f1-score   support

          B       0.43      0.54      0.48       256
          C       0.14      0.20      0.16        40
          G       0.19      0.17      0.18        72
          M       0.22      0.14      0.17       104
          O       0.00      0.00      0.00         7
          P       0.40      0.40      0.40       133
          R       0.40      0.32      0.36       219

avg / total       0.35      0.36      0.35       831

[[139   7  30  13   0  31  36]
 [ 14   8   1   2   0   6   9]
 [ 35   5  12   1   0  10   9]
 [ 34   8   5  15   0  10  32]
 [  4   0   1   1   0   0   1]
 [ 41   8   3   8   0  53  20]
 [ 60  23  12  29   1  23  71]]

NB
Classification_report:
             precision    recall  f1-score   support

          B       0.48      0.16      0.24       256
          C       0.13      0.33      0.19        40
          G       0.16      0.65      0.26        72
          M       0.27      0.38      0.32       104
          O       0.00      0.00      0.00         7
          P       0.58      0.49      0.53       133
          R       0.33      0.11      0.17       219

avg / total       0.38      0.28      0.28       831

[[ 42  21 126  33   5  20   9]
 [  2  13   9   1   2   4   9]
 [ 13   3  47   4   0   3   2]
 [  9   6  30  40   0   5  14]
 [  1   0   0   0   0   1   5]
 [  8  22   6  18   2  65  12]
 [ 12  32  76  52   8  14  25]]

DT
Classification_report:
             precision    recall  f1-score   support

          B       0.42      0.40      0.41       256
          C       0.07      0.07      0.07        40
          G       0.14      0.15      0.14        72
          M       0.17      0.18      0.18       104
          O       0.00      0.00      0.00         7
          P       0.53      0.54      0.53       133
          R       0.33      0.32      0.33       219

avg / total       0.34      0.33      0.34       831

[[102  11  33  33   1  16  60]
 [ 10   3   4   4   0   4  15]
 [ 36   5  11   6   1   4   9]
 [ 25   5   8  19   2   9  36]
 [  1   0   0   1   0   4   1]
 [ 11   6   6  12   1  72  25]
 [ 55  11  18  36   0  28  71]]

CRF
Classification_report:
             precision    recall  f1-score   support

          B       0.56      0.81      0.66       256
          C       0.45      0.35      0.39        40
          G       0.11      0.01      0.02        72
          M       0.11      0.02      0.03       104
          O       0.00      0.00      0.00         7
          P       0.59      0.46      0.51       133
          R       0.51      0.70      0.59       219

avg / total       0.45      0.53      0.47       831

CRF 2.0
Classification_report:
             precision    recall  f1-score   support

          B       0.61      0.69      0.65       256
          C       0.37      0.25      0.30        40
          G       0.24      0.17      0.20        72
          M       0.32      0.31      0.31       104
          O       0.00      0.00      0.00         7
          P       0.64      0.56      0.59       133
          R       0.48      0.55      0.51       219

avg / total       0.50      0.51      0.50       831
