SVM RBF
Classification_report:
             precision    recall  f1-score   support

          B       0.37      0.74      0.49        77
          C       0.00      0.00      0.00        20
          G       0.00      0.00      0.00        36
          M       0.00      0.00      0.00        45
          O       0.00      0.00      0.00         6
          P       0.00      0.00      0.00        65
          R       0.41      0.74      0.53       117

avg / total       0.21      0.39      0.27       366

[[57  0  0  0  0  0 20]
 [ 1  0  0  0  0  0 19]
 [19  0  0  0  0  0 17]
 [12  0  0  0  0  0 33]
 [ 0  0  0  0  0  0  6]
 [35  0  0  0  0  0 30]
 [30  0  0  0  0  0 87]]

SVM linear
Classification_report:
             precision    recall  f1-score   support

          B       0.56      0.71      0.63        77
          C       0.00      0.00      0.00        20
          G       0.56      0.14      0.22        36
          M       0.67      0.04      0.08        45
          O       1.00      0.17      0.29         6
          P       0.71      0.57      0.63        65
          R       0.49      0.85      0.62       117

avg / total       0.55      0.54      0.48       366

[[55  0  2  0  0  5 15]
 [ 1  0  0  0  0  1 18]
 [20  0  5  0  0  0 11]
 [ 5  0  0  2  0  2 36]
 [ 0  0  0  0  1  1  4]
 [ 7  0  2  0  0 37 19]
 [11  0  0  1  0  6 99]]

KNN
Classification_report:
             precision    recall  f1-score   support

          B       0.43      0.53      0.47        77
          C       0.09      0.10      0.10        20
          G       0.14      0.17      0.15        36
          M       0.20      0.11      0.14        45
          O       0.00      0.00      0.00         6
          P       0.52      0.49      0.51        65
          R       0.51      0.51      0.51       117

avg / total       0.39      0.40      0.39       366

[[41  2 13  1  0 12  8]
 [ 1  2  1  5  0  3  8]
 [16  2  6  2  0  1  9]
 [ 9  2  7  5  0  5 17]
 [ 0  1  1  1  0  1  2]
 [ 9  4  2  4  0 32 14]
 [20  9 14  7  0  7 60]]

NB
Classification_report:
             precision    recall  f1-score   support

          B       0.49      0.34      0.40        77
          C       0.36      0.25      0.29        20
          G       0.17      0.64      0.27        36
          M       0.34      0.29      0.31        45
          O       0.10      0.33      0.15         6
          P       0.64      0.65      0.64        65
          R       0.36      0.13      0.19       117

avg / total       0.41      0.34      0.34       366

[[26  0 32  2  4  9  4]
 [ 0  5  4  0  1  1  9]
 [ 9  0 23  2  0  1  1]
 [ 3  3 15 13  2  3  6]
 [ 0  0  0  0  2  0  4]
 [ 8  1  3  6  2 42  3]
 [ 7  5 56 15  9 10 15]]

DT
Classification_report:
             precision    recall  f1-score   support

          B       0.44      0.40      0.42        77
          C       0.00      0.00      0.00        20
          G       0.17      0.14      0.15        36
          M       0.26      0.27      0.26        45
          O       0.25      0.17      0.20         6
          P       0.59      0.68      0.63        65
          R       0.45      0.46      0.45       117

avg / total       0.39      0.40      0.40       366

[[31  3  9 10  0  9 15]
 [ 7  0  1  3  0  0  9]
 [ 6  1  5  3  0  5 16]
 [ 8  1  3 12  0  3 18]
 [ 1  0  0  0  1  3  1]
 [ 4  1  2  3  3 44  8]
 [13 14 10 15  0 11 54]]

CRF
Classification_report:
             precision    recall  f1-score   support

          B       0.54      0.57      0.56        77
          C       0.41      0.45      0.43        20
          G       0.17      0.08      0.11        36
          M       0.20      0.04      0.07        45
          O       0.00      0.00      0.00         6
          P       0.54      0.43      0.48        65
          R       0.52      0.81      0.63       117

avg / total       0.44      0.49      0.45       366

CRF 2.0
Classification_report:
             precision    recall  f1-score   support

          B       0.59      0.65      0.62        77
          C       0.33      0.15      0.21        20
          G       0.40      0.22      0.29        36
          M       0.25      0.07      0.11        45
          O       0.00      0.00      0.00         6
          P       0.72      0.58      0.64        65
          R       0.51      0.82      0.63       117

avg / total       0.50      0.54      0.50       366


SVM RBF
Classification_report:
             precision    recall  f1-score   support

          B       0.41      0.95      0.58       179
          C       0.00      0.00      0.00        20
          G       0.00      0.00      0.00        36
          M       0.00      0.00      0.00        59
          O       0.00      0.00      0.00         1
          P       0.00      0.00      0.00        68
          R       0.38      0.21      0.27       102

avg / total       0.24      0.41      0.28       465

[[170   0   0   0   0   0   9]
 [ 13   0   0   0   0   0   7]
 [ 35   0   0   0   0   0   1]
 [ 46   0   0   0   0   0  13]
 [  1   0   0   0   0   0   0]
 [ 64   0   0   0   0   0   4]
 [ 81   0   0   0   0   0  21]]

SVM linear
Classification_report:
             precision    recall  f1-score   support

          B       0.53      0.87      0.66       179
          C       0.33      0.05      0.09        20
          G       0.00      0.00      0.00        36
          M       0.38      0.08      0.14        59
          O       0.00      0.00      0.00         1
          P       0.68      0.41      0.51        68
          R       0.38      0.41      0.39       102

avg / total       0.45      0.50      0.44       465

[[156   0   0   1   0   1  21]
 [  6   1   0   0   0   3  10]
 [ 35   1   0   0   0   0   0]
 [ 24   0   0   5   0   3  27]
 [  0   0   0   0   0   1   0]
 [ 26   1   0   1   0  28  12]
 [ 49   0   0   6   0   5  42]]

KNN
Classification_report:
             precision    recall  f1-score   support

          B       0.45      0.77      0.57       179
          C       0.36      0.20      0.26        20
          G       0.27      0.08      0.13        36
          M       0.04      0.02      0.02        59
          O       0.00      0.00      0.00         1
          P       0.29      0.16      0.21        68
          R       0.34      0.25      0.28       102

avg / total       0.33      0.39      0.34       465

[[138   0   6   8   0  12  15]
 [ 11   4   0   1   0   1   3]
 [ 27   0   3   0   0   2   4]
 [ 35   2   1   1   0   4  16]
 [  0   0   0   0   0   1   0]
 [ 41   0   1   4   0  11  11]
 [ 55   5   0  10   0   7  25]]

NB
Classification_report:
             precision    recall  f1-score   support

          B       0.53      0.17      0.25       179
          C       0.20      0.15      0.17        20
          G       0.17      0.67      0.27        36
          M       0.24      0.56      0.34        59
          O       0.00      0.00      0.00         1
          P       0.39      0.53      0.45        68
          R       0.23      0.06      0.09       102

avg / total       0.36      0.28      0.26       465

[[30  4 85 34  0 23  3]
 [ 3  3  2  5  0  2  5]
 [ 5  0 24  4  0  1  2]
 [ 2  2  6 33  0 10  6]
 [ 1  0  0  0  0  0  0]
 [ 4  1  3 20  0 36  4]
 [12  5 20 39  0 20  6]]

DT
Classification_report:
             precision    recall  f1-score   support

          B       0.53      0.49      0.51       179
          C       0.15      0.20      0.17        20
          G       0.08      0.08      0.08        36
          M       0.21      0.24      0.22        59
          O       0.00      0.00      0.00         1
          P       0.50      0.53      0.51        68
          R       0.24      0.23      0.23       102

avg / total       0.37      0.36      0.36       465

[[88  9 19 21  0 14 28]
 [ 6  4  2  2  1  1  4]
 [14  2  3  6  0  1 10]
 [17  2  2 14  0  6 18]
 [ 0  0  0  0  0  1  0]
 [ 9  1  4  7  0 36 11]
 [33  8  8 17  0 13 23]]

CRF
Classification_report:
             precision    recall  f1-score   support

          B       0.62      0.84      0.72       179
          C       0.52      0.65      0.58        20
          G       0.43      0.17      0.24        36
          M       0.36      0.20      0.26        59
          O       0.00      0.00      0.00         1
          P       0.47      0.35      0.40        68
          R       0.48      0.47      0.48       102

avg / total       0.52      0.55      0.52       465

CRF 2.0
Classification_report:
             precision    recall  f1-score   support

          B       0.66      0.86      0.75       179
          C       0.67      0.30      0.41        20
          G       0.33      0.08      0.13        36
          M       0.43      0.34      0.38        59
          O       0.00      0.00      0.00         1
          P       0.69      0.51      0.59        68
          R       0.43      0.49      0.46       102

avg / total       0.56      0.58      0.55       465


SVM RBF
Classification_report:
             precision    recall  f1-score   support

          B       0.38      0.74      0.50       256
          C       0.00      0.00      0.00        40
          G       0.00      0.00      0.00        72
          M       0.00      0.00      0.00       104
          O       0.00      0.00      0.00         7
          P       0.00      0.00      0.00       133
          R       0.34      0.53      0.42       219

avg / total       0.21      0.37      0.26       831

[[189   0   0   0   0   0  67]
 [  8   0   0   0   0   0  32]
 [ 54   0   0   0   0   0  18]
 [ 47   0   0   0   0   0  57]
 [  2   0   0   0   0   0   5]
 [ 92   0   0   0   0   0  41]
 [104   0   0   0   0   0 115]]

SVM linear
Classification_report:
             precision    recall  f1-score   support

          B       0.54      0.79      0.64       256
          C       0.00      0.00      0.00        40
          G       0.00      0.00      0.00        72
          M       0.50      0.03      0.05       104
          O       0.00      0.00      0.00         7
          P       0.74      0.56      0.64       133
          R       0.46      0.73      0.56       219

avg / total       0.47      0.53      0.46       831

[[203   0   0   0   0   6  47]
 [  9   0   0   0   0   2  29]
 [ 66   0   0   0   0   0   6]
 [ 24   0   1   3   0   6  70]
 [  0   0   0   1   0   3   3]
 [ 24   0   0   1   0  75  33]
 [ 49   0   0   1   0  10 159]]

KNN
Classification_report:
             precision    recall  f1-score   support

          B       0.43      0.58      0.49       256
          C       0.17      0.17      0.17        40
          G       0.15      0.17      0.16        72
          M       0.27      0.18      0.22       104
          O       0.00      0.00      0.00         7
          P       0.46      0.32      0.37       133
          R       0.40      0.37      0.38       219

avg / total       0.37      0.37      0.36       831

[[148   8  28  10   0  27  35]
 [ 15   7   1   4   0   2  11]
 [ 37   3  12   3   0   5  12]
 [ 24   5   8  19   0   7  41]
 [  2   1   1   1   0   0   2]
 [ 47   4   8  10   0  42  22]
 [ 70  14  22  23   0   9  81]]

NB
Classification_report:
             precision    recall  f1-score   support

          B       0.48      0.16      0.24       256
          C       0.12      0.33      0.18        40
          G       0.16      0.65      0.26        72
          M       0.27      0.37      0.31       104
          O       0.00      0.00      0.00         7
          P       0.56      0.46      0.51       133
          R       0.32      0.11      0.16       219

avg / total       0.38      0.27      0.27       831

[[ 42  21 126  33   5  20   9]
 [  2  13   9   1   3   4   8]
 [ 13   3  47   4   0   3   2]
 [  9   8  30  38   0   5  14]
 [  1   0   0   0   0   1   5]
 [  8  24   6  19   3  61  12]
 [ 12  35  78  47   9  14  24]]

DT
Classification_report:
             precision    recall  f1-score   support

          B       0.50      0.47      0.48       256
          C       0.13      0.12      0.13        40
          G       0.15      0.17      0.16        72
          M       0.19      0.19      0.19       104
          O       0.00      0.00      0.00         7
          P       0.54      0.56      0.55       133
          R       0.38      0.39      0.39       219

avg / total       0.38      0.38      0.38       831

[[121   4  33  27   0  20  51]
 [  9   5   2   3   1   4  16]
 [ 32   6  12   8   0   4  10]
 [ 21   3   9  20   0   7  44]
 [  0   0   0   3   0   3   1]
 [ 22   4   6  10   1  74  16]
 [ 38  16  20  35   0  24  86]]

CRF
Classification_report:
             precision    recall  f1-score   support

          B       0.59      0.79      0.67       256
          C       0.50      0.38      0.43        40
          G       0.20      0.01      0.03        72
          M       0.11      0.03      0.05       104
          O       0.00      0.00      0.00         7
          P       0.58      0.46      0.51       133
          R       0.51      0.74      0.60       219

avg / total       0.46      0.53      0.48       831

CRF 2.0
Classification_report:
             precision    recall  f1-score   support

          B       0.68      0.87      0.76       256
          C       0.50      0.30      0.37        40
          G       0.35      0.17      0.23        72
          M       0.40      0.28      0.33       104
          O       0.00      0.00      0.00         7
          P       0.79      0.66      0.72       133
          R       0.54      0.64      0.59       219

avg / total       0.58      0.61      0.58       831
