SVM RBF
Classification_report:
             precision    recall  f1-score   support

          B       0.37      0.74      0.49        77
          C       0.00      0.00      0.00        20
          G       0.00      0.00      0.00        36
          M       0.00      0.00      0.00        45
          O       0.00      0.00      0.00         6
          P       0.00      0.00      0.00        65
          R       0.41      0.74      0.53       117

avg / total       0.21      0.39      0.27       366

[[57  0  0  0  0  0 20]
 [ 1  0  0  0  0  0 19]
 [19  0  0  0  0  0 17]
 [12  0  0  0  0  0 33]
 [ 0  0  0  0  0  0  6]
 [35  0  0  0  0  0 30]
 [30  0  0  0  0  0 87]]

SVM linear
Classification_report:
             precision    recall  f1-score   support

          B       0.55      0.69      0.61        77
          C       0.00      0.00      0.00        20
          G       0.42      0.14      0.21        36
          M       0.56      0.11      0.19        45
          O       1.00      0.17      0.29         6
          P       0.60      0.51      0.55        65
          R       0.49      0.80      0.61       117

avg / total       0.50      0.52      0.47       366

[[53  0  4  0  0  5 15]
 [ 2  0  0  0  0  2 16]
 [21  0  5  0  0  0 10]
 [ 4  0  1  5  0  2 33]
 [ 0  0  0  0  1  1  4]
 [11  0  2  0  0 33 19]
 [ 6  1  0  4  0 12 94]]

KNN
Classification_report:
             precision    recall  f1-score   support

          B       0.37      0.56      0.45        77
          C       0.15      0.20      0.17        20
          G       0.15      0.14      0.14        36
          M       0.23      0.11      0.15        45
          O       0.00      0.00      0.00         6
          P       0.50      0.46      0.48        65
          R       0.48      0.44      0.46       117

avg / total       0.37      0.38      0.37       366

[[43  4 11  0  0 10  9]
 [ 3  4  2  3  0  1  7]
 [17  3  5  1  0  2  8]
 [14  1  4  5  0  5 16]
 [ 1  2  0  0  0  1  2]
 [11  3  4  2  0 30 15]
 [27  9  7 11  0 11 52]]

NB
Classification_report:
             precision    recall  f1-score   support

          B       0.48      0.34      0.40        77
          C       0.36      0.25      0.29        20
          G       0.17      0.64      0.27        36
          M       0.34      0.29      0.31        45
          O       0.10      0.33      0.15         6
          P       0.65      0.65      0.65        65
          R       0.36      0.13      0.19       117

avg / total       0.41      0.34      0.34       366

[[26  0 32  2  4  9  4]
 [ 0  5  4  0  1  1  9]
 [ 9  0 23  2  0  1  1]
 [ 3  3 15 13  2  3  6]
 [ 0  0  0  0  2  0  4]
 [ 8  1  3  6  2 42  3]
 [ 8  5 56 15  9  9 15]]

DT
Classification_report:
             precision    recall  f1-score   support

          B       0.39      0.40      0.40        77
          C       0.18      0.20      0.19        20
          G       0.13      0.11      0.12        36
          M       0.24      0.27      0.25        45
          O       0.25      0.17      0.20         6
          P       0.62      0.63      0.63        65
          R       0.43      0.42      0.42       117

avg / total       0.39      0.39      0.39       366

[[31  3 16  5  0  5 17]
 [ 3  4  0  4  0  0  9]
 [16  3  4  2  0  2  9]
 [ 3  2  3 12  0  2 23]
 [ 0  0  0  0  1  5  0]
 [ 7  2  2  3  3 41  7]
 [19  8  6 24  0 11 49]]

CRF
Classification_report:
             precision    recall  f1-score   support

          B       0.52      0.52      0.52        77
          C       0.48      0.55      0.51        20
          G       0.26      0.14      0.18        36
          M       0.27      0.07      0.11        45
          O       0.00      0.00      0.00         6
          P       0.58      0.46      0.51        65
          R       0.54      0.85      0.66       117

avg / total       0.47      0.51      0.47       366

CRF 2.0
Classification_report:
             precision    recall  f1-score   support

          B       0.55      0.53      0.54        77
          C       0.36      0.20      0.26        20
          G       0.47      0.22      0.30        36
          M       0.20      0.13      0.16        45
          O       0.00      0.00      0.00         6
          P       0.68      0.58      0.63        65
          R       0.48      0.69      0.57       117

avg / total       0.48      0.49      0.47       366


SVM RBF
Classification_report:
             precision    recall  f1-score   support

          B       0.41      0.95      0.58       179
          C       0.00      0.00      0.00        20
          G       0.00      0.00      0.00        36
          M       0.00      0.00      0.00        59
          O       0.00      0.00      0.00         1
          P       0.00      0.00      0.00        68
          R       0.38      0.21      0.27       102

avg / total       0.24      0.41      0.28       465

[[170   0   0   0   0   0   9]
 [ 13   0   0   0   0   0   7]
 [ 35   0   0   0   0   0   1]
 [ 46   0   0   0   0   0  13]
 [  1   0   0   0   0   0   0]
 [ 64   0   0   0   0   0   4]
 [ 81   0   0   0   0   0  21]]

SVM linear
Classification_report:
             precision    recall  f1-score   support

          B       0.54      0.84      0.65       179
          C       0.50      0.15      0.23        20
          G       0.00      0.00      0.00        36
          M       0.46      0.19      0.27        59
          O       0.00      0.00      0.00         1
          P       0.58      0.41      0.48        68
          R       0.39      0.41      0.40       102

avg / total       0.46      0.50      0.45       465

[[150   0   0   3   0   4  22]
 [  7   3   0   0   0   3   7]
 [ 34   1   0   1   0   0   0]
 [ 18   1   0  11   0   6  23]
 [  0   0   0   0   0   1   0]
 [ 24   1   0   2   0  28  13]
 [ 47   0   0   7   0   6  42]]

KNN
Classification_report:
             precision    recall  f1-score   support

          B       0.43      0.72      0.53       179
          C       0.36      0.20      0.26        20
          G       0.14      0.08      0.11        36
          M       0.03      0.02      0.02        59
          O       0.00      0.00      0.00         1
          P       0.26      0.12      0.16        68
          R       0.32      0.22      0.26       102

avg / total       0.30      0.36      0.31       465

[[128   0  11  11   0  11  18]
 [ 11   4   0   1   0   1   3]
 [ 30   0   3   1   0   1   1]
 [ 36   2   2   1   0   4  14]
 [  0   0   0   1   0   0   0]
 [ 43   1   2   4   0   8  10]
 [ 52   4   3  15   0   6  22]]

NB
Classification_report:
             precision    recall  f1-score   support

          B       0.52      0.16      0.25       179
          C       0.20      0.15      0.17        20
          G       0.17      0.67      0.27        36
          M       0.24      0.56      0.34        59
          O       0.00      0.00      0.00         1
          P       0.38      0.51      0.43        68
          R       0.24      0.06      0.09       102

avg / total       0.36      0.28      0.25       465

[[29  4 85 34  0 24  3]
 [ 3  3  2  5  0  2  5]
 [ 5  0 24  4  0  1  2]
 [ 2  2  6 33  0 11  5]
 [ 1  0  0  0  0  0  0]
 [ 4  1  3 21  0 35  4]
 [12  5 20 39  0 20  6]]

DT
Classification_report:
             precision    recall  f1-score   support

          B       0.59      0.55      0.57       179
          C       0.04      0.05      0.05        20
          G       0.18      0.19      0.19        36
          M       0.25      0.25      0.25        59
          O       0.00      0.00      0.00         1
          P       0.41      0.37      0.39        68
          R       0.28      0.32      0.30       102

avg / total       0.40      0.38      0.39       465

[[98  7 18 17  0 10 29]
 [ 5  1  0  3  0  6  5]
 [17  2  7  2  0  1  7]
 [14  4  3 15  0  3 20]
 [ 0  0  0  1  0  0  0]
 [ 8  4  3  6  0 25 22]
 [25  5  8 15  0 16 33]]

CRF
Classification_report:
             precision    recall  f1-score   support

          B       0.63      0.88      0.73       179
          C       0.63      0.60      0.62        20
          G       0.27      0.11      0.16        36
          M       0.33      0.24      0.28        59
          O       0.00      0.00      0.00         1
          P       0.41      0.31      0.35        68
          R       0.53      0.46      0.49       102

avg / total       0.51      0.55      0.52       465

CRF 2.0
Classification_report:
             precision    recall  f1-score   support

          B       0.68      0.90      0.78       179
          C       0.50      0.20      0.29        20
          G       0.40      0.17      0.24        36
          M       0.44      0.32      0.37        59
          O       0.00      0.00      0.00         1
          P       0.67      0.54      0.60        68
          R       0.49      0.52      0.50       102

avg / total       0.58      0.60      0.58       465


SVM RBF
Classification_report:
             precision    recall  f1-score   support

          B       0.38      0.74      0.50       256
          C       0.00      0.00      0.00        40
          G       0.00      0.00      0.00        72
          M       0.00      0.00      0.00       104
          O       0.00      0.00      0.00         7
          P       0.00      0.00      0.00       133
          R       0.34      0.52      0.41       219

avg / total       0.21      0.37      0.26       831

[[190   0   0   0   0   0  66]
 [  8   0   0   0   0   0  32]
 [ 54   0   0   0   0   0  18]
 [ 47   0   0   0   0   0  57]
 [  2   0   0   0   0   0   5]
 [ 92   0   0   0   0   0  41]
 [105   0   0   0   0   0 114]]

SVM linear
Classification_report:
             precision    recall  f1-score   support

          B       0.53      0.79      0.63       256
          C       0.00      0.00      0.00        40
          G       0.00      0.00      0.00        72
          M       0.30      0.06      0.10       104
          O       0.00      0.00      0.00         7
          P       0.69      0.54      0.61       133
          R       0.46      0.69      0.55       219

avg / total       0.43      0.52      0.45       831

[[201   0   0   4   0   7  44]
 [ 12   0   0   0   0   2  26]
 [ 66   0   0   0   0   0   6]
 [ 22   0   1   6   0   8  67]
 [  0   0   0   0   0   4   3]
 [ 26   0   2   4   0  72  29]
 [ 51   0   0   6   0  11 151]]

KNN
Classification_report:
             precision    recall  f1-score   support

          B       0.39      0.55      0.45       256
          C       0.19      0.17      0.18        40
          G       0.19      0.17      0.18        72
          M       0.26      0.18      0.21       104
          O       0.00      0.00      0.00         7
          P       0.42      0.32      0.36       133
          R       0.37      0.33      0.35       219

avg / total       0.34      0.35      0.34       831

[[140   7  27  11   0  31  40]
 [ 17   7   1   4   0   4   7]
 [ 40   2  12   3   0   4  11]
 [ 34   5   2  19   0   8  36]
 [  2   1   0   2   0   0   2]
 [ 42   2   7  13   0  43  26]
 [ 85  12  14  22   0  13  73]]

NB
Classification_report:
             precision    recall  f1-score   support

          B       0.48      0.16      0.24       256
          C       0.12      0.33      0.18        40
          G       0.16      0.65      0.26        72
          M       0.27      0.38      0.32       104
          O       0.00      0.00      0.00         7
          P       0.56      0.45      0.50       133
          R       0.32      0.11      0.16       219

avg / total       0.38      0.27      0.27       831

[[ 41  21 126  33   5  21   9]
 [  2  13   9   1   3   4   8]
 [ 13   3  47   4   0   3   2]
 [  9   7  30  39   0   5  14]
 [  1   0   0   0   0   1   5]
 [  8  25   6  19   3  60  12]
 [ 12  35  78  47   9  14  24]]

DT
Classification_report:
             precision    recall  f1-score   support

          B       0.48      0.51      0.49       256
          C       0.08      0.07      0.08        40
          G       0.13      0.14      0.14        72
          M       0.26      0.23      0.24       104
          O       0.00      0.00      0.00         7
          P       0.64      0.61      0.62       133
          R       0.38      0.38      0.38       219

avg / total       0.40      0.40      0.40       831

[[131   7  33  20   1   9  55]
 [  9   3   2   1   0   6  19]
 [ 34   4  10   5   0   3  16]
 [ 24   5   9  24   2  10  30]
 [  2   0   0   0   0   2   3]
 [ 16   5   6  11   0  81  14]
 [ 58  12  16  31   3  16  83]]

CRF
Classification_report:
             precision    recall  f1-score   support

          B       0.54      0.77      0.64       256
          C       0.45      0.33      0.38        40
          G       0.20      0.03      0.05        72
          M       0.07      0.02      0.03       104
          O       0.00      0.00      0.00         7
          P       0.57      0.45      0.50       133
          R       0.49      0.67      0.57       219

avg / total       0.44      0.51      0.45       831

CRF 2.0
Classification_report:
             precision    recall  f1-score   support

          B       0.66      0.81      0.73       256
          C       0.32      0.20      0.25        40
          G       0.37      0.14      0.20        72
          M       0.39      0.28      0.32       104
          O       0.00      0.00      0.00         7
          P       0.73      0.63      0.68       133
          R       0.54      0.67      0.59       219

avg / total       0.56      0.58      0.56       831
