SVM RBF
Classification_report:
             precision    recall  f1-score   support

          B       0.45      0.39      0.42        77
          C       0.00      0.00      0.00        20
          G       0.00      0.00      0.00        36
          M       0.00      0.00      0.00        45
          O       0.00      0.00      0.00         6
          P       0.00      0.00      0.00        65
          R       0.36      0.92      0.52       117

avg / total       0.21      0.38      0.25       366

[[ 30   0   0   0   0   0  47]
 [  0   0   0   0   0   0  20]
 [  5   0   0   0   0   0  31]
 [  3   0   0   0   0   0  42]
 [  0   0   0   0   0   0   6]
 [ 20   0   0   0   0   0  45]
 [  9   0   0   0   0   0 108]]

SVM linear
Classification_report:
             precision    recall  f1-score   support

          B       0.55      0.58      0.57        77
          C       0.38      0.15      0.21        20
          G       0.42      0.28      0.33        36
          M       0.39      0.27      0.32        45
          O       1.00      0.17      0.29         6
          P       0.73      0.72      0.73        65
          R       0.52      0.69      0.59       117

avg / total       0.54      0.54      0.53       366

[[45  0 10  5  0  2 15]
 [ 2  3  0  0  0  2 13]
 [18  0 10  1  0  0  7]
 [ 3  0  1 12  0  3 26]
 [ 0  1  0  0  1  3  1]
 [ 3  0  2  0  0 47 13]
 [11  4  1 13  0  7 81]]

KNN
Classification_report:
             precision    recall  f1-score   support

          B       0.41      0.38      0.39        77
          C       0.05      0.15      0.08        20
          G       0.23      0.28      0.25        36
          M       0.26      0.13      0.18        45
          O       0.00      0.00      0.00         6
          P       0.37      0.54      0.44        65
          R       0.51      0.35      0.42       117

avg / total       0.37      0.34      0.34       366

[[29  4 11  3  0 20 10]
 [ 1  3  2  3  0  5  6]
 [ 7  7 10  2  0  7  3]
 [ 7  8  3  6  0  7 14]
 [ 0  3  1  0  0  2  0]
 [ 9  9  4  2  0 35  6]
 [18 21 12  7  0 18 41]]

NB
Classification_report:
             precision    recall  f1-score   support

          B       0.44      0.34      0.38        77
          C       0.38      0.25      0.30        20
          G       0.19      0.61      0.30        36
          M       0.33      0.38      0.35        45
          O       0.10      0.33      0.15         6
          P       0.66      0.65      0.65        65
          R       0.33      0.13      0.19       117

avg / total       0.40      0.35      0.35       366

[[26  0 29  5  4  9  4]
 [ 0  5  4  0  1  1  9]
 [10  0 22  2  0  1  1]
 [ 3  3 11 17  2  2  7]
 [ 0  0  0  0  2  0  4]
 [10  0  1  5  2 42  5]
 [10  5 46 23  9  9 15]]

DT
Classification_report:
             precision    recall  f1-score   support

          B       0.49      0.44      0.47        77
          C       0.07      0.10      0.08        20
          G       0.22      0.22      0.22        36
          M       0.15      0.16      0.15        45
          O       0.50      0.33      0.40         6
          P       0.58      0.63      0.60        65
          R       0.44      0.42      0.43       117

avg / total       0.40      0.39      0.39       366

[[34  6  5  9  1  6 16]
 [ 1  2  2  4  0  4  7]
 [ 7  3  8  6  0  5  7]
 [ 8  4  3  7  0  1 22]
 [ 0  0  1  0  2  3  0]
 [ 3  2  3  4  1 41 11]
 [16 11 14 16  0 11 49]]

CRF
Classification_report:
             precision    recall  f1-score   support

          B       0.57      0.48      0.52        77
          C       0.42      0.55      0.48        20
          G       0.20      0.08      0.12        36
          M       0.17      0.07      0.10        45
          O       0.00      0.00      0.00         6
          P       0.58      0.46      0.51        65
          R       0.51      0.83      0.63       117

avg / total       0.45      0.49      0.45       366

CRF 2.0
Classification_report:
             precision    recall  f1-score   support

          B       0.52      0.64      0.57        77
          C       0.50      0.20      0.29        20
          G       0.45      0.25      0.32        36
          M       0.40      0.09      0.15        45
          O       0.00      0.00      0.00         6
          P       0.70      0.58      0.64        65
          R       0.52      0.79      0.63       117

avg / total       0.52      0.54      0.50       366


SVM RBF
Classification_report:
             precision    recall  f1-score   support

          B       0.42      0.95      0.58       179
          C       0.00      0.00      0.00        20
          G       0.00      0.00      0.00        36
          M       0.00      0.00      0.00        59
          O       0.00      0.00      0.00         1
          P       0.00      0.00      0.00        68
          R       0.39      0.22      0.28       102

avg / total       0.25      0.41      0.28       465

[[170   0   0   0   0   0   9]
 [ 13   0   0   0   0   0   7]
 [ 35   0   0   0   0   0   1]
 [ 46   0   0   0   0   0  13]
 [  1   0   0   0   0   0   0]
 [ 64   0   0   0   0   0   4]
 [ 80   0   0   0   0   0  22]]

SVM linear
Classification_report:
             precision    recall  f1-score   support

          B       0.59      0.74      0.66       179
          C       0.18      0.10      0.13        20
          G       0.33      0.14      0.20        36
          M       0.36      0.31      0.33        59
          O       0.00      0.00      0.00         1
          P       0.63      0.53      0.58        68
          R       0.42      0.43      0.43       102

avg / total       0.49      0.51      0.49       465

[[133   2  10  11   0   7  16]
 [  6   2   0   2   0   2   8]
 [ 29   1   5   0   0   0   1]
 [ 14   2   0  18   0   3  22]
 [  0   0   0   0   0   0   1]
 [ 14   0   0   5   0  36  13]
 [ 31   4   0  14   0   9  44]]

KNN
Classification_report:
             precision    recall  f1-score   support

          B       0.41      0.66      0.51       179
          C       0.29      0.25      0.27        20
          G       0.14      0.11      0.12        36
          M       0.04      0.02      0.02        59
          O       0.00      0.00      0.00         1
          P       0.32      0.18      0.23        68
          R       0.26      0.18      0.21       102

avg / total       0.29      0.34      0.30       465

[[118   1  21   9   0   7  23]
 [  9   5   0   2   0   2   2]
 [ 25   0   4   2   0   2   3]
 [ 38   2   0   1   0   5  13]
 [  0   0   0   0   0   1   0]
 [ 43   2   0   2   0  12   9]
 [ 54   7   3  11   0   9  18]]

NB
Classification_report:
             precision    recall  f1-score   support

          B       0.57      0.20      0.29       179
          C       0.21      0.15      0.18        20
          G       0.17      0.67      0.27        36
          M       0.26      0.56      0.35        59
          O       0.00      0.00      0.00         1
          P       0.42      0.59      0.49        68
          R       0.27      0.07      0.11       102

avg / total       0.40      0.31      0.28       465

[[35  3 84 32  0 22  3]
 [ 3  3  2  5  0  2  5]
 [ 5  0 24  5  0  0  2]
 [ 2  2  6 33  0 11  5]
 [ 1  0  0  0  0  0  0]
 [ 4  1  3 16  0 40  4]
 [11  5 20 38  0 21  7]]

DT
Classification_report:
             precision    recall  f1-score   support

          B       0.49      0.46      0.47       179
          C       0.19      0.20      0.20        20
          G       0.12      0.11      0.12        36
          M       0.16      0.19      0.17        59
          O       0.00      0.00      0.00         1
          P       0.45      0.54      0.49        68
          R       0.29      0.25      0.27       102

avg / total       0.35      0.35      0.35       465

[[83  5 14 25  0 22 30]
 [ 2  4  3  3  0  2  6]
 [22  1  4  5  0  2  2]
 [16  4  5 11  0  7 16]
 [ 1  0  0  0  0  0  0]
 [14  2  1  3  0 37 11]
 [33  5  6 20  0 12 26]]

CRF
Classification_report:
             precision    recall  f1-score   support

          B       0.63      0.89      0.74       179
          C       0.64      0.70      0.67        20
          G       0.33      0.14      0.20        36
          M       0.39      0.24      0.29        59
          O       0.00      0.00      0.00         1
          P       0.48      0.35      0.41        68
          R       0.46      0.40      0.43       102

avg / total       0.52      0.55      0.52       465

CRF 2.0
Classification_report:
             precision    recall  f1-score   support

          B       0.63      0.85      0.72       179
          C       0.44      0.35      0.39        20
          G       0.44      0.11      0.18        36
          M       0.65      0.34      0.44        59
          O       0.00      0.00      0.00         1
          P       0.67      0.46      0.54        68
          R       0.49      0.58      0.53       102

avg / total       0.58      0.59      0.56       465


SVM RBF
Classification_report:
             precision    recall  f1-score   support

          B       0.37      0.82      0.50       256
          C       0.00      0.00      0.00        40
          G       0.00      0.00      0.00        72
          M       0.00      0.00      0.00       104
          O       0.00      0.00      0.00         7
          P       0.00      0.00      0.00       133
          R       0.37      0.44      0.40       219

avg / total       0.21      0.37      0.26       831

[[209   0   0   0   0   0  47]
 [ 14   0   0   0   0   0  26]
 [ 60   0   0   0   0   0  12]
 [ 62   0   0   0   0   0  42]
 [  3   0   0   0   0   0   4]
 [101   0   0   0   0   0  32]
 [123   0   0   0   0   0  96]]

SVM linear
Classification_report:
             precision    recall  f1-score   support

          B       0.56      0.70      0.62       256
          C       0.41      0.17      0.25        40
          G       0.45      0.24      0.31        72
          M       0.39      0.27      0.32       104
          O       0.00      0.00      0.00         7
          P       0.66      0.62      0.64       133
          R       0.46      0.55      0.50       219

avg / total       0.51      0.52      0.51       831

[[179   2  17   8   0  12  38]
 [  9   7   0   1   0   3  20]
 [ 49   0  17   0   0   0   6]
 [ 17   3   2  28   0   5  49]
 [  0   1   0   0   0   4   2]
 [ 19   0   0   6   0  82  26]
 [ 45   4   2  28   1  18 121]]

KNN
Classification_report:
             precision    recall  f1-score   support

          B       0.42      0.50      0.46       256
          C       0.12      0.23      0.15        40
          G       0.18      0.24      0.20        72
          M       0.22      0.10      0.13       104
          O       0.00      0.00      0.00         7
          P       0.36      0.39      0.37       133
          R       0.42      0.31      0.36       219

avg / total       0.35      0.34      0.34       831

[[128  13  40   8   0  40  27]
 [ 14   9   2   1   0   6   8]
 [ 31   8  17   1   0   8   7]
 [ 36   6   6  10   0  14  32]
 [  1   0   1   1   0   2   2]
 [ 42   7   8   6   0  52  18]
 [ 53  35  22  18   0  23  68]]

NB
Classification_report:
             precision    recall  f1-score   support

          B       0.48      0.16      0.24       256
          C       0.16      0.33      0.21        40
          G       0.16      0.65      0.26        72
          M       0.26      0.40      0.32       104
          O       0.00      0.00      0.00         7
          P       0.59      0.53      0.56       133
          R       0.33      0.12      0.18       219

avg / total       0.39      0.29      0.28       831

[[ 42  18 124  36   5  22   9]
 [  2  13   8   2   2   4   9]
 [ 13   3  47   4   0   3   2]
 [  8   5  29  42   0   5  15]
 [  1   0   0   0   0   1   5]
 [  7  16   6  20   2  70  12]
 [ 14  28  75  56   7  13  26]]

DT
Classification_report:
             precision    recall  f1-score   support

          B       0.45      0.43      0.44       256
          C       0.07      0.10      0.08        40
          G       0.12      0.11      0.11        72
          M       0.17      0.15      0.16       104
          O       0.00      0.00      0.00         7
          P       0.54      0.60      0.57       133
          R       0.35      0.34      0.35       219

avg / total       0.35      0.35      0.35       831

[[110  16  33  25   0  18  54]
 [ 12   4   0   6   0   8  10]
 [ 32   5   8   8   0   1  18]
 [ 24   8   8  16   2  13  33]
 [  1   1   0   1   0   3   1]
 [ 14   3   4   7   2  80  23]
 [ 52  20  16  29   2  25  75]]

CRF
Classification_report:
             precision    recall  f1-score   support

          B       0.58      0.80      0.67       256
          C       0.42      0.33      0.37        40
          G       0.20      0.01      0.03        72
          M       0.07      0.01      0.02       104
          O       0.00      0.00      0.00         7
          P       0.62      0.49      0.55       133
          R       0.51      0.74      0.61       219

avg / total       0.46      0.54      0.48       831

CRF 2.0
Classification_report:
             precision    recall  f1-score   support

          B       0.66      0.80      0.72       256
          C       0.35      0.20      0.25        40
          G       0.48      0.19      0.28        72
          M       0.44      0.29      0.35       104
          O       0.00      0.00      0.00         7
          P       0.67      0.56      0.61       133
          R       0.52      0.68      0.59       219

avg / total       0.56      0.58      0.55       831
