SVM RBF
Classification_report:
             precision    recall  f1-score   support

          B       0.65      0.40      0.50        77
          C       0.00      0.00      0.00        20
          G       0.00      0.00      0.00        36
          M       0.00      0.00      0.00        45
          O       0.00      0.00      0.00         6
          P       0.00      0.00      0.00        65
          R       0.36      0.98      0.53       117

avg / total       0.25      0.40      0.27       366

[[ 31   0   0   0   0   0  46]
 [  0   0   0   0   0   0  20]
 [  9   0   0   0   0   0  27]
 [  0   0   0   0   0   0  45]
 [  0   0   0   0   0   0   6]
 [  6   0   0   0   0   0  59]
 [  2   0   0   0   0   0 115]]

SVM linear
Classification_report:
             precision    recall  f1-score   support

          B       0.51      0.60      0.55        77
          C       0.28      0.35      0.31        20
          G       0.48      0.39      0.43        36
          M       0.23      0.27      0.25        45
          O       1.00      0.50      0.67         6
          P       0.63      0.62      0.62        65
          R       0.51      0.45      0.48       117

avg / total       0.49      0.48      0.48       366

[[46  2  9  5  0  7  8]
 [ 2  7  0  1  0  3  7]
 [15  0 14  0  0  0  7]
 [ 6  2  1 12  0  3 21]
 [ 0  0  0  0  3  2  1]
 [ 9  2  3  4  0 40  7]
 [12 12  2 30  0  8 53]]

KNN
Classification_report:
             precision    recall  f1-score   support

          B       0.41      0.38      0.39        77
          C       0.13      0.50      0.21        20
          G       0.30      0.28      0.29        36
          M       0.15      0.11      0.13        45
          O       1.00      0.17      0.29         6
          P       0.41      0.48      0.44        65
          R       0.49      0.32      0.39       117

avg / total       0.39      0.34      0.35       366

[[29  9  9  8  0 15  7]
 [ 0 10  3  0  0  2  5]
 [10  8 10  0  0  4  4]
 [ 3 10  2  5  0  8 17]
 [ 0  4  0  1  1  0  0]
 [11 10  3  4  0 31  6]
 [17 26  6 15  0 15 38]]

NB
Classification_report:
             precision    recall  f1-score   support

          B       0.45      0.38      0.41        77
          C       0.42      0.25      0.31        20
          G       0.26      0.61      0.36        36
          M       0.31      0.44      0.36        45
          O       0.10      0.33      0.15         6
          P       0.63      0.65      0.64        65
          R       0.39      0.17      0.24       117

avg / total       0.42      0.38      0.37       366

[[29  0 26  5  4  9  4]
 [ 0  5  4  0  1  1  9]
 [ 9  0 22  2  0  2  1]
 [ 4  3  6 20  2  2  8]
 [ 0  0  0  0  2  0  4]
 [ 9  0  0  7  2 42  5]
 [14  4 28 31  9 11 20]]

DT
Classification_report:
             precision    recall  f1-score   support

          B       0.42      0.47      0.44        77
          C       0.17      0.20      0.19        20
          G       0.17      0.14      0.15        36
          M       0.18      0.18      0.18        45
          O       0.43      0.50      0.46         6
          P       0.70      0.71      0.70        65
          R       0.44      0.41      0.42       117

avg / total       0.41      0.41      0.41       366

[[36  3 11  7  0  4 16]
 [ 3  4  0  3  0  0 10]
 [11  8  5  2  1  2  7]
 [ 9  0  3  8  1  4 20]
 [ 1  0  0  0  3  1  1]
 [ 4  1  1  4  1 46  8]
 [22  7  9 21  1  9 48]]

CRF
Classification_report:
             precision    recall  f1-score   support

          B       0.58      0.53      0.55        77
          C       0.40      0.50      0.44        20
          G       0.14      0.06      0.08        36
          M       0.20      0.07      0.10        45
          O       0.00      0.00      0.00         6
          P       0.56      0.45      0.50        65
          R       0.52      0.84      0.64       117

avg / total       0.45      0.50      0.45       366

CRF 2.0
Classification_report:
             precision    recall  f1-score   support

          B       0.55      0.60      0.57        77
          C       0.42      0.25      0.31        20
          G       0.36      0.28      0.31        36
          M       0.25      0.20      0.22        45
          O       0.00      0.00      0.00         6
          P       0.66      0.63      0.65        65
          R       0.57      0.71      0.63       117

avg / total       0.51      0.53      0.51       366


SVM RBF
Classification_report:
             precision    recall  f1-score   support

          B       0.43      0.95      0.59       179
          C       0.00      0.00      0.00        20
          G       0.00      0.00      0.00        36
          M       0.00      0.00      0.00        59
          O       0.00      0.00      0.00         1
          P       1.00      0.01      0.03        68
          R       0.41      0.28      0.34       102

avg / total       0.40      0.43      0.31       465

[[170   0   0   0   0   0   9]
 [ 12   0   0   0   0   0   8]
 [ 35   0   0   0   0   0   1]
 [ 43   0   0   0   0   0  16]
 [  1   0   0   0   0   0   0]
 [ 59   0   0   0   0   1   8]
 [ 73   0   0   0   0   0  29]]

SVM linear
Classification_report:
             precision    recall  f1-score   support

          B       0.56      0.60      0.58       179
          C       0.22      0.20      0.21        20
          G       0.30      0.22      0.25        36
          M       0.25      0.31      0.27        59
          O       0.00      0.00      0.00         1
          P       0.44      0.47      0.46        68
          R       0.35      0.28      0.31       102

avg / total       0.42      0.43      0.42       465

[[108   5  16  18   0  13  19]
 [  4   4   1   1   0   4   6]
 [ 24   1   8   1   0   0   2]
 [ 15   1   0  18   0   7  18]
 [  0   0   0   0   0   0   1]
 [ 13   2   2  10   0  32   9]
 [ 28   5   0  24   0  16  29]]

KNN
Classification_report:
             precision    recall  f1-score   support

          B       0.50      0.68      0.58       179
          C       0.18      0.30      0.22        20
          G       0.13      0.08      0.10        36
          M       0.23      0.15      0.18        59
          O       0.00      0.00      0.00         1
          P       0.33      0.24      0.27        68
          R       0.32      0.24      0.27       102

avg / total       0.36      0.39      0.36       465

[[122   7   9   7   0  13  21]
 [  7   6   1   1   0   2   3]
 [ 26   0   3   2   0   4   1]
 [ 24   3   2   9   0   4  17]
 [  1   0   0   0   0   0   0]
 [ 27   7   3   6   0  16   9]
 [ 38  11   5  14   0  10  24]]

NB
Classification_report:
             precision    recall  f1-score   support

          B       0.56      0.22      0.31       179
          C       0.20      0.15      0.17        20
          G       0.19      0.67      0.29        36
          M       0.28      0.54      0.37        59
          O       0.00      0.00      0.00         1
          P       0.44      0.71      0.54        68
          R       0.28      0.08      0.12       102

avg / total       0.40      0.33      0.30       465

[[39  3 78 27  0 29  3]
 [ 4  3  2  4  0  2  5]
 [ 6  0 24  4  0  0  2]
 [ 3  2  4 32  0 11  7]
 [ 1  0  0  0  0  0  0]
 [ 4  1  1 10  0 48  4]
 [13  6 19 37  0 19  8]]

DT
Classification_report:
             precision    recall  f1-score   support

          B       0.51      0.53      0.52       179
          C       0.00      0.00      0.00        20
          G       0.16      0.14      0.15        36
          M       0.20      0.25      0.23        59
          O       0.00      0.00      0.00         1
          P       0.47      0.38      0.42        68
          R       0.29      0.30      0.30       102

avg / total       0.37      0.37      0.37       465

[[95  6  9 28  0  9 32]
 [ 6  0  2  2  0  5  5]
 [23  1  5  5  0  1  1]
 [17  1  3 15  0  4 19]
 [ 1  0  0  0  0  0  0]
 [12  3  3  5  0 26 19]
 [32  1  9 19  0 10 31]]

CRF
Classification_report:
             precision    recall  f1-score   support

          B       0.63      0.90      0.74       179
          C       0.65      0.65      0.65        20
          G       0.36      0.14      0.20        36
          M       0.34      0.20      0.26        59
          O       0.00      0.00      0.00         1
          P       0.47      0.35      0.40        68
          R       0.51      0.45      0.48       102

avg / total       0.52      0.56      0.53       465

CRF 2.0
Classification_report:
             precision    recall  f1-score   support

          B       0.60      0.78      0.68       179
          C       0.36      0.20      0.26        20
          G       0.19      0.14      0.16        36
          M       0.36      0.36      0.36        59
          O       0.00      0.00      0.00         1
          P       0.55      0.38      0.45        68
          R       0.48      0.41      0.44       102

avg / total       0.49      0.51      0.49       465


SVM RBF
Classification_report:
             precision    recall  f1-score   support

          B       0.42      0.85      0.56       256
          C       0.00      0.00      0.00        40
          G       0.00      0.00      0.00        72
          M       0.00      0.00      0.00       104
          O       0.00      0.00      0.00         7
          P       0.95      0.16      0.27       133
          R       0.43      0.57      0.49       219

avg / total       0.39      0.44      0.35       831

[[218   0   0   0   0   0  38]
 [ 11   0   0   0   0   0  29]
 [ 66   0   0   0   0   0   6]
 [ 49   0   0   0   0   1  54]
 [  0   0   0   0   0   0   7]
 [ 79   0   0   0   0  21  33]
 [ 95   0   0   0   0   0 124]]

SVM linear
Classification_report:
             precision    recall  f1-score   support

          B       0.54      0.61      0.57       256
          C       0.20      0.23      0.21        40
          G       0.33      0.29      0.31        72
          M       0.34      0.32      0.33       104
          O       0.17      0.14      0.15         7
          P       0.64      0.61      0.63       133
          R       0.49      0.45      0.47       219

avg / total       0.48      0.48      0.48       831

[[157   7  33  17   0  10  32]
 [  8   9   1   3   1   5  13]
 [ 39   3  21   1   0   1   7]
 [ 22   4   2  33   0   8  35]
 [  0   1   0   0   1   3   2]
 [ 22   3   4   6   2  81  15]
 [ 43  17   3  38   2  18  98]]

KNN
Classification_report:
             precision    recall  f1-score   support

          B       0.47      0.55      0.50       256
          C       0.11      0.30      0.16        40
          G       0.25      0.22      0.24        72
          M       0.25      0.18      0.21       104
          O       0.00      0.00      0.00         7
          P       0.44      0.40      0.42       133
          R       0.35      0.26      0.30       219

avg / total       0.37      0.36      0.36       831

[[140  20  30  14   0  29  23]
 [  5  12   3   2   0   5  13]
 [ 30   9  16   3   0   3  11]
 [ 30   9   1  19   0   9  36]
 [  2   1   0   1   0   1   2]
 [ 29  16   5   9   1  53  20]
 [ 63  39   9  29   1  21  57]]

NB
Classification_report:
             precision    recall  f1-score   support

          B       0.49      0.18      0.26       256
          C       0.16      0.33      0.22        40
          G       0.18      0.64      0.28        72
          M       0.28      0.50      0.36       104
          O       0.00      0.00      0.00         7
          P       0.63      0.57      0.60       133
          R       0.34      0.12      0.18       219

avg / total       0.40      0.31      0.30       831

[[ 45  17 119  40   5  21   9]
 [  2  13   7   4   2   3   9]
 [ 15   3  46   5   0   1   2]
 [  8   6  18  52   0   5  15]
 [  1   0   0   0   0   1   5]
 [  7  15   3  18   2  76  12]
 [ 14  25  64  68   7  14  27]]

DT
Classification_report:
             precision    recall  f1-score   support

          B       0.50      0.45      0.47       256
          C       0.08      0.10      0.09        40
          G       0.16      0.18      0.17        72
          M       0.23      0.27      0.25       104
          O       0.11      0.14      0.12         7
          P       0.50      0.47      0.49       133
          R       0.36      0.35      0.35       219

avg / total       0.38      0.36      0.37       831

[[116   9  31  33   2  22  43]
 [  8   4   6   2   0   6  14]
 [ 33   6  13   4   0   2  14]
 [ 15   8  10  28   3   6  34]
 [  0   0   1   1   1   2   2]
 [ 20   6   7   7   3  63  27]
 [ 42  18  13  45   0  25  76]]

CRF
Classification_report:
             precision    recall  f1-score   support

          B       0.54      0.76      0.63       256
          C       0.48      0.30      0.37        40
          G       0.17      0.01      0.03        72
          M       0.10      0.03      0.04       104
          O       0.00      0.00      0.00         7
          P       0.56      0.44      0.49       133
          R       0.50      0.69      0.58       219

avg / total       0.44      0.51      0.45       831

CRF 2.0
Classification_report:
             precision    recall  f1-score   support

          B       0.62      0.66      0.64       256
          C       0.37      0.25      0.30        40
          G       0.33      0.22      0.27        72
          M       0.32      0.29      0.30       104
          O       0.00      0.00      0.00         7
          P       0.60      0.59      0.59       133
          R       0.51      0.61      0.56       219

avg / total       0.51      0.52      0.51       831
