SVM RBF
Classification_report:
             precision    recall  f1-score   support

          B       0.37      0.74      0.49        77
          C       0.00      0.00      0.00        20
          G       0.00      0.00      0.00        36
          M       0.00      0.00      0.00        45
          O       0.00      0.00      0.00         6
          P       0.00      0.00      0.00        65
          R       0.41      0.74      0.53       117

avg / total       0.21      0.39      0.27       366

[[57  0  0  0  0  0 20]
 [ 1  0  0  0  0  0 19]
 [19  0  0  0  0  0 17]
 [12  0  0  0  0  0 33]
 [ 0  0  0  0  0  0  6]
 [35  0  0  0  0  0 30]
 [30  0  0  0  0  0 87]]

SVM linear
Classification_report:
             precision    recall  f1-score   support

          B       0.54      0.66      0.60        77
          C       0.00      0.00      0.00        20
          G       0.50      0.11      0.18        36
          M       0.50      0.04      0.08        45
          O       1.00      0.17      0.29         6
          P       0.67      0.60      0.63        65
          R       0.50      0.85      0.63       117

avg / total       0.52      0.54      0.47       366

[[ 51   0   2   1   0   8  15]
 [  1   0   0   0   0   1  18]
 [ 21   0   4   0   0   0  11]
 [  5   0   1   2   0   2  35]
 [  0   0   0   0   1   0   5]
 [  8   0   1   0   0  39  17]
 [  8   0   0   1   0   8 100]]

KNN
Classification_report:
             precision    recall  f1-score   support

          B       0.35      0.38      0.36        77
          C       0.08      0.10      0.09        20
          G       0.26      0.28      0.27        36
          M       0.22      0.13      0.17        45
          O       0.00      0.00      0.00         6
          P       0.44      0.46      0.45        65
          R       0.47      0.50      0.48       117

avg / total       0.36      0.37      0.36       366

[[29  4 11  1  0 18 14]
 [ 2  2  1  4  0  3  8]
 [15  1 10  2  0  1  7]
 [ 9  2  4  6  0  6 18]
 [ 0  1  2  0  0  1  2]
 [ 9  5  1  3  0 30 17]
 [20 10  9 11  0  9 58]]

NB
Classification_report:
             precision    recall  f1-score   support

          B       0.47      0.34      0.39        77
          C       0.38      0.25      0.30        20
          G       0.17      0.64      0.27        36
          M       0.35      0.29      0.32        45
          O       0.10      0.33      0.15         6
          P       0.65      0.65      0.65        65
          R       0.35      0.13      0.19       117

avg / total       0.41      0.34      0.34       366

[[26  0 32  2  4  9  4]
 [ 0  5  4  0  1  1  9]
 [ 9  0 23  2  0  1  1]
 [ 3  3 15 13  2  3  6]
 [ 0  0  0  0  2  0  4]
 [ 9  0  3  5  2 42  4]
 [ 8  5 56 15  9  9 15]]

DT
Classification_report:
             precision    recall  f1-score   support

          B       0.39      0.35      0.37        77
          C       0.08      0.10      0.09        20
          G       0.12      0.11      0.11        36
          M       0.20      0.27      0.23        45
          O       0.00      0.00      0.00         6
          P       0.59      0.69      0.64        65
          R       0.43      0.37      0.39       117

avg / total       0.36      0.36      0.36       366

[[27  6 14  7  0  9 14]
 [ 1  2  4  3  0  3  7]
 [13  6  4  3  0  3  7]
 [10  0  3 12  0  2 18]
 [ 0  0  0  0  0  5  1]
 [ 4  2  1  1  1 45 11]
 [15  8  8 33  1  9 43]]

CRF
Classification_report:
             precision    recall  f1-score   support

          B       0.53      0.52      0.52        77
          C       0.40      0.40      0.40        20
          G       0.13      0.06      0.08        36
          M       0.22      0.04      0.07        45
          O       0.00      0.00      0.00         6
          P       0.50      0.40      0.44        65
          R       0.50      0.83      0.62       117

avg / total       0.42      0.48      0.43       366

CRF 2.0
Classification_report:
             precision    recall  f1-score   support

          B       0.51      0.56      0.53        77
          C       0.14      0.05      0.07        20
          G       0.32      0.17      0.22        36
          M       0.25      0.11      0.15        45
          O       0.00      0.00      0.00         6
          P       0.76      0.57      0.65        65
          R       0.47      0.74      0.57       117

avg / total       0.46      0.49      0.46       366


SVM RBF
Classification_report:
             precision    recall  f1-score   support

          B       0.42      0.96      0.58       179
          C       0.00      0.00      0.00        20
          G       0.00      0.00      0.00        36
          M       0.00      0.00      0.00        59
          O       0.00      0.00      0.00         1
          P       0.00      0.00      0.00        68
          R       0.38      0.20      0.26       102

avg / total       0.24      0.41      0.28       465

[[171   0   0   0   0   0   8]
 [ 13   0   0   0   0   0   7]
 [ 35   0   0   0   0   0   1]
 [ 46   0   0   0   0   0  13]
 [  1   0   0   0   0   0   0]
 [ 64   0   0   0   0   0   4]
 [ 82   0   0   0   0   0  20]]

SVM linear
Classification_report:
             precision    recall  f1-score   support

          B       0.55      0.87      0.67       179
          C       0.50      0.05      0.09        20
          G       0.00      0.00      0.00        36
          M       0.63      0.20      0.31        59
          O       0.00      0.00      0.00         1
          P       0.66      0.46      0.54        68
          R       0.40      0.45      0.42       102

avg / total       0.50      0.53      0.47       465

[[155   0   0   2   0   3  19]
 [  6   1   0   1   0   2  10]
 [ 34   0   0   0   0   0   2]
 [ 18   1   0  12   0   2  26]
 [  0   0   0   0   0   1   0]
 [ 24   0   0   0   0  31  13]
 [ 44   0   0   4   0   8  46]]

KNN
Classification_report:
             precision    recall  f1-score   support

          B       0.45      0.74      0.56       179
          C       0.33      0.20      0.25        20
          G       0.06      0.03      0.04        36
          M       0.03      0.02      0.02        59
          O       0.00      0.00      0.00         1
          P       0.24      0.18      0.21        68
          R       0.33      0.21      0.25       102

avg / total       0.31      0.37      0.32       465

[[132   0  11   7   0  17  12]
 [  7   4   0   3   0   3   3]
 [ 25   0   1   4   0   3   3]
 [ 34   2   3   1   0   4  15]
 [  0   0   0   0   0   1   0]
 [ 40   1   2   3   0  12  10]
 [ 53   5   1  13   0   9  21]]

NB
Classification_report:
             precision    recall  f1-score   support

          B       0.53      0.17      0.25       179
          C       0.20      0.15      0.17        20
          G       0.17      0.67      0.27        36
          M       0.24      0.56      0.34        59
          O       0.00      0.00      0.00         1
          P       0.39      0.53      0.45        68
          R       0.23      0.06      0.09       102

avg / total       0.36      0.28      0.26       465

[[30  4 85 34  0 23  3]
 [ 3  3  2  5  0  2  5]
 [ 5  0 24  4  0  1  2]
 [ 2  2  6 33  0 10  6]
 [ 1  0  0  0  0  0  0]
 [ 4  1  3 20  0 36  4]
 [12  5 20 39  0 20  6]]

DT
Classification_report:
             precision    recall  f1-score   support

          B       0.55      0.50      0.52       179
          C       0.23      0.25      0.24        20
          G       0.16      0.19      0.18        36
          M       0.16      0.20      0.18        59
          O       0.00      0.00      0.00         1
          P       0.61      0.51      0.56        68
          R       0.27      0.27      0.27       102

avg / total       0.40      0.38      0.39       465

[[89  6 20 25  0 11 28]
 [ 4  5  1  3  0  1  6]
 [16  1  7  5  0  2  5]
 [15  1  4 12  0  1 26]
 [ 0  0  0  1  0  0  0]
 [15  2  2  3  0 35 11]
 [24  7  9 27  0  7 28]]

CRF
Classification_report:
             precision    recall  f1-score   support

          B       0.62      0.84      0.71       179
          C       0.64      0.70      0.67        20
          G       0.50      0.17      0.25        36
          M       0.30      0.24      0.27        59
          O       0.00      0.00      0.00         1
          P       0.48      0.35      0.41        68
          R       0.47      0.42      0.45       102

avg / total       0.52      0.54      0.51       465

CRF 2.0
Classification_report:
             precision    recall  f1-score   support

          B       0.67      0.91      0.77       179
          C       0.56      0.25      0.34        20
          G       0.45      0.14      0.21        36
          M       0.42      0.37      0.39        59
          O       0.00      0.00      0.00         1
          P       0.65      0.49      0.55        68
          R       0.45      0.44      0.45       102

avg / total       0.57      0.59      0.56       465


SVM RBF
Classification_report:
             precision    recall  f1-score   support

          B       0.38      0.74      0.50       256
          C       0.00      0.00      0.00        40
          G       0.00      0.00      0.00        72
          M       0.00      0.00      0.00       104
          O       0.00      0.00      0.00         7
          P       0.00      0.00      0.00       133
          R       0.34      0.52      0.41       219

avg / total       0.21      0.36      0.26       831

[[189   0   0   0   0   0  67]
 [  8   0   0   0   0   0  32]
 [ 54   0   0   0   0   0  18]
 [ 47   0   0   0   0   0  57]
 [  2   0   0   0   0   0   5]
 [ 92   0   0   0   0   0  41]
 [105   0   0   0   0   0 114]]

SVM linear
Classification_report:
             precision    recall  f1-score   support

          B       0.55      0.79      0.65       256
          C       0.00      0.00      0.00        40
          G       0.00      0.00      0.00        72
          M       0.38      0.13      0.20       104
          O       0.00      0.00      0.00         7
          P       0.74      0.58      0.65       133
          R       0.45      0.66      0.54       219

avg / total       0.46      0.53      0.47       831

[[203   0   1   3   0   5  44]
 [ 12   0   0   1   0   3  24]
 [ 65   0   0   0   0   0   7]
 [ 21   0   0  14   0   3  66]
 [  0   0   0   0   0   2   5]
 [ 22   0   0   2   0  77  32]
 [ 43   0   0  17   0  14 145]]

KNN
Classification_report:
             precision    recall  f1-score   support

          B       0.44      0.54      0.48       256
          C       0.18      0.23      0.20        40
          G       0.14      0.17      0.15        72
          M       0.24      0.16      0.19       104
          O       0.00      0.00      0.00         7
          P       0.43      0.38      0.40       133
          R       0.35      0.31      0.33       219

avg / total       0.35      0.35      0.35       831

[[137  10  35  11   0  32  31]
 [ 11   9   1   4   0   3  12]
 [ 30   4  12   3   0   6  17]
 [ 27   2   7  17   0  10  41]
 [  1   0   0   2   0   1   3]
 [ 37   4   9  12   0  50  21]
 [ 70  22  23  23   0  14  67]]

NB
Classification_report:
             precision    recall  f1-score   support

          B       0.48      0.16      0.24       256
          C       0.13      0.33      0.18        40
          G       0.16      0.65      0.26        72
          M       0.27      0.38      0.31       104
          O       0.00      0.00      0.00         7
          P       0.57      0.47      0.51       133
          R       0.32      0.11      0.16       219

avg / total       0.38      0.27      0.27       831

[[ 42  21 126  34   5  19   9]
 [  2  13   9   1   2   4   9]
 [ 13   3  47   4   0   3   2]
 [  9   7  30  39   0   5  14]
 [  1   0   0   0   0   1   5]
 [  8  24   6  19   2  62  12]
 [ 12  34  78  48   9  14  24]]

DT
Classification_report:
             precision    recall  f1-score   support

          B       0.46      0.47      0.47       256
          C       0.05      0.05      0.05        40
          G       0.14      0.15      0.15        72
          M       0.21      0.19      0.20       104
          O       0.20      0.29      0.24         7
          P       0.55      0.54      0.55       133
          R       0.36      0.35      0.35       219

avg / total       0.37      0.37      0.37       831

[[121  11  26  25   2  18  53]
 [ 10   2   6   4   1   6  11]
 [ 36   3  11   6   0   1  15]
 [ 22   6  11  20   0   9  36]
 [  2   1   0   0   2   1   1]
 [ 16   4   9   6   3  72  23]
 [ 56  12  14  35   2  23  77]]

CRF
Classification_report:
             precision    recall  f1-score   support

          B       0.57      0.77      0.66       256
          C       0.43      0.33      0.37        40
          G       0.17      0.01      0.03        72
          M       0.14      0.04      0.06       104
          O       0.00      0.00      0.00         7
          P       0.61      0.48      0.54       133
          R       0.51      0.74      0.60       219

avg / total       0.46      0.53      0.47       831

CRF 2.0
Classification_report:
             precision    recall  f1-score   support

          B       0.65      0.83      0.73       256
          C       0.50      0.28      0.35        40
          G       0.47      0.19      0.27        72
          M       0.30      0.22      0.25       104
          O       0.00      0.00      0.00         7
          P       0.77      0.61      0.68       133
          R       0.51      0.63      0.57       219

avg / total       0.56      0.58      0.56       831
