SVM RBF
Classification_report:
             precision    recall  f1-score   support

          B       0.37      0.69      0.48        77
          C       0.00      0.00      0.00        20
          G       0.00      0.00      0.00        36
          M       0.00      0.00      0.00        45
          O       0.00      0.00      0.00         6
          P       0.00      0.00      0.00        65
          R       0.40      0.77      0.53       117

avg / total       0.21      0.39      0.27       366

[[53  0  0  0  0  0 24]
 [ 1  0  0  0  0  0 19]
 [18  0  0  0  0  0 18]
 [11  0  0  0  0  0 34]
 [ 0  0  0  0  0  0  6]
 [33  0  0  0  0  0 32]
 [27  0  0  0  0  0 90]]

SVM linear
Classification_report:
             precision    recall  f1-score   support

          B       0.55      0.69      0.61        77
          C       0.00      0.00      0.00        20
          G       0.57      0.22      0.32        36
          M       0.36      0.11      0.17        45
          O       1.00      0.17      0.29         6
          P       0.73      0.66      0.69        65
          R       0.52      0.79      0.63       117

avg / total       0.53      0.55      0.51       366

[[53  0  4  2  0  5 13]
 [ 1  0  0  0  0  2 17]
 [21  0  8  0  0  0  7]
 [ 8  0  0  5  0  2 30]
 [ 0  0  0  0  1  1  4]
 [ 5  0  2  0  0 43 15]
 [ 9  2  0  7  0  6 93]]

KNN
Classification_report:
             precision    recall  f1-score   support

          B       0.42      0.45      0.44        77
          C       0.05      0.10      0.06        20
          G       0.23      0.25      0.24        36
          M       0.22      0.11      0.15        45
          O       0.00      0.00      0.00         6
          P       0.40      0.51      0.45        65
          R       0.52      0.43      0.47       117

avg / total       0.38      0.37      0.37       366

[[35  5  8  3  0 16 10]
 [ 3  2  2  2  0  6  5]
 [ 9  7  9  2  0  4  5]
 [ 9  5  4  5  0  6 16]
 [ 0  2  1  0  0  2  1]
 [ 8  6  5  3  0 33 10]
 [19 15 10  8  0 15 50]]

NB
Classification_report:
             precision    recall  f1-score   support

          B       0.46      0.34      0.39        77
          C       0.38      0.25      0.30        20
          G       0.18      0.64      0.28        36
          M       0.36      0.31      0.33        45
          O       0.10      0.33      0.15         6
          P       0.66      0.65      0.65        65
          R       0.34      0.13      0.19       117

avg / total       0.41      0.35      0.34       366

[[26  0 32  2  4  9  4]
 [ 0  5  4  0  1  1  9]
 [ 9  0 23  2  0  1  1]
 [ 2  3 15 14  2  2  7]
 [ 0  0  0  0  2  0  4]
 [10  0  2  5  2 42  4]
 [ 9  5 54 16  9  9 15]]

DT
Classification_report:
             precision    recall  f1-score   support

          B       0.45      0.38      0.41        77
          C       0.00      0.00      0.00        20
          G       0.22      0.22      0.22        36
          M       0.15      0.18      0.16        45
          O       0.00      0.00      0.00         6
          P       0.53      0.54      0.53        65
          R       0.44      0.42      0.43       117

avg / total       0.37      0.35      0.36       366

[[29  4 12  8  0  8 16]
 [ 1  0  1  3  0  4 11]
 [12  2  8  8  2  2  2]
 [ 8  2  3  8  0  2 22]
 [ 0  0  0  0  0  4  2]
 [ 4  2  2  5  7 35 10]
 [11 12 11 20  3 11 49]]

CRF
Classification_report:
             precision    recall  f1-score   support

          B       0.52      0.49      0.51        77
          C       0.42      0.50      0.45        20
          G       0.19      0.08      0.12        36
          M       0.25      0.04      0.08        45
          O       0.00      0.00      0.00         6
          P       0.54      0.43      0.48        65
          R       0.50      0.83      0.63       117

avg / total       0.44      0.49      0.44       366

CRF 2.0
Classification_report:
             precision    recall  f1-score   support

          B       0.59      0.62      0.61        77
          C       0.17      0.05      0.08        20
          G       0.35      0.19      0.25        36
          M       0.24      0.11      0.15        45
          O       0.00      0.00      0.00         6
          P       0.75      0.62      0.68        65
          R       0.50      0.74      0.60       117

avg / total       0.49      0.51      0.49       366


SVM RBF
Classification_report:
             precision    recall  f1-score   support

          B       0.41      0.95      0.58       179
          C       0.00      0.00      0.00        20
          G       0.00      0.00      0.00        36
          M       0.00      0.00      0.00        59
          O       0.00      0.00      0.00         1
          P       0.00      0.00      0.00        68
          R       0.37      0.20      0.26       102

avg / total       0.24      0.41      0.28       465

[[170   0   0   0   0   0   9]
 [ 13   0   0   0   0   0   7]
 [ 35   0   0   0   0   0   1]
 [ 46   0   0   0   0   0  13]
 [  1   0   0   0   0   0   0]
 [ 64   0   0   0   0   0   4]
 [ 82   0   0   0   0   0  20]]

SVM linear
Classification_report:
             precision    recall  f1-score   support

          B       0.57      0.80      0.67       179
          C       0.17      0.05      0.08        20
          G       0.50      0.03      0.05        36
          M       0.33      0.22      0.27        59
          O       0.00      0.00      0.00         1
          P       0.62      0.49      0.55        68
          R       0.39      0.42      0.40       102

avg / total       0.48      0.51      0.47       465

[[144   0   1   8   0   6  20]
 [  5   1   0   1   0   2  11]
 [ 32   1   1   2   0   0   0]
 [ 17   1   0  13   0   3  25]
 [  0   0   0   0   0   0   1]
 [ 21   0   0   3   0  33  11]
 [ 35   3   0  12   0   9  43]]

KNN
Classification_report:
             precision    recall  f1-score   support

          B       0.43      0.69      0.53       179
          C       0.42      0.25      0.31        20
          G       0.12      0.08      0.10        36
          M       0.10      0.07      0.08        59
          O       0.00      0.00      0.00         1
          P       0.27      0.18      0.21        68
          R       0.34      0.20      0.25       102

avg / total       0.32      0.36      0.32       465

[[123   0  17  12   0  13  14]
 [ 10   5   0   1   0   2   2]
 [ 26   0   3   4   0   2   1]
 [ 34   1   2   4   0   4  14]
 [  0   0   0   0   0   1   0]
 [ 43   1   0   4   0  12   8]
 [ 49   5   4  14   0  10  20]]

NB
Classification_report:
             precision    recall  f1-score   support

          B       0.55      0.18      0.28       179
          C       0.21      0.15      0.18        20
          G       0.17      0.67      0.27        36
          M       0.24      0.54      0.34        59
          O       0.00      0.00      0.00         1
          P       0.40      0.56      0.47        68
          R       0.27      0.07      0.11       102

avg / total       0.38      0.29      0.27       465

[[33  3 85 32  0 23  3]
 [ 3  3  2  5  0  2  5]
 [ 5  0 24  5  0  0  2]
 [ 3  2  6 32  0 11  5]
 [ 1  0  0  0  0  0  0]
 [ 4  1  3 18  0 38  4]
 [11  5 20 39  0 20  7]]

DT
Classification_report:
             precision    recall  f1-score   support

          B       0.49      0.50      0.49       179
          C       0.12      0.15      0.13        20
          G       0.21      0.17      0.19        36
          M       0.18      0.20      0.19        59
          O       0.00      0.00      0.00         1
          P       0.41      0.41      0.41        68
          R       0.34      0.31      0.33       102

avg / total       0.37      0.37      0.37       465

[[89 11 12 21  0 14 32]
 [ 6  3  2  4  0  2  3]
 [17  1  6  6  0  2  4]
 [23  2  2 12  0 10 10]
 [ 1  0  0  0  0  0  0]
 [17  3  1  6  0 28 13]
 [29  5  5 19  0 12 32]]

CRF
Classification_report:
             precision    recall  f1-score   support

          B       0.61      0.84      0.71       179
          C       0.62      0.65      0.63        20
          G       0.36      0.14      0.20        36
          M       0.33      0.20      0.25        59
          O       0.00      0.00      0.00         1
          P       0.45      0.34      0.39        68
          R       0.47      0.45      0.46       102

avg / total       0.50      0.54      0.50       465

CRF 2.0
Classification_report:
             precision    recall  f1-score   support

          B       0.62      0.92      0.74       179
          C       0.46      0.30      0.36        20
          G       0.29      0.06      0.09        36
          M       0.38      0.22      0.28        59
          O       0.00      0.00      0.00         1
          P       0.64      0.44      0.52        68
          R       0.41      0.38      0.39       102

avg / total       0.51      0.55      0.51       465


SVM RBF
Classification_report:
             precision    recall  f1-score   support

          B       0.37      0.80      0.51       256
          C       0.00      0.00      0.00        40
          G       0.00      0.00      0.00        72
          M       0.00      0.00      0.00       104
          O       0.00      0.00      0.00         7
          P       0.00      0.00      0.00       133
          R       0.37      0.47      0.41       219

avg / total       0.21      0.37      0.27       831

[[205   0   0   0   0   0  51]
 [ 13   0   0   0   0   0  27]
 [ 59   0   0   0   0   0  13]
 [ 55   0   0   0   0   0  49]
 [  3   0   0   0   0   0   4]
 [ 98   0   0   0   0   0  35]
 [115   0   0   0   0   0 104]]

SVM linear
Classification_report:
             precision    recall  f1-score   support

          B       0.57      0.76      0.65       256
          C       0.40      0.10      0.16        40
          G       0.62      0.14      0.23        72
          M       0.41      0.19      0.26       104
          O       0.00      0.00      0.00         7
          P       0.70      0.61      0.65       133
          R       0.47      0.64      0.54       219

avg / total       0.54      0.54      0.51       831

[[195   0   6   7   0   5  43]
 [  8   4   0   1   0   4  23]
 [ 56   0  10   0   0   0   6]
 [ 17   1   0  20   0   7  59]
 [  0   1   0   0   0   4   2]
 [ 22   0   0   5   0  81  25]
 [ 44   4   0  16   0  15 140]]

KNN
Classification_report:
             precision    recall  f1-score   support

          B       0.43      0.54      0.48       256
          C       0.14      0.25      0.18        40
          G       0.17      0.21      0.19        72
          M       0.22      0.12      0.16       104
          O       0.00      0.00      0.00         7
          P       0.47      0.41      0.44       133
          R       0.36      0.30      0.33       219

avg / total       0.35      0.36      0.35       831

[[138  11  37  10   0  26  34]
 [ 13  10   2   3   0   4   8]
 [ 36   5  15   1   0   3  12]
 [ 34   9   5  13   0   7  36]
 [  0   2   1   1   0   1   2]
 [ 35   4   6   9   0  55  24]
 [ 62  28  21  23   0  20  65]]

NB
Classification_report:
             precision    recall  f1-score   support

          B       0.48      0.16      0.24       256
          C       0.14      0.33      0.19        40
          G       0.16      0.65      0.26        72
          M       0.27      0.38      0.31       104
          O       0.00      0.00      0.00         7
          P       0.59      0.48      0.53       133
          R       0.33      0.11      0.17       219

avg / total       0.38      0.28      0.28       831

[[ 42  20 126  34   5  20   9]
 [  2  13   9   1   2   4   9]
 [ 13   3  47   4   0   3   2]
 [  9   6  30  40   0   5  14]
 [  1   0   0   0   0   1   5]
 [  8  22   6  19   2  64  12]
 [ 12  32  78  52   8  12  25]]

DT
Classification_report:
             precision    recall  f1-score   support

          B       0.45      0.40      0.42       256
          C       0.06      0.07      0.07        40
          G       0.11      0.11      0.11        72
          M       0.17      0.19      0.18       104
          O       0.00      0.00      0.00         7
          P       0.54      0.55      0.54       133
          R       0.34      0.35      0.35       219

avg / total       0.35      0.34      0.34       831

[[102  15  32  30   0  22  55]
 [  8   3   5   5   0   8  11]
 [ 32   3   8   9   0   3  17]
 [ 16   7  13  20   2  11  35]
 [  1   1   0   1   0   1   3]
 [ 16   5   2   8   2  73  27]
 [ 52  13  13  42   5  17  77]]

CRF
Classification_report:
             precision    recall  f1-score   support

          B       0.55      0.75      0.64       256
          C       0.46      0.33      0.38        40
          G       0.14      0.01      0.03        72
          M       0.15      0.03      0.05       104
          O       0.00      0.00      0.00         7
          P       0.56      0.44      0.50       133
          R       0.48      0.72      0.58       219

avg / total       0.44      0.51      0.45       831

CRF 2.0
Classification_report:
             precision    recall  f1-score   support

          B       0.68      0.84      0.75       256
          C       0.44      0.28      0.34        40
          G       0.48      0.17      0.25        72
          M       0.36      0.27      0.31       104
          O       0.00      0.00      0.00         7
          P       0.74      0.61      0.67       133
          R       0.50      0.64      0.56       219

avg / total       0.57      0.58      0.56       831
