SVM RBF
Classification_report:
             precision    recall  f1-score   support

          B       0.37      0.74      0.49        77
          C       0.00      0.00      0.00        20
          G       0.00      0.00      0.00        36
          M       0.00      0.00      0.00        45
          O       0.00      0.00      0.00         6
          P       0.00      0.00      0.00        65
          R       0.41      0.74      0.53       117

avg / total       0.21      0.39      0.27       366

[[57  0  0  0  0  0 20]
 [ 1  0  0  0  0  0 19]
 [19  0  0  0  0  0 17]
 [12  0  0  0  0  0 33]
 [ 0  0  0  0  0  0  6]
 [35  0  0  0  0  0 30]
 [30  0  0  0  0  0 87]]

SVM linear
Classification_report:
             precision    recall  f1-score   support

          B       0.58      0.74      0.65        77
          C       0.00      0.00      0.00        20
          G       0.67      0.11      0.19        36
          M       1.00      0.02      0.04        45
          O       1.00      0.17      0.29         6
          P       0.77      0.55      0.64        65
          R       0.48      0.88      0.62       117

avg / total       0.62      0.55      0.48       366

[[ 57   0   1   0   0   2  17]
 [  1   0   0   0   0   0  19]
 [ 20   0   4   0   0   1  11]
 [  3   0   0   1   0   1  40]
 [  0   0   0   0   1   1   4]
 [  9   0   1   0   0  36  19]
 [  8   0   0   0   0   6 103]]

KNN
Classification_report:
             precision    recall  f1-score   support

          B       0.39      0.49      0.44        77
          C       0.19      0.25      0.22        20
          G       0.24      0.25      0.24        36
          M       0.18      0.13      0.15        45
          O       0.00      0.00      0.00         6
          P       0.43      0.31      0.36        65
          R       0.49      0.52      0.50       117

avg / total       0.37      0.38      0.37       366

[[38  3 10  6  0 10 10]
 [ 3  5  0  4  0  2  6]
 [11  2  9  0  0  2 12]
 [10  2  3  6  0  5 19]
 [ 0  2  1  0  0  1  2]
 [15  5  3  7  0 20 15]
 [20  7 12 10  0  7 61]]

NB
Classification_report:
             precision    recall  f1-score   support

          B       0.50      0.34      0.40        77
          C       0.38      0.25      0.30        20
          G       0.17      0.64      0.27        36
          M       0.33      0.29      0.31        45
          O       0.10      0.33      0.15         6
          P       0.64      0.65      0.64        65
          R       0.35      0.13      0.19       117

avg / total       0.41      0.34      0.34       366

[[26  0 32  2  4  9  4]
 [ 0  5  4  0  1  1  9]
 [ 8  0 23  3  0  1  1]
 [ 3  3 15 13  2  3  6]
 [ 0  0  0  0  2  0  4]
 [ 8  0  3  6  2 42  4]
 [ 7  5 56 15  9 10 15]]

DT
Classification_report:
             precision    recall  f1-score   support

          B       0.44      0.48      0.46        77
          C       0.29      0.25      0.27        20
          G       0.14      0.17      0.15        36
          M       0.17      0.18      0.18        45
          O       0.00      0.00      0.00         6
          P       0.56      0.62      0.59        65
          R       0.45      0.39      0.42       117

avg / total       0.39      0.39      0.39       366

[[37  2 10 11  0  5 12]
 [ 1  5  3  1  0  2  8]
 [14  1  6  1  0  3 11]
 [10  1  2  8  0  6 18]
 [ 0  0  1  0  0  5  0]
 [ 7  1  4  3  2 40  8]
 [15  7 16 22  1 10 46]]

CRF
Classification_report:
             precision    recall  f1-score   support

          B       0.58      0.53      0.55        77
          C       0.40      0.50      0.44        20
          G       0.14      0.06      0.08        36
          M       0.20      0.07      0.10        45
          O       0.00      0.00      0.00         6
          P       0.56      0.45      0.50        65
          R       0.52      0.84      0.64       117

avg / total       0.45      0.50      0.45       366

CRF 2.0
Classification_report:
             precision    recall  f1-score   support

          B       0.61      0.68      0.64        77
          C       0.00      0.00      0.00        20
          G       0.41      0.25      0.31        36
          M       0.80      0.09      0.16        45
          O       0.00      0.00      0.00         6
          P       0.87      0.69      0.77        65
          R       0.53      0.89      0.66       117

avg / total       0.59      0.58      0.53       366


SVM RBF
Classification_report:
             precision    recall  f1-score   support

          B       0.42      0.96      0.58       179
          C       0.00      0.00      0.00        20
          G       0.00      0.00      0.00        36
          M       0.00      0.00      0.00        59
          O       0.00      0.00      0.00         1
          P       0.00      0.00      0.00        68
          R       0.38      0.20      0.26       102

avg / total       0.24      0.41      0.28       465

[[172   0   0   0   0   0   7]
 [ 13   0   0   0   0   0   7]
 [ 35   0   0   0   0   0   1]
 [ 46   0   0   0   0   0  13]
 [  1   0   0   0   0   0   0]
 [ 64   0   0   0   0   0   4]
 [ 82   0   0   0   0   0  20]]

SVM linear
Classification_report:
             precision    recall  f1-score   support

          B       0.51      0.90      0.65       179
          C       0.00      0.00      0.00        20
          G       0.00      0.00      0.00        36
          M       0.60      0.10      0.17        59
          O       0.00      0.00      0.00         1
          P       0.76      0.37      0.50        68
          R       0.34      0.36      0.35       102

avg / total       0.46      0.49      0.42       465

[[161   0   0   0   0   0  18]
 [  5   0   0   0   0   3  12]
 [ 35   0   0   0   0   0   1]
 [ 26   0   0   6   0   2  25]
 [  0   0   0   0   0   0   1]
 [ 27   1   0   1   0  25  14]
 [ 59   0   0   3   0   3  37]]

KNN
Classification_report:
             precision    recall  f1-score   support

          B       0.42      0.74      0.54       179
          C       0.36      0.20      0.26        20
          G       0.19      0.08      0.12        36
          M       0.08      0.03      0.05        59
          O       0.00      0.00      0.00         1
          P       0.38      0.18      0.24        68
          R       0.33      0.22      0.26       102

avg / total       0.33      0.38      0.32       465

[[132   0  11   8   0   8  20]
 [ 10   4   0   1   0   1   4]
 [ 25   0   3   2   0   3   3]
 [ 39   2   1   2   0   4  11]
 [  0   0   0   0   0   1   0]
 [ 45   0   0   4   0  12   7]
 [ 63   5   1   8   0   3  22]]

NB
Classification_report:
             precision    recall  f1-score   support

          B       0.53      0.17      0.25       179
          C       0.20      0.15      0.17        20
          G       0.17      0.67      0.27        36
          M       0.24      0.56      0.34        59
          O       0.00      0.00      0.00         1
          P       0.39      0.53      0.45        68
          R       0.23      0.06      0.09       102

avg / total       0.36      0.28      0.26       465

[[30  4 85 34  0 23  3]
 [ 3  3  2  5  0  2  5]
 [ 5  0 24  4  0  1  2]
 [ 2  2  6 33  0 10  6]
 [ 1  0  0  0  0  0  0]
 [ 4  1  3 20  0 36  4]
 [12  5 20 39  0 20  6]]

DT
Classification_report:
             precision    recall  f1-score   support

          B       0.50      0.50      0.50       179
          C       0.00      0.00      0.00        20
          G       0.15      0.17      0.16        36
          M       0.11      0.12      0.11        59
          O       0.00      0.00      0.00         1
          P       0.54      0.56      0.55        68
          R       0.29      0.27      0.28       102

avg / total       0.36      0.36      0.36       465

[[90  5 18 24  0 12 30]
 [ 6  0  1  8  0  3  2]
 [19  0  6  4  0  3  4]
 [21  2  1  7  0  4 24]
 [ 0  0  1  0  0  0  0]
 [10  2  4  6  0 38  8]
 [33  6  9 16  0 10 28]]

CRF
Classification_report:
             precision    recall  f1-score   support

          B       0.63      0.90      0.74       179
          C       0.65      0.65      0.65        20
          G       0.36      0.14      0.20        36
          M       0.34      0.20      0.26        59
          O       0.00      0.00      0.00         1
          P       0.47      0.35      0.40        68
          R       0.51      0.45      0.48       102

avg / total       0.52      0.56      0.53       465

CRF 2.0
Classification_report:
             precision    recall  f1-score   support

          B       0.64      0.95      0.77       179
          C       0.62      0.25      0.36        20
          G       0.40      0.06      0.10        36
          M       0.54      0.36      0.43        59
          O       0.00      0.00      0.00         1
          P       0.68      0.50      0.58        68
          R       0.54      0.52      0.53       102

avg / total       0.59      0.61      0.57       465


SVM RBF
Classification_report:
             precision    recall  f1-score   support

          B       0.38      0.74      0.50       256
          C       0.00      0.00      0.00        40
          G       0.00      0.00      0.00        72
          M       0.00      0.00      0.00       104
          O       0.00      0.00      0.00         7
          P       0.00      0.00      0.00       133
          R       0.34      0.52      0.41       219

avg / total       0.21      0.36      0.26       831

[[189   0   0   0   0   0  67]
 [  8   0   0   0   0   0  32]
 [ 54   0   0   0   0   0  18]
 [ 47   0   0   0   0   0  57]
 [  2   0   0   0   0   0   5]
 [ 92   0   0   0   0   0  41]
 [105   0   0   0   0   0 114]]

SVM linear
Classification_report:
             precision    recall  f1-score   support

          B       0.54      0.83      0.65       256
          C       0.00      0.00      0.00        40
          G       0.00      0.00      0.00        72
          M       0.10      0.01      0.02       104
          O       0.00      0.00      0.00         7
          P       0.82      0.54      0.65       133
          R       0.46      0.70      0.55       219

avg / total       0.43      0.53      0.45       831

[[213   0   0   0   0   3  40]
 [ 11   0   0   0   0   1  28]
 [ 65   0   0   0   0   0   7]
 [ 23   0   0   1   0   1  79]
 [  0   0   0   0   0   2   5]
 [ 34   0   0   2   0  72  25]
 [ 49   0   0   7   0   9 154]]

KNN
Classification_report:
             precision    recall  f1-score   support

          B       0.42      0.60      0.50       256
          C       0.17      0.20      0.18        40
          G       0.16      0.19      0.18        72
          M       0.23      0.14      0.18       104
          O       0.00      0.00      0.00         7
          P       0.59      0.36      0.45       133
          R       0.37      0.32      0.34       219

avg / total       0.37      0.37      0.36       831

[[154   7  32   9   0  19  35]
 [ 10   8   3   2   0   2  15]
 [ 38   2  14   3   0   4  11]
 [ 32   5  13  15   0   1  38]
 [  2   1   0   1   0   0   3]
 [ 46   6   6  11   0  48  16]
 [ 83  19  17  23   0   7  70]]

NB
Classification_report:
             precision    recall  f1-score   support

          B       0.48      0.16      0.24       256
          C       0.12      0.33      0.18        40
          G       0.16      0.65      0.26        72
          M       0.27      0.37      0.31       104
          O       0.00      0.00      0.00         7
          P       0.56      0.46      0.51       133
          R       0.32      0.11      0.16       219

avg / total       0.38      0.27      0.27       831

[[ 42  21 126  33   5  20   9]
 [  2  13   9   1   3   4   8]
 [ 13   3  47   4   0   3   2]
 [  9   8  30  38   0   5  14]
 [  1   0   0   0   0   1   5]
 [  8  24   6  20   2  61  12]
 [ 13  35  78  47   8  14  24]]

DT
Classification_report:
             precision    recall  f1-score   support

          B       0.46      0.41      0.44       256
          C       0.15      0.20      0.17        40
          G       0.12      0.12      0.12        72
          M       0.18      0.20      0.19       104
          O       0.14      0.14      0.14         7
          P       0.54      0.56      0.55       133
          R       0.32      0.31      0.31       219

avg / total       0.35      0.35      0.35       831

[[106   9  34  33   0  19  55]
 [  7   8   4   3   2   2  14]
 [ 33   4   9   6   0   2  18]
 [ 22   8   4  21   1  11  37]
 [  0   0   0   0   1   4   2]
 [ 17   4   4  12   2  74  20]
 [ 44  19  21  41   1  25  68]]

CRF
Classification_report:
             precision    recall  f1-score   support

          B       0.54      0.76      0.63       256
          C       0.48      0.30      0.37        40
          G       0.17      0.01      0.03        72
          M       0.10      0.03      0.04       104
          O       0.00      0.00      0.00         7
          P       0.56      0.44      0.49       133
          R       0.50      0.69      0.58       219

avg / total       0.44      0.51      0.45       831

CRF 2.0
Classification_report:
             precision    recall  f1-score   support

          B       0.67      0.86      0.75       256
          C       0.56      0.25      0.34        40
          G       0.48      0.15      0.23        72
          M       0.32      0.21      0.25       104
          O       0.00      0.00      0.00         7
          P       0.77      0.62      0.69       133
          R       0.52      0.68      0.59       219

avg / total       0.58      0.59      0.57       831
