SVM RBF
Classification_report:
             precision    recall  f1-score   support

          B       0.37      0.74      0.49        77
          C       0.00      0.00      0.00        20
          G       0.00      0.00      0.00        36
          M       0.00      0.00      0.00        45
          O       0.00      0.00      0.00         6
          P       0.00      0.00      0.00        65
          R       0.41      0.74      0.53       117

avg / total       0.21      0.39      0.27       366

[[57  0  0  0  0  0 20]
 [ 1  0  0  0  0  0 19]
 [19  0  0  0  0  0 17]
 [12  0  0  0  0  0 33]
 [ 0  0  0  0  0  0  6]
 [35  0  0  0  0  0 30]
 [30  0  0  0  0  0 87]]

SVM linear
Classification_report:
             precision    recall  f1-score   support

          B       0.56      0.74      0.64        77
          C       0.00      0.00      0.00        20
          G       0.67      0.06      0.10        36
          M       0.00      0.00      0.00        45
          O       1.00      0.17      0.29         6
          P       0.83      0.58      0.68        65
          R       0.49      0.90      0.63       117

avg / total       0.50      0.55      0.47       366

[[ 57   0   1   0   0   2  17]
 [  1   0   0   0   0   0  19]
 [ 20   0   2   0   0   0  14]
 [  5   0   0   0   0   1  39]
 [  0   0   0   0   1   1   4]
 [ 10   0   0   0   0  38  17]
 [  8   0   0   0   0   4 105]]

KNN
Classification_report:
             precision    recall  f1-score   support

          B       0.39      0.49      0.44        77
          C       0.23      0.25      0.24        20
          G       0.23      0.25      0.24        36
          M       0.16      0.09      0.11        45
          O       0.00      0.00      0.00         6
          P       0.49      0.32      0.39        65
          R       0.50      0.60      0.54       117

avg / total       0.38      0.40      0.39       366

[[38  4  8  4  0 10 13]
 [ 1  5  0  3  0  2  9]
 [13  0  9  1  0  2 11]
 [10  2  5  4  0  5 19]
 [ 0  1  1  0  0  2  2]
 [16  5  3  4  0 21 16]
 [19  5 13  9  0  1 70]]

NB
Classification_report:
             precision    recall  f1-score   support

          B       0.48      0.34      0.40        77
          C       0.33      0.25      0.29        20
          G       0.17      0.64      0.27        36
          M       0.34      0.29      0.31        45
          O       0.10      0.33      0.15         6
          P       0.65      0.65      0.65        65
          R       0.34      0.12      0.18       117

avg / total       0.40      0.34      0.34       366

[[26  0 32  2  4  9  4]
 [ 0  5  4  0  1  1  9]
 [ 9  0 23  2  0  1  1]
 [ 3  3 15 13  2  3  6]
 [ 0  0  0  0  2  0  4]
 [ 8  1  3  6  2 42  3]
 [ 8  6 56 15  9  9 14]]

DT
Classification_report:
             precision    recall  f1-score   support

          B       0.46      0.45      0.46        77
          C       0.18      0.15      0.16        20
          G       0.24      0.28      0.26        36
          M       0.16      0.16      0.16        45
          O       0.00      0.00      0.00         6
          P       0.63      0.66      0.65        65
          R       0.47      0.48      0.47       117

avg / total       0.41      0.42      0.42       366

[[35  3 12  7  0  5 15]
 [ 4  3  3  4  0  1  5]
 [15  1 10  1  0  2  7]
 [ 7  2  3  7  0  1 25]
 [ 0  0  1  0  0  5  0]
 [ 3  1  4  2  0 43 12]
 [12  7  9 22  0 11 56]]

CRF
Classification_report:
             precision    recall  f1-score   support

          B       0.50      0.48      0.49        77
          C       0.39      0.45      0.42        20
          G       0.12      0.06      0.08        36
          M       0.18      0.04      0.07        45
          O       0.00      0.00      0.00         6
          P       0.48      0.38      0.43        65
          R       0.51      0.82      0.63       117

avg / total       0.41      0.47      0.42       366

CRF 2.0
Classification_report:
             precision    recall  f1-score   support

          B       0.54      0.56      0.55        77
          C       0.20      0.05      0.08        20
          G       0.32      0.19      0.24        36
          M       0.27      0.07      0.11        45
          O       0.00      0.00      0.00         6
          P       0.78      0.62      0.69        65
          R       0.52      0.88      0.66       117

avg / total       0.50      0.54      0.49       366


SVM RBF
Classification_report:
             precision    recall  f1-score   support

          B       0.42      0.96      0.58       179
          C       0.00      0.00      0.00        20
          G       0.00      0.00      0.00        36
          M       0.00      0.00      0.00        59
          O       0.00      0.00      0.00         1
          P       0.00      0.00      0.00        68
          R       0.39      0.21      0.27       102

avg / total       0.25      0.41      0.28       465

[[171   0   0   0   0   0   8]
 [ 13   0   0   0   0   0   7]
 [ 35   0   0   0   0   0   1]
 [ 46   0   0   0   0   0  13]
 [  1   0   0   0   0   0   0]
 [ 64   0   0   0   0   0   4]
 [ 81   0   0   0   0   0  21]]

SVM linear
Classification_report:
             precision    recall  f1-score   support

          B       0.51      0.91      0.65       179
          C       0.00      0.00      0.00        20
          G       0.00      0.00      0.00        36
          M       0.67      0.03      0.06        59
          O       0.00      0.00      0.00         1
          P       0.81      0.38      0.52        68
          R       0.37      0.40      0.38       102

avg / total       0.48      0.50      0.42       465

[[162   0   0   0   0   0  17]
 [  7   0   0   0   0   1  12]
 [ 35   0   0   0   0   0   1]
 [ 28   0   0   2   0   2  27]
 [  0   0   0   0   0   0   1]
 [ 28   0   0   1   0  26  13]
 [ 58   0   0   0   0   3  41]]

KNN
Classification_report:
             precision    recall  f1-score   support

          B       0.45      0.82      0.58       179
          C       0.30      0.15      0.20        20
          G       0.29      0.06      0.09        36
          M       0.09      0.03      0.05        59
          O       0.00      0.00      0.00         1
          P       0.52      0.18      0.26        68
          R       0.28      0.21      0.24       102

avg / total       0.36      0.40      0.33       465

[[146   0   3   8   0   4  18]
 [ 11   3   0   1   0   0   5]
 [ 28   0   2   1   0   1   4]
 [ 35   2   0   2   0   3  17]
 [  0   0   0   0   0   1   0]
 [ 45   0   0   2   0  12   9]
 [ 63   5   2   9   0   2  21]]

NB
Classification_report:
             precision    recall  f1-score   support

          B       0.52      0.17      0.25       179
          C       0.20      0.15      0.17        20
          G       0.17      0.67      0.27        36
          M       0.24      0.56      0.34        59
          O       0.00      0.00      0.00         1
          P       0.39      0.53      0.45        68
          R       0.24      0.06      0.09       102

avg / total       0.36      0.28      0.26       465

[[30  4 85 34  0 23  3]
 [ 4  3  2  5  0  2  4]
 [ 5  0 24  4  0  1  2]
 [ 2  2  6 33  0 10  6]
 [ 1  0  0  0  0  0  0]
 [ 4  1  3 20  0 36  4]
 [12  5 20 39  0 20  6]]

DT
Classification_report:
             precision    recall  f1-score   support

          B       0.53      0.51      0.52       179
          C       0.10      0.10      0.10        20
          G       0.08      0.08      0.08        36
          M       0.11      0.12      0.12        59
          O       0.00      0.00      0.00         1
          P       0.49      0.54      0.51        68
          R       0.28      0.26      0.27       102

avg / total       0.36      0.36      0.36       465

[[92  4 17 23  1 13 29]
 [ 4  2  3  2  0  3  6]
 [21  3  3  4  0  1  4]
 [15  1  5  7  0 11 20]
 [ 0  1  0  0  0  0  0]
 [ 9  3  3  5  0 37 11]
 [31  6  5 21  1 11 27]]

CRF
Classification_report:
             precision    recall  f1-score   support

          B       0.65      0.87      0.74       179
          C       0.65      0.65      0.65        20
          G       0.36      0.14      0.20        36
          M       0.35      0.27      0.30        59
          O       0.00      0.00      0.00         1
          P       0.46      0.35      0.40        68
          R       0.48      0.44      0.46       102

avg / total       0.52      0.56      0.53       465

CRF 2.0
Classification_report:
             precision    recall  f1-score   support

          B       0.64      0.92      0.76       179
          C       0.62      0.25      0.36        20
          G       0.43      0.08      0.14        36
          M       0.35      0.22      0.27        59
          O       0.00      0.00      0.00         1
          P       0.67      0.47      0.55        68
          R       0.45      0.47      0.46       102

avg / total       0.55      0.57      0.53       465


SVM RBF
Classification_report:
             precision    recall  f1-score   support

          B       0.38      0.74      0.50       256
          C       0.00      0.00      0.00        40
          G       0.00      0.00      0.00        72
          M       0.00      0.00      0.00       104
          O       0.00      0.00      0.00         7
          P       0.00      0.00      0.00       133
          R       0.34      0.53      0.42       219

avg / total       0.21      0.37      0.27       831

[[189   0   0   0   0   0  67]
 [  8   0   0   0   0   0  32]
 [ 54   0   0   0   0   0  18]
 [ 47   0   0   0   0   0  57]
 [  2   0   0   0   0   0   5]
 [ 91   0   0   0   0   0  42]
 [103   0   0   0   0   0 116]]

SVM linear
Classification_report:
             precision    recall  f1-score   support

          B       0.51      0.83      0.64       256
          C       0.00      0.00      0.00        40
          G       0.00      0.00      0.00        72
          M       0.50      0.01      0.02       104
          O       0.00      0.00      0.00         7
          P       0.83      0.53      0.65       133
          R       0.46      0.68      0.55       219

avg / total       0.47      0.52      0.45       831

[[213   0   0   0   0   1  42]
 [ 13   0   0   0   0   1  26]
 [ 67   0   0   0   0   0   5]
 [ 28   0   0   1   0   1  74]
 [  0   0   0   0   0   2   5]
 [ 34   0   0   1   0  71  27]
 [ 59   0   0   0   0  10 150]]

KNN
Classification_report:
             precision    recall  f1-score   support

          B       0.45      0.65      0.53       256
          C       0.16      0.17      0.17        40
          G       0.21      0.22      0.22        72
          M       0.25      0.14      0.18       104
          O       0.00      0.00      0.00         7
          P       0.63      0.35      0.45       133
          R       0.38      0.36      0.37       219

avg / total       0.40      0.40      0.38       831

[[166   8  28   8   0  15  31]
 [ 14   7   1   3   0   1  14]
 [ 36   1  16   2   0   4  13]
 [ 31   6   9  15   0   1  42]
 [  1   2   0   0   0   0   4]
 [ 43   4   5  10   0  46  25]
 [ 81  15  16  22   0   6  79]]

NB
Classification_report:
             precision    recall  f1-score   support

          B       0.48      0.16      0.24       256
          C       0.12      0.33      0.18        40
          G       0.16      0.65      0.26        72
          M       0.27      0.37      0.31       104
          O       0.00      0.00      0.00         7
          P       0.56      0.46      0.50       133
          R       0.32      0.11      0.16       219

avg / total       0.37      0.27      0.27       831

[[ 41  21 126  33   5  21   9]
 [  2  13   9   1   3   4   8]
 [ 13   3  47   4   0   3   2]
 [  9   8  30  38   0   5  14]
 [  1   0   0   0   0   1   5]
 [  8  24   6  20   2  61  12]
 [ 12  35  78  47   9  14  24]]

DT
Classification_report:
             precision    recall  f1-score   support

          B       0.47      0.47      0.47       256
          C       0.05      0.05      0.05        40
          G       0.11      0.10      0.10        72
          M       0.18      0.15      0.17       104
          O       0.00      0.00      0.00         7
          P       0.55      0.57      0.56       133
          R       0.34      0.37      0.35       219

avg / total       0.35      0.36      0.36       831

[[120   8  35  21   1  19  52]
 [  7   2   3   3   0   3  22]
 [ 32   3   7   6   0   6  18]
 [ 22   7   4  16   1   8  46]
 [  2   0   0   0   0   3   2]
 [ 20   6   2  10   1  76  18]
 [ 55  11  15  31   4  23  80]]

CRF
Classification_report:
             precision    recall  f1-score   support

          B       0.55      0.78      0.64       256
          C       0.48      0.33      0.39        40
          G       0.00      0.00      0.00        72
          M       0.19      0.08      0.11       104
          O       1.00      0.14      0.25         7
          P       0.55      0.44      0.49       133
          R       0.52      0.67      0.58       219

avg / total       0.45      0.51      0.46       831

CRF 2.0
Classification_report:
             precision    recall  f1-score   support

          B       0.65      0.90      0.75       256
          C       0.47      0.20      0.28        40
          G       0.48      0.15      0.23        72
          M       0.32      0.18      0.23       104
          O       0.00      0.00      0.00         7
          P       0.79      0.62      0.69       133
          R       0.54      0.67      0.60       219

avg / total       0.57      0.60      0.56       831
