SVM RBF
Classification_report:
             precision    recall  f1-score   support

          B       0.37      0.74      0.49        77
          C       0.00      0.00      0.00        20
          G       0.00      0.00      0.00        36
          M       0.00      0.00      0.00        45
          O       0.00      0.00      0.00         6
          P       0.00      0.00      0.00        65
          R       0.41      0.74      0.53       117

avg / total       0.21      0.39      0.27       366

[[57  0  0  0  0  0 20]
 [ 1  0  0  0  0  0 19]
 [19  0  0  0  0  0 17]
 [12  0  0  0  0  0 33]
 [ 0  0  0  0  0  0  6]
 [35  0  0  0  0  0 30]
 [30  0  0  0  0  0 87]]

SVM linear
Classification_report:
             precision    recall  f1-score   support

          B       0.54      0.70      0.61        77
          C       0.00      0.00      0.00        20
          G       1.00      0.06      0.11        36
          M       1.00      0.02      0.04        45
          O       0.00      0.00      0.00         6
          P       0.78      0.55      0.65        65
          R       0.47      0.88      0.62       117

avg / total       0.63      0.54      0.46       366

[[ 54   0   0   0   0   4  19]
 [  1   0   0   0   0   0  19]
 [ 22   0   2   0   0   0  12]
 [  5   0   0   1   0   1  38]
 [  0   0   0   0   0   0   6]
 [  9   0   0   0   0  36  20]
 [  9   0   0   0   0   5 103]]

KNN
Classification_report:
             precision    recall  f1-score   support

          B       0.41      0.55      0.47        77
          C       0.06      0.05      0.05        20
          G       0.21      0.19      0.20        36
          M       0.32      0.18      0.23        45
          O       0.00      0.00      0.00         6
          P       0.49      0.42      0.45        65
          R       0.48      0.55      0.51       117

avg / total       0.39      0.41      0.39       366

[[42  2  8  3  0 10 12]
 [ 3  1  2  2  0  4  8]
 [15  1  7  1  0  1 11]
 [13  0  4  8  0  3 17]
 [ 1  2  0  0  0  1  2]
 [ 8  3  4  3  0 27 20]
 [20  8  8  8  0  9 64]]

NB
Classification_report:
             precision    recall  f1-score   support

          B       0.49      0.34      0.40        77
          C       0.33      0.25      0.29        20
          G       0.17      0.64      0.27        36
          M       0.35      0.29      0.32        45
          O       0.10      0.33      0.15         6
          P       0.64      0.66      0.65        65
          R       0.34      0.12      0.18       117

avg / total       0.41      0.34      0.34       366

[[26  0 32  2  4  9  4]
 [ 0  5  4  0  1  1  9]
 [ 9  0 23  2  0  1  1]
 [ 3  3 15 13  2  3  6]
 [ 0  0  0  0  2  0  4]
 [ 8  1  3  5  2 43  3]
 [ 7  6 56 15  9 10 14]]

DT
Classification_report:
             precision    recall  f1-score   support

          B       0.41      0.36      0.39        77
          C       0.11      0.10      0.11        20
          G       0.13      0.19      0.16        36
          M       0.27      0.29      0.28        45
          O       0.17      0.17      0.17         6
          P       0.65      0.63      0.64        65
          R       0.50      0.46      0.48       117

avg / total       0.41      0.40      0.41       366

[[28  5 17  8  0  5 14]
 [ 3  2  4  4  0  0  7]
 [14  2  7  2  0  1 10]
 [ 4  1  6 13  0  4 17]
 [ 0  0  0  1  1  4  0]
 [ 6  3  4  0  4 41  7]
 [13  5 15 21  1  8 54]]

CRF
Classification_report:
             precision    recall  f1-score   support

          B       0.58      0.53      0.55        77
          C       0.40      0.50      0.44        20
          G       0.14      0.06      0.08        36
          M       0.20      0.07      0.10        45
          O       0.00      0.00      0.00         6
          P       0.56      0.45      0.50        65
          R       0.52      0.84      0.64       117

avg / total       0.45      0.50      0.45       366

CRF 2.0
Classification_report:
             precision    recall  f1-score   support

          B       0.58      0.62      0.60        77
          C       0.33      0.10      0.15        20
          G       0.44      0.31      0.36        36
          M       0.24      0.11      0.15        45
          O       0.00      0.00      0.00         6
          P       0.75      0.60      0.67        65
          R       0.50      0.77      0.61       117

avg / total       0.51      0.53      0.50       366


SVM RBF
Classification_report:
             precision    recall  f1-score   support

          B       0.42      0.96      0.58       179
          C       0.00      0.00      0.00        20
          G       0.00      0.00      0.00        36
          M       0.00      0.00      0.00        59
          O       0.00      0.00      0.00         1
          P       0.00      0.00      0.00        68
          R       0.39      0.21      0.27       102

avg / total       0.25      0.41      0.28       465

[[171   0   0   0   0   0   8]
 [ 13   0   0   0   0   0   7]
 [ 35   0   0   0   0   0   1]
 [ 46   0   0   0   0   0  13]
 [  1   0   0   0   0   0   0]
 [ 64   0   0   0   0   0   4]
 [ 81   0   0   0   0   0  21]]

SVM linear
Classification_report:
             precision    recall  f1-score   support

          B       0.51      0.90      0.65       179
          C       0.00      0.00      0.00        20
          G       0.00      0.00      0.00        36
          M       0.40      0.03      0.06        59
          O       0.00      0.00      0.00         1
          P       0.70      0.34      0.46        68
          R       0.37      0.39      0.38       102

avg / total       0.43      0.49      0.41       465

[[161   0   0   1   0   0  17]
 [  6   0   0   0   0   3  11]
 [ 34   0   0   0   0   0   2]
 [ 30   0   0   2   0   2  25]
 [  0   0   0   0   0   1   0]
 [ 30   1   0   1   0  23  13]
 [ 57   0   0   1   0   4  40]]

KNN
Classification_report:
             precision    recall  f1-score   support

          B       0.42      0.72      0.53       179
          C       0.31      0.20      0.24        20
          G       0.19      0.08      0.12        36
          M       0.00      0.00      0.00        59
          O       0.00      0.00      0.00         1
          P       0.29      0.15      0.20        68
          R       0.29      0.21      0.24       102

avg / total       0.30      0.36      0.30       465

[[128   1   8   6   0  11  25]
 [ 10   4   0   1   0   3   2]
 [ 30   0   3   1   0   1   1]
 [ 38   2   2   0   0   4  13]
 [  0   0   0   0   0   1   0]
 [ 40   1   1   5   0  10  11]
 [ 59   5   2  11   0   4  21]]

NB
Classification_report:
             precision    recall  f1-score   support

          B       0.52      0.16      0.25       179
          C       0.20      0.15      0.17        20
          G       0.17      0.67      0.27        36
          M       0.24      0.56      0.34        59
          O       0.00      0.00      0.00         1
          P       0.39      0.53      0.45        68
          R       0.23      0.06      0.09       102

avg / total       0.36      0.28      0.25       465

[[29  4 85 34  0 24  3]
 [ 3  3  2  5  0  2  5]
 [ 5  0 24  4  0  1  2]
 [ 2  2  6 33  0 10  6]
 [ 1  0  0  0  0  0  0]
 [ 4  1  3 20  0 36  4]
 [12  5 20 39  0 20  6]]

DT
Classification_report:
             precision    recall  f1-score   support

          B       0.47      0.52      0.50       179
          C       0.12      0.10      0.11        20
          G       0.23      0.28      0.25        36
          M       0.20      0.19      0.19        59
          O       0.00      0.00      0.00         1
          P       0.60      0.54      0.57        68
          R       0.29      0.26      0.28       102

avg / total       0.38      0.39      0.38       465

[[93  3 20 18  0 12 33]
 [ 5  2  1  1  0  5  6]
 [18  2 10  4  0  0  2]
 [20  2  5 11  0  2 19]
 [ 0  0  0  0  0  0  1]
 [15  3  2  7  0 37  4]
 [45  4  5 15  0  6 27]]

CRF
Classification_report:
             precision    recall  f1-score   support

          B       0.65      0.90      0.76       179
          C       0.65      0.65      0.65        20
          G       0.36      0.14      0.20        36
          M       0.34      0.20      0.26        59
          O       0.00      0.00      0.00         1
          P       0.48      0.37      0.42        68
          R       0.52      0.49      0.50       102

avg / total       0.53      0.57      0.54       465

CRF 2.0
Classification_report:
             precision    recall  f1-score   support

          B       0.68      0.93      0.79       179
          C       0.50      0.30      0.37        20
          G       0.60      0.08      0.15        36
          M       0.41      0.27      0.33        59
          O       0.00      0.00      0.00         1
          P       0.78      0.57      0.66        68
          R       0.44      0.50      0.47       102

avg / total       0.59      0.61      0.57       465


SVM RBF
Classification_report:
             precision    recall  f1-score   support

          B       0.38      0.74      0.50       256
          C       0.00      0.00      0.00        40
          G       0.00      0.00      0.00        72
          M       0.00      0.00      0.00       104
          O       0.00      0.00      0.00         7
          P       0.00      0.00      0.00       133
          R       0.34      0.53      0.42       219

avg / total       0.21      0.37      0.27       831

[[189   0   0   0   0   0  67]
 [  8   0   0   0   0   0  32]
 [ 54   0   0   0   0   0  18]
 [ 47   0   0   0   0   0  57]
 [  2   0   0   0   0   0   5]
 [ 91   0   0   0   0   0  42]
 [103   0   0   0   0   0 116]]

SVM linear
Classification_report:
             precision    recall  f1-score   support

          B       0.52      0.82      0.64       256
          C       0.00      0.00      0.00        40
          G       0.00      0.00      0.00        72
          M       0.50      0.01      0.02       104
          O       0.00      0.00      0.00         7
          P       0.82      0.54      0.65       133
          R       0.44      0.68      0.53       219

avg / total       0.47      0.52      0.44       831

[[209   0   0   0   0   3  44]
 [  9   0   0   0   0   0  31]
 [ 64   0   0   0   0   0   8]
 [ 25   0   0   1   0   3  75]
 [  0   0   0   0   0   3   4]
 [ 31   0   0   0   0  72  30]
 [ 63   0   0   1   0   7 148]]

KNN
Classification_report:
             precision    recall  f1-score   support

          B       0.42      0.59      0.49       256
          C       0.17      0.20      0.18        40
          G       0.11      0.10      0.11        72
          M       0.27      0.17      0.21       104
          O       0.00      0.00      0.00         7
          P       0.50      0.31      0.38       133
          R       0.38      0.37      0.38       219

avg / total       0.36      0.37      0.36       831

[[150   6  29   6   0  20  45]
 [ 14   8   2   5   0   3   8]
 [ 47   4   7   0   0   5   9]
 [ 28   6  10  18   0   3  39]
 [  2   1   0   0   0   1   3]
 [ 40   6   5  12   0  41  29]
 [ 79  16   8  25   0   9  82]]

NB
Classification_report:
             precision    recall  f1-score   support

          B       0.48      0.16      0.24       256
          C       0.12      0.33      0.18        40
          G       0.16      0.65      0.26        72
          M       0.27      0.37      0.31       104
          O       0.00      0.00      0.00         7
          P       0.58      0.46      0.51       133
          R       0.32      0.11      0.16       219

avg / total       0.38      0.27      0.27       831

[[ 42  21 126  33   5  20   9]
 [  2  13   9   1   3   4   8]
 [ 13   3  47   4   0   3   2]
 [  9   8  30  38   0   5  14]
 [  1   0   0   0   0   1   5]
 [  8  24   6  19   3  61  12]
 [ 12  37  78  47   9  12  24]]

DT
Classification_report:
             precision    recall  f1-score   support

          B       0.50      0.48      0.49       256
          C       0.10      0.07      0.08        40
          G       0.13      0.14      0.13        72
          M       0.20      0.20      0.20       104
          O       0.00      0.00      0.00         7
          P       0.62      0.65      0.63       133
          R       0.35      0.37      0.36       219

avg / total       0.39      0.39      0.39       831

[[122   6  34  21   1  15  57]
 [  5   3   2   8   0   1  21]
 [ 35   4  10   6   0   3  14]
 [ 20   5  12  21   1   7  38]
 [  3   1   0   0   0   3   0]
 [ 17   0   2   7   1  86  20]
 [ 41  12  19  43   0  24  80]]

CRF
Classification_report:
             precision    recall  f1-score   support

          B       0.54      0.76      0.63       256
          C       0.44      0.30      0.36        40
          G       0.17      0.01      0.03        72
          M       0.11      0.03      0.05       104
          O       0.00      0.00      0.00         7
          P       0.56      0.44      0.49       133
          R       0.50      0.69      0.58       219

avg / total       0.44      0.51      0.45       831

CRF 2.0
Classification_report:
             precision    recall  f1-score   support

          B       0.68      0.88      0.77       256
          C       0.36      0.20      0.26        40
          G       0.52      0.21      0.30        72
          M       0.34      0.20      0.25       104
          O       0.00      0.00      0.00         7
          P       0.84      0.65      0.73       133
          R       0.53      0.68      0.60       219

avg / total       0.59      0.61      0.58       831
