SVM RBF
Classification_report:
             precision    recall  f1-score   support

          B       0.43      0.38      0.40        77
          C       0.00      0.00      0.00        20
          G       0.00      0.00      0.00        36
          M       0.00      0.00      0.00        45
          O       0.00      0.00      0.00         6
          P       0.00      0.00      0.00        65
          R       0.36      0.91      0.52       117

avg / total       0.20      0.37      0.25       366

[[ 29   0   0   0   0   0  48]
 [  0   0   0   0   0   0  20]
 [  5   0   0   0   0   0  31]
 [  4   0   0   0   0   0  41]
 [  0   0   0   0   0   0   6]
 [ 20   0   0   0   0   0  45]
 [ 10   0   0   0   0   0 107]]

SVM linear
Classification_report:
             precision    recall  f1-score   support

          B       0.56      0.70      0.62        77
          C       0.00      0.00      0.00        20
          G       0.50      0.17      0.25        36
          M       0.56      0.11      0.19        45
          O       1.00      0.17      0.29         6
          P       0.76      0.60      0.67        65
          R       0.50      0.85      0.63       117

avg / total       0.55      0.56      0.50       366

[[54  0  3  0  0  4 16]
 [ 1  0  0  0  0  1 18]
 [20  0  6  0  0  0 10]
 [ 6  0  1  5  0  1 32]
 [ 0  0  0  0  1  1  4]
 [ 6  0  2  0  0 39 18]
 [ 9  0  0  4  0  5 99]]

KNN
Classification_report:
             precision    recall  f1-score   support

          B       0.43      0.52      0.47        77
          C       0.04      0.10      0.06        20
          G       0.22      0.25      0.23        36
          M       0.29      0.11      0.16        45
          O       0.00      0.00      0.00         6
          P       0.35      0.42      0.38        65
          R       0.49      0.38      0.43       117

avg / total       0.37      0.35      0.35       366

[[40  4 10  1  0 13  9]
 [ 2  2  1  3  0  6  6]
 [10  5  9  0  0  6  6]
 [ 9  8  6  5  0  5 12]
 [ 0  1  1  0  0  3  1]
 [12  9  3  2  0 27 12]
 [21 17 11  6  0 17 45]]

NB
Classification_report:
             precision    recall  f1-score   support

          B       0.46      0.34      0.39        77
          C       0.38      0.25      0.30        20
          G       0.19      0.61      0.29        36
          M       0.33      0.38      0.35        45
          O       0.10      0.33      0.15         6
          P       0.65      0.65      0.65        65
          R       0.35      0.14      0.20       117

avg / total       0.40      0.36      0.35       366

[[26  0 30  4  4  9  4]
 [ 0  5  4  0  1  1  9]
 [10  0 22  2  0  1  1]
 [ 3  3 11 17  2  2  7]
 [ 0  0  0  0  2  0  4]
 [ 9  0  2  5  2 42  5]
 [ 9  5 45 23  9 10 16]]

DT
Classification_report:
             precision    recall  f1-score   support

          B       0.40      0.36      0.38        77
          C       0.10      0.15      0.12        20
          G       0.12      0.14      0.13        36
          M       0.17      0.22      0.19        45
          O       0.00      0.00      0.00         6
          P       0.61      0.69      0.65        65
          R       0.51      0.38      0.44       117

avg / total       0.39      0.37      0.38       366

[[28  5 17 11  1  9  6]
 [ 3  3  4  5  0  0  5]
 [ 9  5  5  4  0  2 11]
 [ 7  4  5 10  1  4 14]
 [ 1  0  0  0  0  3  2]
 [ 6  1  4  2  1 45  6]
 [16 11  7 26  1 11 45]]

CRF
Classification_report:
             precision    recall  f1-score   support

          B       0.57      0.51      0.53        77
          C       0.40      0.50      0.44        20
          G       0.12      0.06      0.08        36
          M       0.20      0.04      0.07        45
          O       0.00      0.00      0.00         6
          P       0.50      0.40      0.44        65
          R       0.52      0.85      0.64       117

avg / total       0.43      0.49      0.44       366

CRF 2.0
Classification_report:
             precision    recall  f1-score   support

          B       0.65      0.69      0.67        77
          C       0.29      0.10      0.15        20
          G       0.43      0.17      0.24        36
          M       0.11      0.04      0.06        45
          O       0.00      0.00      0.00         6
          P       0.85      0.68      0.75        65
          R       0.49      0.80      0.61       117

avg / total       0.51      0.55      0.51       366


SVM RBF
Classification_report:
             precision    recall  f1-score   support

          B       0.42      0.95      0.58       179
          C       0.00      0.00      0.00        20
          G       0.00      0.00      0.00        36
          M       0.00      0.00      0.00        59
          O       0.00      0.00      0.00         1
          P       0.00      0.00      0.00        68
          R       0.39      0.22      0.28       102

avg / total       0.25      0.41      0.28       465

[[170   0   0   0   0   0   9]
 [ 13   0   0   0   0   0   7]
 [ 35   0   0   0   0   0   1]
 [ 46   0   0   0   0   0  13]
 [  1   0   0   0   0   0   0]
 [ 64   0   0   0   0   0   4]
 [ 80   0   0   0   0   0  22]]

SVM linear
Classification_report:
             precision    recall  f1-score   support

          B       0.57      0.83      0.68       179
          C       0.17      0.05      0.08        20
          G       0.00      0.00      0.00        36
          M       0.35      0.19      0.24        59
          O       0.00      0.00      0.00         1
          P       0.65      0.46      0.53        68
          R       0.42      0.50      0.46       102

avg / total       0.46      0.52      0.47       465

[[148   1   1   7   0   2  20]
 [  5   1   0   1   0   2  11]
 [ 35   0   0   0   0   0   1]
 [ 17   1   0  11   0   4  26]
 [  0   0   0   0   0   0   1]
 [ 21   1   0   4   0  31  11]
 [ 32   2   0   8   0   9  51]]

KNN
Classification_report:
             precision    recall  f1-score   support

          B       0.41      0.66      0.51       179
          C       0.31      0.20      0.24        20
          G       0.17      0.11      0.13        36
          M       0.03      0.02      0.02        59
          O       0.00      0.00      0.00         1
          P       0.27      0.16      0.20        68
          R       0.29      0.20      0.24       102

avg / total       0.29      0.34      0.30       465

[[119   1  15  10   0  13  21]
 [  8   4   0   2   0   2   4]
 [ 21   0   4   5   0   4   2]
 [ 40   2   1   1   0   3  12]
 [  0   0   0   0   0   1   0]
 [ 43   1   2   2   0  11   9]
 [ 57   5   2  11   0   7  20]]

NB
Classification_report:
             precision    recall  f1-score   support

          B       0.56      0.20      0.29       179
          C       0.21      0.15      0.18        20
          G       0.17      0.67      0.27        36
          M       0.25      0.54      0.34        59
          O       0.00      0.00      0.00         1
          P       0.43      0.60      0.50        68
          R       0.26      0.07      0.11       102

avg / total       0.39      0.31      0.28       465

[[35  3 84 32  0 22  3]
 [ 3  3  2  5  0  2  5]
 [ 5  0 24  5  0  0  2]
 [ 3  2  6 32  0 10  6]
 [ 1  0  0  0  0  0  0]
 [ 4  1  3 15  0 41  4]
 [11  5 20 39  0 20  7]]

DT
Classification_report:
             precision    recall  f1-score   support

          B       0.50      0.52      0.51       179
          C       0.17      0.15      0.16        20
          G       0.17      0.17      0.17        36
          M       0.21      0.22      0.21        59
          O       0.00      0.00      0.00         1
          P       0.41      0.37      0.39        68
          R       0.25      0.25      0.25       102

avg / total       0.35      0.35      0.35       465

[[93  1 13 23  0 15 34]
 [ 5  3  2  1  0  3  6]
 [19  2  6  4  0  1  4]
 [16  4  5 13  0  2 19]
 [ 0  1  0  0  0  0  0]
 [20  2  4  4  0 25 13]
 [33  5  6 17  1 15 25]]

CRF
Classification_report:
             precision    recall  f1-score   support

          B       0.67      0.91      0.77       179
          C       0.64      0.70      0.67        20
          G       0.45      0.14      0.21        36
          M       0.43      0.22      0.29        59
          O       0.00      0.00      0.00         1
          P       0.51      0.40      0.45        68
          R       0.51      0.54      0.52       102

avg / total       0.56      0.59      0.56       465

CRF 2.0
Classification_report:
             precision    recall  f1-score   support

          B       0.62      0.89      0.73       179
          C       0.55      0.30      0.39        20
          G       0.40      0.06      0.10        36
          M       0.63      0.37      0.47        59
          O       0.00      0.00      0.00         1
          P       0.60      0.43      0.50        68
          R       0.45      0.48      0.46       102

avg / total       0.56      0.57      0.54       465


SVM RBF
Classification_report:
             precision    recall  f1-score   support

          B       0.36      0.82      0.50       256
          C       0.00      0.00      0.00        40
          G       0.00      0.00      0.00        72
          M       0.00      0.00      0.00       104
          O       0.00      0.00      0.00         7
          P       0.00      0.00      0.00       133
          R       0.37      0.44      0.40       219

avg / total       0.21      0.37      0.26       831

[[209   0   0   0   0   0  47]
 [ 15   0   0   0   0   0  25]
 [ 60   0   0   0   0   0  12]
 [ 62   0   0   0   0   0  42]
 [  3   0   0   0   0   0   4]
 [101   0   0   0   0   0  32]
 [123   0   0   0   0   0  96]]

SVM linear
Classification_report:
             precision    recall  f1-score   support

          B       0.56      0.77      0.65       256
          C       0.20      0.03      0.04        40
          G       0.67      0.11      0.19        72
          M       0.38      0.15      0.22       104
          O       1.00      0.14      0.25         7
          P       0.76      0.61      0.68       133
          R       0.46      0.66      0.54       219

avg / total       0.54      0.54      0.50       831

[[197   0   3   6   0   5  45]
 [  7   1   0   1   0   4  27]
 [ 58   0   8   0   0   0   6]
 [ 22   0   1  16   0   4  61]
 [  0   1   0   0   1   2   3]
 [ 22   0   0   3   0  81  27]
 [ 45   3   0  16   0  10 145]]

KNN
Classification_report:
             precision    recall  f1-score   support

          B       0.45      0.54      0.49       256
          C       0.15      0.20      0.17        40
          G       0.16      0.22      0.18        72
          M       0.23      0.12      0.15       104
          O       0.00      0.00      0.00         7
          P       0.46      0.46      0.46       133
          R       0.37      0.31      0.34       219

avg / total       0.36      0.36      0.36       831

[[139   7  41   6   0  28  35]
 [ 11   8   1   2   0   7  11]
 [ 33   4  16   1   0   7  11]
 [ 27   9  10  12   0  10  36]
 [  1   1   1   1   0   1   2]
 [ 35   3   8   9   0  61  17]
 [ 65  23  24  21   0  19  67]]

NB
Classification_report:
             precision    recall  f1-score   support

          B       0.48      0.16      0.24       256
          C       0.14      0.30      0.19        40
          G       0.16      0.65      0.26        72
          M       0.28      0.42      0.34       104
          O       0.00      0.00      0.00         7
          P       0.57      0.52      0.54       133
          R       0.33      0.12      0.17       219

avg / total       0.38      0.29      0.28       831

[[ 42  18 125  33   5  24   9]
 [  2  12   8   3   1   4  10]
 [ 13   3  47   4   0   3   2]
 [  8   5  27  44   0   5  15]
 [  1   0   0   0   0   1   5]
 [  8  17   6  19   2  69  12]
 [ 13  30  73  55   7  15  26]]

DT
Classification_report:
             precision    recall  f1-score   support

          B       0.44      0.41      0.42       256
          C       0.06      0.05      0.05        40
          G       0.12      0.12      0.12        72
          M       0.16      0.18      0.17       104
          O       0.00      0.00      0.00         7
          P       0.52      0.49      0.50       133
          R       0.34      0.36      0.35       219

avg / total       0.34      0.34      0.34       831

[[105   7  29  30   1  22  62]
 [  8   2   2   5   0   6  17]
 [ 36   4   9   6   0   2  15]
 [ 29   7   8  19   2   8  31]
 [  0   0   0   1   0   4   2]
 [ 17   2   2  14   5  65  28]
 [ 44  13  23  41   0  19  79]]

CRF
Classification_report:
             precision    recall  f1-score   support

          B       0.55      0.79      0.65       256
          C       0.41      0.30      0.35        40
          G       0.14      0.01      0.03        72
          M       0.11      0.03      0.05       104
          O       0.00      0.00      0.00         7
          P       0.58      0.46      0.51       133
          R       0.49      0.66      0.56       219

avg / total       0.44      0.51      0.45       831

CRF 2.0
Classification_report:
             precision    recall  f1-score   support

          B       0.66      0.85      0.74       256
          C       0.38      0.23      0.28        40
          G       0.46      0.15      0.23        72
          M       0.45      0.30      0.36       104
          O       0.00      0.00      0.00         7
          P       0.78      0.60      0.68       133
          R       0.52      0.67      0.59       219

avg / total       0.58      0.59      0.57       831
