Reading  corpus/output366.json
SVM RBF
Classification_report:
             precision    recall  f1-score   support

          B       0.35      0.38      0.36        77
          C       0.13      0.20      0.16        20
          G       0.40      0.39      0.39        36
          M       0.22      0.18      0.20        45
          O       0.50      0.33      0.40         6
          P       0.59      0.58      0.59        65
          R       0.49      0.47      0.48       117

avg / total       0.42      0.41      0.41       366

[[29  7 12  6  1  4 18]
 [ 4  4  0  0  0  3  9]
 [14  4 14  0  0  1  3]
 [ 6  1  3  8  0  6 21]
 [ 0  0  0  0  2  1  3]
 [ 8  5  3  7  1 38  3]
 [22 10  3 16  0 11 55]]

SVM linear
Classification_report:
             precision    recall  f1-score   support

          B       0.34      0.36      0.35        77
          C       0.15      0.25      0.19        20
          G       0.39      0.33      0.36        36
          M       0.28      0.29      0.28        45
          O       0.40      0.33      0.36         6
          P       0.54      0.55      0.55        65
          R       0.51      0.44      0.48       117

avg / total       0.42      0.40      0.41       366

[[28  9 11  5  1  7 16]
 [ 4  5  0  1  0  2  8]
 [13  5 12  1  0  1  4]
 [ 8  1  2 13  0  6 15]
 [ 0  0  0  0  2  2  2]
 [10  6  3  5  1 36  4]
 [19  7  3 22  1 13 52]]

Reading  corpus/output466.json
SVM RBF
Classification_report:
             precision    recall  f1-score   support

          B       0.73      0.78      0.76       179
          C       0.37      0.35      0.36        20
          G       0.43      0.36      0.39        36
          M       0.49      0.42      0.45        59
          O       0.00      0.00      0.00         1
          P       0.60      0.59      0.59        68
          R       0.47      0.49      0.48       102

avg / total       0.58      0.59      0.59       465

[[140   1  17   2   0  11   8]
 [  0   7   0   0   0   1  12]
 [ 22   0  13   0   0   1   0]
 [  4   1   0  25   0   2  27]
 [  0   0   0   0   0   1   0]
 [ 15   1   0   2   0  40  10]
 [ 10   9   0  22   0  11  50]]

SVM linear
Classification_report:
             precision    recall  f1-score   support

          B       0.68      0.70      0.69       179
          C       0.40      0.40      0.40        20
          G       0.32      0.28      0.30        36
          M       0.44      0.46      0.45        59
          O       0.00      0.00      0.00         1
          P       0.52      0.50      0.51        68
          R       0.48      0.47      0.47       102

avg / total       0.54      0.54      0.54       465

[[126   1  20   3   0  19  10]
 [  0   8   0   1   0   1  10]
 [ 25   0  10   0   0   1   0]
 [  4   0   0  27   0   2  26]
 [  0   0   0   0   0   1   0]
 [ 20   2   0   5   0  34   7]
 [ 10   9   1  26   0   8  48]]

Reading  corpus/output832.json
SVM RBF
Classification_report:
             precision    recall  f1-score   support

          B       0.60      0.68      0.64       256
          C       0.26      0.28      0.27        40
          G       0.36      0.31      0.33        72
          M       0.32      0.30      0.31       104
          O       0.40      0.29      0.33         7
          P       0.60      0.56      0.58       133
          R       0.46      0.46      0.46       219

avg / total       0.49      0.50      0.49       831

[[173   3  31  11   1  10  27]
 [  2  11   1   0   0   5  21]
 [ 35   4  22   2   0   1   8]
 [ 19   1   0  31   0   9  44]
 [  0   1   0   0   2   3   1]
 [ 22   5   3  10   2  75  16]
 [ 35  17   4  42   0  21 100]]

SVM linear
Classification_report:
             precision    recall  f1-score   support

          B       0.53      0.58      0.55       256
          C       0.22      0.28      0.24        40
          G       0.31      0.32      0.31        72
          M       0.32      0.32      0.32       104
          O       0.33      0.29      0.31         7
          P       0.51      0.51      0.51       133
          R       0.46      0.38      0.42       219

avg / total       0.45      0.44      0.44       831

[[148   8  37  16   1  22  24]
 [  5  11   2   0   0   6  16]
 [ 36   2  23   3   0   3   5]
 [ 19   3   4  33   0  10  35]
 [  0   1   0   0   2   2   2]
 [ 30   6   2   9   2  68  16]
 [ 42  19   7  43   1  23  84]]

