Reading  corpus/output366.json
SVM RBF
Classification_report:
             precision    recall  f1-score   support

          B       0.50      0.44      0.47        77
          C       0.12      0.10      0.11        20
          G       0.41      0.36      0.38        36
          M       0.16      0.16      0.16        45
          O       0.33      0.33      0.33         6
          P       0.55      0.54      0.54        65
          R       0.44      0.50      0.47       117

avg / total       0.41      0.42      0.41       366

[[34  2  9  7  1  4 20]
 [ 4  2  0  0  0  4 10]
 [11  4 13  0  0  2  6]
 [ 3  0  2  7  1  9 23]
 [ 0  0  0  0  2  1  3]
 [ 3  3  2  7  1 35 14]
 [13  5  6 24  1  9 59]]

SVM linear
Classification_report:
             precision    recall  f1-score   support

          B       0.40      0.36      0.38        77
          C       0.10      0.20      0.13        20
          G       0.29      0.28      0.28        36
          M       0.17      0.20      0.19        45
          O       0.33      0.33      0.33         6
          P       0.44      0.48      0.46        65
          R       0.48      0.38      0.42       117

avg / total       0.38      0.35      0.36       366

[[28 11 11  8  1  6 12]
 [ 5  4  0  0  0  5  6]
 [ 9  7 10  3  0  1  6]
 [ 7  1  4  9  1  8 15]
 [ 0  0  0  0  2  3  1]
 [ 5  9  4  7  1 31  8]
 [16  9  6 25  1 16 44]]

Reading  corpus/output466.json
SVM RBF
Classification_report:
             precision    recall  f1-score   support

          B       0.73      0.82      0.77       179
          C       0.46      0.55      0.50        20
          G       0.41      0.33      0.37        36
          M       0.57      0.44      0.50        59
          O       0.00      0.00      0.00         1
          P       0.69      0.59      0.63        68
          R       0.52      0.54      0.53       102

avg / total       0.62      0.63      0.62       465

[[147   1  15   0   0   7   9]
 [  0  11   0   0   0   1   8]
 [ 24   0  12   0   0   0   0]
 [  6   1   0  26   0   3  23]
 [  0   0   0   0   0   1   0]
 [ 14   1   1   1   0  40  11]
 [ 11  10   1  19   0   6  55]]

SVM linear
Classification_report:
             precision    recall  f1-score   support

          B       0.66      0.65      0.66       179
          C       0.40      0.60      0.48        20
          G       0.34      0.39      0.36        36
          M       0.48      0.49      0.48        59
          O       0.00      0.00      0.00         1
          P       0.49      0.53      0.51        68
          R       0.46      0.37      0.41       102

avg / total       0.53      0.53      0.53       465

[[117   2  27   3   0  19  11]
 [  0  12   0   0   0   1   7]
 [ 20   0  14   0   0   1   1]
 [  7   0   0  29   0   4  19]
 [  0   0   0   0   0   1   0]
 [ 20   1   0   4   0  36   7]
 [ 12  15   0  25   0  12  38]]

Reading  corpus/output832.json
SVM RBF
Classification_report:
             precision    recall  f1-score   support

          B       0.63      0.72      0.68       256
          C       0.35      0.30      0.32        40
          G       0.44      0.38      0.41        72
          M       0.31      0.28      0.29       104
          O       0.33      0.29      0.31         7
          P       0.60      0.53      0.56       133
          R       0.49      0.51      0.50       219

avg / total       0.52      0.53      0.52       831

[[185   2  24  10   1   7  27]
 [  3  12   1   2   0   3  19]
 [ 32   4  27   2   0   2   5]
 [ 16   1   1  29   1  11  45]
 [  0   0   0   0   2   3   2]
 [ 23   5   4  10   2  70  19]
 [ 33  10   4  40   0  20 112]]

SVM linear
Classification_report:
             precision    recall  f1-score   support

          B       0.55      0.59      0.57       256
          C       0.18      0.30      0.22        40
          G       0.29      0.31      0.30        72
          M       0.27      0.30      0.28       104
          O       0.33      0.43      0.38         7
          P       0.52      0.50      0.51       133
          R       0.50      0.36      0.42       219

avg / total       0.45      0.44      0.44       831

[[152  10  39  17   2  17  19]
 [  5  12   2   1   0   6  14]
 [ 39   4  22   4   0   1   2]
 [ 23   5   1  31   1  12  31]
 [  0   1   0   0   3   2   1]
 [ 27   8   5  14   2  66  11]
 [ 31  28   7  49   1  24  79]]

