Reading  corpus/output366.json
SVM RBF
Classification_report:
             precision    recall  f1-score   support

          B       0.39      0.35      0.37        77
          C       0.15      0.20      0.17        20
          G       0.44      0.44      0.44        36
          M       0.20      0.18      0.19        45
          O       0.33      0.17      0.22         6
          P       0.54      0.57      0.56        65
          R       0.49      0.51      0.50       117

avg / total       0.42      0.42      0.42       366

[[27  4 12  6  1  6 21]
 [ 2  4  1  0  0  3 10]
 [11  4 16  1  0  1  3]
 [ 7  1  2  8  0  6 21]
 [ 0  0  0  0  1  4  1]
 [ 8  5  2  6  1 37  6]
 [15  8  3 20  0 11 60]]

SVM linear
Classification_report:
             precision    recall  f1-score   support

          B       0.39      0.40      0.39        77
          C       0.12      0.15      0.13        20
          G       0.42      0.42      0.42        36
          M       0.27      0.29      0.28        45
          O       0.33      0.17      0.22         6
          P       0.51      0.54      0.53        65
          R       0.51      0.46      0.49       117

avg / total       0.42      0.42      0.42       366

[[31  7 13  5  1  4 16]
 [ 2  3  1  0  0  4 10]
 [12  2 15  1  0  3  3]
 [ 7  1  1 13  0  6 17]
 [ 0  0  0  0  1  4  1]
 [10  5  2  8  1 35  4]
 [18  8  4 21  0 12 54]]

Reading  corpus/output466.json
SVM RBF
Classification_report:
             precision    recall  f1-score   support

          B       0.75      0.83      0.79       179
          C       0.43      0.30      0.35        20
          G       0.48      0.31      0.37        36
          M       0.49      0.41      0.44        59
          O       0.00      0.00      0.00         1
          P       0.64      0.60      0.62        68
          R       0.50      0.58      0.54       102

avg / total       0.61      0.62      0.61       465

[[148   0  12   2   0   9   8]
 [  0   6   0   0   0   0  14]
 [ 24   0  11   0   0   1   0]
 [  3   0   0  24   0   4  28]
 [  0   0   0   0   0   1   0]
 [ 15   1   0   2   0  41   9]
 [  7   7   0  21   0   8  59]]

SVM linear
Classification_report:
             precision    recall  f1-score   support

          B       0.72      0.78      0.75       179
          C       0.33      0.30      0.32        20
          G       0.42      0.31      0.35        36
          M       0.46      0.41      0.43        59
          O       0.00      0.00      0.00         1
          P       0.56      0.57      0.57        68
          R       0.50      0.52      0.51       102

avg / total       0.57      0.58      0.58       465

[[139   0  15   2   0  15   8]
 [  0   6   0   2   0   1  11]
 [ 24   0  11   0   0   1   0]
 [  5   0   0  24   0   4  26]
 [  0   0   0   0   0   1   0]
 [ 16   2   0   2   0  39   9]
 [  8  10   0  22   0   9  53]]

Reading  corpus/output832.json
SVM RBF
Classification_report:
             precision    recall  f1-score   support

          B       0.59      0.65      0.62       256
          C       0.34      0.38      0.36        40
          G       0.35      0.28      0.31        72
          M       0.39      0.37      0.38       104
          O       0.50      0.14      0.22         7
          P       0.57      0.56      0.56       133
          R       0.53      0.53      0.53       219

avg / total       0.51      0.52      0.51       831

[[166   2  29  12   0  16  31]
 [  4  15   1   0   0   7  13]
 [ 43   4  20   2   0   1   2]
 [ 17   2   1  38   0   9  37]
 [  0   1   0   1   1   2   2]
 [ 22   7   2  10   1  74  17]
 [ 30  13   4  34   0  21 117]]

SVM linear
Classification_report:
             precision    recall  f1-score   support

          B       0.55      0.57      0.56       256
          C       0.33      0.35      0.34        40
          G       0.32      0.33      0.33        72
          M       0.38      0.39      0.39       104
          O       0.33      0.14      0.20         7
          P       0.52      0.54      0.53       133
          R       0.56      0.51      0.53       219

avg / total       0.49      0.49      0.49       831

[[147   5  39  14   1  25  25]
 [  6  14   1   1   0   7  11]
 [ 39   2  24   3   0   2   2]
 [ 19   1   3  41   0   8  32]
 [  0   1   0   0   1   4   1]
 [ 25   6   3   8   1  72  18]
 [ 29  13   5  40   0  21 111]]

