Reading  corpus/output366.json
SVM RBF
Classification_report:
             precision    recall  f1-score   support

          B       0.39      0.40      0.39        77
          C       0.09      0.05      0.06        20
          G       0.36      0.33      0.35        36
          M       0.21      0.16      0.18        45
          O       0.25      0.33      0.29         6
          P       0.45      0.48      0.46        65
          R       0.41      0.46      0.44       117

avg / total       0.36      0.38      0.37       366

[[31  1 10  7  2  5 21]
 [ 4  1  0  0  0  4 11]
 [12  3 12  0  0  3  6]
 [ 4  0  3  7  1 11 19]
 [ 0  0  0  0  2  1  3]
 [ 4  3  4  4  2 31 17]
 [25  3  4 16  1 14 54]]

SVM linear
Classification_report:
             precision    recall  f1-score   support

          B       0.39      0.44      0.41        77
          C       0.12      0.20      0.15        20
          G       0.29      0.31      0.30        36
          M       0.16      0.20      0.17        45
          O       0.22      0.33      0.27         6
          P       0.48      0.35      0.41        65
          R       0.46      0.36      0.40       117

avg / total       0.37      0.34      0.35       366

[[34 10  6  9  2  3 13]
 [ 2  4  3  0  0  3  8]
 [13  4 11  3  0  1  4]
 [ 8  1  3  9  1  8 15]
 [ 0  0  0  1  2  0  3]
 [ 9  8  7 10  2 23  6]
 [22  7  8 26  2 10 42]]

Reading  corpus/output466.json
SVM RBF
Classification_report:
             precision    recall  f1-score   support

          B       0.75      0.80      0.77       179
          C       0.55      0.55      0.55        20
          G       0.48      0.33      0.39        36
          M       0.50      0.39      0.44        59
          O       0.00      0.00      0.00         1
          P       0.67      0.62      0.64        68
          R       0.53      0.61      0.56       102

avg / total       0.62      0.63      0.63       465

[[144   2  12   3   0  10   8]
 [  0  11   0   0   0   0   9]
 [ 21   0  12   0   0   3   0]
 [  4   0   0  23   0   2  30]
 [  0   0   0   0   0   1   0]
 [ 13   1   0   3   0  42   9]
 [ 11   6   1  17   0   5  62]]

SVM linear
Classification_report:
             precision    recall  f1-score   support

          B       0.65      0.65      0.65       179
          C       0.32      0.45      0.38        20
          G       0.27      0.28      0.27        36
          M       0.34      0.36      0.35        59
          O       0.00      0.00      0.00         1
          P       0.51      0.56      0.53        68
          R       0.44      0.36      0.40       102

avg / total       0.50      0.50      0.50       465

[[116   2  26   4   0  19  12]
 [  0   9   0   1   0   2   8]
 [ 23   0  10   0   0   3   0]
 [ 11   1   0  21   0   5  21]
 [  0   0   0   0   0   1   0]
 [ 15   2   1   5   0  38   7]
 [ 13  14   0  31   0   7  37]]

Reading  corpus/output832.json
SVM RBF
Classification_report:
             precision    recall  f1-score   support

          B       0.63      0.73      0.68       256
          C       0.32      0.30      0.31        40
          G       0.39      0.28      0.33        72
          M       0.40      0.31      0.35       104
          O       0.67      0.29      0.40         7
          P       0.56      0.49      0.52       133
          R       0.50      0.55      0.52       219

avg / total       0.52      0.53      0.52       831

[[187   1  19   9   0  11  29]
 [  2  12   1   1   0   3  21]
 [ 35   3  20   1   0   6   7]
 [ 16   1   0  32   0  10  45]
 [  0   0   0   0   2   2   3]
 [ 27   8   6   9   1  65  17]
 [ 31  13   5  29   0  20 121]]

SVM linear
Classification_report:
             precision    recall  f1-score   support

          B       0.56      0.64      0.60       256
          C       0.21      0.28      0.24        40
          G       0.27      0.22      0.24        72
          M       0.30      0.25      0.27       104
          O       0.27      0.43      0.33         7
          P       0.42      0.41      0.42       133
          R       0.48      0.43      0.45       219

avg / total       0.44      0.45      0.44       831

[[165   9  26  16   1  21  18]
 [  3  11   2   0   0   6  18]
 [ 38   4  16   0   0   8   6]
 [ 21   1   2  26   0  12  42]
 [  0   0   0   0   3   1   3]
 [ 30  11   7  11   4  55  15]
 [ 38  17   7  33   3  27  94]]

