Reading  corpus/output366.json
SVM RBF
Classification_report:
             precision    recall  f1-score   support

          B       0.44      0.40      0.42        77
          C       0.17      0.20      0.19        20
          G       0.45      0.39      0.42        36
          M       0.23      0.22      0.23        45
          O       0.50      0.33      0.40         6
          P       0.49      0.54      0.51        65
          R       0.49      0.51      0.50       117

avg / total       0.43      0.43      0.43       366

[[31  5 10  4  1  7 19]
 [ 1  4  0  0  0  4 11]
 [13  1 14  0  0  2  6]
 [ 6  1  1 10  0  7 20]
 [ 0  0  0  0  2  3  1]
 [ 7  6  3  7  1 35  6]
 [13  6  3 22  0 13 60]]

SVM linear
Classification_report:
             precision    recall  f1-score   support

          B       0.40      0.40      0.40        77
          C       0.18      0.20      0.19        20
          G       0.43      0.36      0.39        36
          M       0.24      0.24      0.24        45
          O       0.50      0.33      0.40         6
          P       0.48      0.54      0.51        65
          R       0.50      0.50      0.50       117

avg / total       0.42      0.42      0.42       366

[[31  4 11  6  1  9 15]
 [ 3  4  0  0  0  3 10]
 [14  1 13  0  0  3  5]
 [ 8  1  1 11  0  5 19]
 [ 0  0  0  0  2  3  1]
 [ 8  4  3  7  1 35  7]
 [13  8  2 21  0 15 58]]

Reading  corpus/output466.json
SVM RBF
Classification_report:
             precision    recall  f1-score   support

          B       0.75      0.79      0.77       179
          C       0.42      0.25      0.31        20
          G       0.39      0.33      0.36        36
          M       0.48      0.39      0.43        59
          O       0.00      0.00      0.00         1
          P       0.66      0.59      0.62        68
          R       0.51      0.62      0.56       102

avg / total       0.61      0.61      0.61       465

[[142   0  18   1   0   9   9]
 [  0   5   0   1   0   0  14]
 [ 23   0  12   0   0   1   0]
 [  3   0   0  23   0   3  30]
 [  0   0   0   0   0   1   0]
 [ 18   1   0   1   0  40   8]
 [  3   6   1  22   0   7  63]]

SVM linear
Classification_report:
             precision    recall  f1-score   support

          B       0.73      0.77      0.75       179
          C       0.38      0.25      0.30        20
          G       0.38      0.31      0.34        36
          M       0.45      0.39      0.42        59
          O       0.00      0.00      0.00         1
          P       0.57      0.57      0.57        68
          R       0.50      0.57      0.53       102

avg / total       0.58      0.59      0.58       465

[[137   0  17   2   0  14   9]
 [  0   5   0   2   0   1  12]
 [ 24   0  11   0   0   1   0]
 [  3   0   0  23   0   5  28]
 [  0   0   0   0   0   1   0]
 [ 17   1   0   1   0  39  10]
 [  6   7   1  23   0   7  58]]

Reading  corpus/output832.json
SVM RBF
Classification_report:
             precision    recall  f1-score   support

          B       0.58      0.66      0.62       256
          C       0.37      0.33      0.35        40
          G       0.37      0.32      0.34        72
          M       0.44      0.41      0.43       104
          O       0.67      0.29      0.40         7
          P       0.58      0.58      0.58       133
          R       0.51      0.49      0.50       219

avg / total       0.52      0.52      0.52       831

[[168   3  31  11   0  13  30]
 [  4  13   1   1   0   6  15]
 [ 39   2  23   3   0   1   4]
 [ 19   1   0  43   0  10  31]
 [  0   0   0   0   2   4   1]
 [ 22   4   2   5   1  77  22]
 [ 38  12   5  34   0  22 108]]

SVM linear
Classification_report:
             precision    recall  f1-score   support

          B       0.56      0.61      0.58       256
          C       0.26      0.28      0.27        40
          G       0.34      0.31      0.32        72
          M       0.40      0.37      0.38       104
          O       0.33      0.14      0.20         7
          P       0.54      0.53      0.54       133
          R       0.50      0.49      0.50       219

avg / total       0.49      0.49      0.49       831

[[157   4  33  12   0  18  32]
 [  5  11   2   1   0   6  15]
 [ 39   2  22   3   0   2   4]
 [ 18   3   1  38   0  10  34]
 [  0   1   0   0   1   4   1]
 [ 27   6   1   7   1  71  20]
 [ 36  15   5  34   1  21 107]]

