Reading  corpus/output366.json
SVM RBF
Classification_report:
             precision    recall  f1-score   support

          B       0.44      0.49      0.47        77
          C       0.20      0.05      0.08        20
          G       0.48      0.28      0.35        36
          M       0.17      0.09      0.12        45
          O       0.00      0.00      0.00         6
          P       0.51      0.55      0.53        65
          R       0.46      0.62      0.53       117

avg / total       0.41      0.44      0.41       366

[[38  0  3  4  0  6 26]
 [ 4  1  0  1  0  3 11]
 [15  1 10  0  0  5  5]
 [ 5  0  2  4  0  8 26]
 [ 0  0  0  1  0  3  2]
 [ 5  1  2  5  0 36 16]
 [19  2  4  9  0 10 73]]

SVM linear
Classification_report:
             precision    recall  f1-score   support

          B       0.34      0.39      0.37        77
          C       0.15      0.20      0.17        20
          G       0.35      0.33      0.34        36
          M       0.23      0.24      0.24        45
          O       0.67      0.33      0.44         6
          P       0.50      0.51      0.50        65
          R       0.50      0.44      0.47       117

avg / total       0.40      0.39      0.40       366

[[30  4 10  6  1 11 15]
 [ 5  4  1  1  0  2  7]
 [15  2 12  2  0  2  3]
 [ 5  0  3 11  0  8 18]
 [ 0  0  1  0  2  2  1]
 [10  5  3  7  0 33  7]
 [22 12  4 20  0  8 51]]

Reading  corpus/output466.json
SVM RBF
Classification_report:
             precision    recall  f1-score   support

          B       0.79      0.89      0.84       179
          C       0.30      0.15      0.20        20
          G       0.68      0.36      0.47        36
          M       0.47      0.42      0.45        59
          O       0.00      0.00      0.00         1
          P       0.76      0.66      0.71        68
          R       0.52      0.62      0.57       102

avg / total       0.65      0.66      0.65       465

[[160   0   6   3   0   5   5]
 [  0   3   0   1   0   0  16]
 [ 22   0  13   1   0   0   0]
 [  3   1   0  25   0   1  29]
 [  0   0   0   0   0   1   0]
 [ 12   2   0   1   0  45   8]
 [  6   4   0  22   0   7  63]]

SVM linear
Classification_report:
             precision    recall  f1-score   support

          B       0.72      0.72      0.72       179
          C       0.39      0.45      0.42        20
          G       0.35      0.39      0.37        36
          M       0.43      0.37      0.40        59
          O       0.00      0.00      0.00         1
          P       0.62      0.60      0.61        68
          R       0.50      0.52      0.51       102

avg / total       0.58      0.58      0.58       465

[[129   1  25   3   0  13   8]
 [  0   9   0   2   0   1   8]
 [ 21   0  14   1   0   0   0]
 [  4   3   0  22   0   4  26]
 [  0   0   0   0   0   1   0]
 [ 15   1   0   1   0  41  10]
 [ 11   9   1  22   0   6  53]]

Reading  corpus/output832.json
SVM RBF
Classification_report:
             precision    recall  f1-score   support

          B       0.66      0.79      0.72       256
          C       0.35      0.17      0.23        40
          G       0.52      0.32      0.40        72
          M       0.31      0.24      0.27       104
          O       0.00      0.00      0.00         7
          P       0.68      0.56      0.61       133
          R       0.48      0.59      0.53       219

avg / total       0.54      0.55      0.54       831

[[201   2  16  10   0   3  24]
 [  2   7   0   3   0   4  24]
 [ 35   0  23   1   0   4   9]
 [ 13   0   0  25   0   8  58]
 [  0   0   0   0   0   3   4]
 [ 23   4   2   8   1  75  20]
 [ 32   7   3  34   0  14 129]]

SVM linear
Classification_report:
             precision    recall  f1-score   support

          B       0.55      0.58      0.56       256
          C       0.32      0.38      0.34        40
          G       0.33      0.39      0.35        72
          M       0.34      0.39      0.37       104
          O       0.25      0.14      0.18         7
          P       0.53      0.52      0.53       133
          R       0.48      0.38      0.43       219

avg / total       0.47      0.46      0.46       831

[[148   3  43  15   0  21  26]
 [  6  15   1   2   0   6  10]
 [ 35   4  28   1   0   2   2]
 [ 11   3   4  41   0   8  37]
 [  0   0   0   0   1   3   3]
 [ 25   8   4  12   1  69  14]
 [ 44  14   6  49   2  20  84]]
