Reading  corpus/output366.json
SVM RBF
Classification_report:
             precision    recall  f1-score   support

          B       0.43      0.45      0.44        77
          C       0.00      0.00      0.00        20
          G       0.35      0.19      0.25        36
          M       0.33      0.13      0.19        45
          O       0.00      0.00      0.00         6
          P       0.44      0.51      0.47        65
          R       0.47      0.68      0.55       117

avg / total       0.39      0.44      0.40       366

[[35  0  8  4  0  6 24]
 [ 2  0  0  0  0  3 15]
 [12  0  7  0  0  8  9]
 [ 7  0  1  6  0  8 23]
 [ 0  0  0  0  0  4  2]
 [ 9  1  3  2  0 33 17]
 [17  1  1  6  0 13 79]]

SVM linear
Classification_report:
             precision    recall  f1-score   support

          B       0.37      0.47      0.41        77
          C       0.09      0.15      0.11        20
          G       0.31      0.28      0.29        36
          M       0.23      0.27      0.24        45
          O       0.40      0.33      0.36         6
          P       0.44      0.42      0.43        65
          R       0.45      0.32      0.37       117

avg / total       0.37      0.35      0.35       366

[[36 11 10  4  1  3 12]
 [ 6  3  1  2  0  2  6]
 [11  4 10  0  0  8  3]
 [ 6  2  2 12  0  8 15]
 [ 0  1  0  1  2  2  0]
 [10  5  3 11  0 27  9]
 [28  9  6 23  2 12 37]]

Reading  corpus/output466.json
SVM RBF
Classification_report:
             precision    recall  f1-score   support

          B       0.78      0.89      0.83       179
          C       0.43      0.15      0.22        20
          G       0.67      0.33      0.44        36
          M       0.45      0.37      0.41        59
          O       0.00      0.00      0.00         1
          P       0.69      0.62      0.65        68
          R       0.51      0.63      0.56       102

avg / total       0.64      0.65      0.64       465

[[160   0   6   0   0   7   6]
 [  0   3   0   0   0   1  16]
 [ 23   0  12   0   0   1   0]
 [  4   0   0  22   0   2  31]
 [  0   0   0   0   0   1   0]
 [ 12   2   0   4   0  42   8]
 [  6   2   0  23   0   7  64]]

SVM linear
Classification_report:
             precision    recall  f1-score   support

          B       0.71      0.71      0.71       179
          C       0.31      0.50      0.38        20
          G       0.35      0.33      0.34        36
          M       0.39      0.36      0.37        59
          O       0.00      0.00      0.00         1
          P       0.52      0.59      0.55        68
          R       0.50      0.43      0.46       102

avg / total       0.55      0.55      0.54       465

[[127   1  20   3   0  21   7]
 [  0  10   0   1   0   2   7]
 [ 23   0  12   1   0   0   0]
 [  6   3   0  21   0   6  23]
 [  0   0   0   0   0   1   0]
 [ 17   1   0   3   0  40   7]
 [  7  17   2  25   0   7  44]]

Reading  corpus/output832.json
SVM RBF
Classification_report:
             precision    recall  f1-score   support

          B       0.67      0.78      0.72       256
          C       0.25      0.07      0.12        40
          G       0.55      0.25      0.34        72
          M       0.32      0.19      0.24       104
          O       0.00      0.00      0.00         7
          P       0.63      0.59      0.61       133
          R       0.49      0.68      0.57       219

avg / total       0.54      0.56      0.54       831

[[199   1  12   9   0   9  26]
 [  2   3   0   1   0   3  31]
 [ 36   0  18   0   0   5  13]
 [ 14   0   1  20   0  10  59]
 [  1   1   0   0   0   3   2]
 [ 19   2   2   7   1  78  24]
 [ 24   5   0  25   0  15 150]]

SVM linear
Classification_report:
             precision    recall  f1-score   support

          B       0.54      0.60      0.57       256
          C       0.19      0.23      0.20        40
          G       0.26      0.26      0.26        72
          M       0.32      0.34      0.33       104
          O       0.50      0.29      0.36         7
          P       0.48      0.46      0.47       133
          R       0.49      0.42      0.45       219

avg / total       0.45      0.45      0.44       831

[[153   6  31  17   1  25  23]
 [  7   9   0   1   0   7  16]
 [ 41   3  19   1   0   4   4]
 [ 17   2   5  35   0  11  34]
 [  1   0   0   0   2   3   1]
 [ 31   6   6  12   1  61  16]
 [ 35  22  11  45   0  15  91]]
