eading  corpus/output366.json
SVM RBF
Classification_report:
             precision    recall  f1-score   support

          B       0.44      0.40      0.42        77
          C       0.00      0.00      0.00        20
          G       0.43      0.28      0.34        36
          M       0.23      0.11      0.15        45
          O       0.00      0.00      0.00         6
          P       0.43      0.48      0.45        65
          R       0.44      0.67      0.53       117

avg / total       0.38      0.42      0.39       366

[[31  0  8  3  0  8 27]
 [ 3  0  0  0  0  2 15]
 [10  1 10  0  0  8  7]
 [ 2  0  2  5  0 10 26]
 [ 0  0  0  1  0  1  4]
 [ 7  1  3  4  0 31 19]
 [18  0  0  9  0 12 78]]

SVM linear
Classification_report:
             precision    recall  f1-score   support

          B       0.32      0.34      0.33        77
          C       0.12      0.20      0.15        20
          G       0.28      0.31      0.29        36
          M       0.18      0.22      0.20        45
          O       0.00      0.00      0.00         6
          P       0.36      0.32      0.34        65
          R       0.52      0.40      0.45       117

avg / total       0.35      0.33      0.33       366

[[26 10 12 13  2  6  8]
 [ 4  4  1  0  0  4  7]
 [ 9  3 11  1  0  5  7]
 [10  0  3 10  0 11 11]
 [ 0  1  0  2  0  1  2]
 [12  6  6 11  0 21  9]
 [21  9  7 20  2 11 47]]

Reading  corpus/output466.json
SVM RBF
Classification_report:
             precision    recall  f1-score   support

          B       0.80      0.87      0.83       179
          C       0.33      0.15      0.21        20
          G       0.59      0.36      0.45        36
          M       0.50      0.44      0.47        59
          O       0.00      0.00      0.00         1
          P       0.70      0.65      0.67        68
          R       0.54      0.65      0.59       102

avg / total       0.65      0.66      0.65       465

[[156   1   7   1   0   6   8]
 [  0   3   0   0   0   0  17]
 [ 20   0  13   0   0   3   0]
 [  4   0   0  26   0   3  26]
 [  0   0   0   0   0   1   0]
 [  9   1   2   6   0  44   6]
 [  7   4   0  19   0   6  66]]

SVM linear
Classification_report:
             precision    recall  f1-score   support

          B       0.70      0.72      0.71       179
          C       0.43      0.45      0.44        20
          G       0.31      0.31      0.31        36
          M       0.38      0.39      0.39        59
          O       0.00      0.00      0.00         1
          P       0.52      0.54      0.53        68
          R       0.46      0.43      0.45       102

avg / total       0.54      0.54      0.54       465

[[128   1  22   4   0  15   9]
 [  0   9   0   0   0   2   9]
 [ 22   0  11   0   0   2   1]
 [  5   1   0  23   0   5  25]
 [  0   0   0   0   0   1   0]
 [ 16   1   1   6   0  37   7]
 [ 11   9   2  27   0   9  44]]

Reading  corpus/output832.json
SVM RBF
Classification_report:
             precision    recall  f1-score   support

          B       0.68      0.76      0.71       256
          C       0.35      0.15      0.21        40
          G       0.47      0.29      0.36        72
          M       0.33      0.19      0.24       104
          O       0.00      0.00      0.00         7
          P       0.64      0.58      0.61       133
          R       0.48      0.67      0.56       219

avg / total       0.54      0.56      0.54       831

[[194   3  16  10   0   2  31]
 [  3   6   0   1   0   3  27]
 [ 35   0  21   1   0   7   8]
 [ 10   0   3  20   0  13  58]
 [  0   0   0   1   0   3   3]
 [ 17   3   3   4   0  77  29]
 [ 28   5   2  23   0  15 146]]

SVM linear
Classification_report:
             precision    recall  f1-score   support

          B       0.56      0.58      0.57       256
          C       0.24      0.30      0.26        40
          G       0.28      0.29      0.28        72
          M       0.24      0.26      0.25       104
          O       0.50      0.29      0.36         7
          P       0.46      0.44      0.45       133
          R       0.46      0.41      0.43       219

avg / total       0.44      0.43      0.43       831

[[148   7  36  25   1  14  25]
 [  2  12   0   2   0   8  16]
 [ 35   5  21   0   0   6   5]
 [ 19   1   6  27   0  11  40]
 [  0   0   0   0   2   4   1]
 [ 28   9   6  12   1  59  18]
 [ 33  17   7  47   0  25  90]]
