Reading  corpus/output366.json
SVM RBF
Classification_report:
             precision    recall  f1-score   support

          B       0.42      0.42      0.42        77
          C       0.00      0.00      0.00        20
          G       0.45      0.28      0.34        36
          M       0.44      0.16      0.23        45
          O       0.00      0.00      0.00         6
          P       0.46      0.48      0.47        65
          R       0.46      0.72      0.56       117

avg / total       0.41      0.45      0.41       366

[[32  0  8  4  0  5 28]
 [ 4  0  0  0  0  3 13]
 [ 9  0 10  0  0  6 11]
 [ 8  0  0  7  0  7 23]
 [ 0  0  1  0  0  2  3]
 [ 7  0  3  2  0 31 22]
 [17  0  0  3  0 13 84]]

SVM linear
Classification_report:
             precision    recall  f1-score   support

          B       0.34      0.40      0.37        77
          C       0.08      0.10      0.09        20
          G       0.25      0.25      0.25        36
          M       0.25      0.22      0.24        45
          O       0.25      0.33      0.29         6
          P       0.42      0.40      0.41        65
          R       0.48      0.43      0.45       117

avg / total       0.36      0.36      0.36       366

[[31  8 10  6  1  6 15]
 [ 6  2  2  1  0  4  5]
 [14  2  9  3  1  4  3]
 [ 7  0  2 10  0  9 17]
 [ 0  0  0  1  2  2  1]
 [ 8  6  6  6  0 26 13]
 [25  7  7 13  4 11 50]]

Reading  corpus/output466.json
SVM RBF
Classification_report:
             precision    recall  f1-score   support

          B       0.78      0.90      0.83       179
          C       0.25      0.10      0.14        20
          G       0.79      0.31      0.44        36
          M       0.44      0.37      0.40        59
          O       0.00      0.00      0.00         1
          P       0.67      0.59      0.62        68
          R       0.52      0.64      0.57       102

avg / total       0.64      0.65      0.63       465

[[161   1   3   1   0   7   6]
 [  0   2   0   0   0   1  17]
 [ 23   0  11   0   0   2   0]
 [  5   0   0  22   0   2  30]
 [  0   0   0   0   0   1   0]
 [ 13   1   0   6   0  40   8]
 [  5   4   0  21   0   7  65]]

SVM linear
Classification_report:
             precision    recall  f1-score   support

          B       0.67      0.68      0.68       179
          C       0.20      0.25      0.22        20
          G       0.34      0.33      0.34        36
          M       0.33      0.27      0.30        59
          O       0.00      0.00      0.00         1
          P       0.47      0.51      0.49        68
          R       0.45      0.44      0.45       102

avg / total       0.50      0.51      0.50       465

[[122   0  19   5   0  25   8]
 [  0   5   0   0   0   2  13]
 [ 21   0  12   0   0   2   1]
 [  9   4   0  16   0   6  24]
 [  0   0   0   0   0   1   0]
 [ 19   2   2   2   0  35   8]
 [ 11  14   2  26   0   4  45]]

Reading  corpus/output832.json
SVM RBF
Classification_report:
             precision    recall  f1-score   support

          B       0.66      0.77      0.71       256
          C       0.29      0.05      0.09        40
          G       0.48      0.21      0.29        72
          M       0.21      0.06      0.09       104
          O       0.00      0.00      0.00         7
          P       0.59      0.55      0.57       133
          R       0.46      0.72      0.56       219

avg / total       0.50      0.54      0.50       831

[[196   1  12   5   0   9  33]
 [  3   2   0   0   0   3  32]
 [ 38   0  15   0   0   7  12]
 [ 14   0   1   6   0  11  72]
 [  0   0   0   2   0   3   2]
 [ 19   1   2   2   0  73  36]
 [ 27   3   1  14   0  17 157]]

SVM linear
Classification_report:
             precision    recall  f1-score   support

          B       0.55      0.65      0.59       256
          C       0.20      0.20      0.20        40
          G       0.30      0.26      0.28        72
          M       0.25      0.16      0.20       104
          O       0.17      0.14      0.15         7
          P       0.50      0.46      0.48       133
          R       0.53      0.54      0.53       219

avg / total       0.45      0.47      0.46       831

[[166   5  26  14   2  18  25]
 [  6   8   2   3   0   1  20]
 [ 38   4  19   1   0   7   3]
 [ 21   3   5  17   1  13  44]
 [  1   0   0   1   1   3   1]
 [ 35   9   5   7   2  61  14]
 [ 36  12   7  26   0  19 119]]
