Reading  corpus/output366.json
SVM RBF
Classification_report:
             precision    recall  f1-score   support

          B       0.44      0.51      0.47        77
          C       0.30      0.15      0.20        20
          G       0.42      0.31      0.35        36
          M       0.32      0.20      0.25        45
          O       0.00      0.00      0.00         6
          P       0.55      0.55      0.55        65
          R       0.48      0.60      0.53       117

avg / total       0.44      0.46      0.44       366

[[39  0  5  4  0  5 24]
 [ 3  3  0  0  0  2 12]
 [18  1 11  0  0  2  4]
 [ 2  0  4  9  0  8 22]
 [ 0  0  0  0  0  4  2]
 [ 8  3  2  3  0 36 13]
 [19  3  4 12  0  9 70]]

SVM linear
Classification_report:
             precision    recall  f1-score   support

          B       0.38      0.47      0.42        77
          C       0.22      0.25      0.23        20
          G       0.33      0.28      0.30        36
          M       0.26      0.22      0.24        45
          O       1.00      0.17      0.29         6
          P       0.54      0.58      0.56        65
          R       0.41      0.38      0.39       117

avg / total       0.40      0.39      0.39       366

[[36  3  7  3  0  8 20]
 [ 3  5  2  0  0  1  9]
 [16  2 10  1  0  2  5]
 [ 3  0  2 10  0  8 22]
 [ 0  0  0  0  1  4  1]
 [10  3  3  4  0 38  7]
 [26 10  6 21  0 10 44]]

Reading  corpus/output466.json
SVM RBF
Classification_report:
             precision    recall  f1-score   support

          B       0.78      0.88      0.83       179
          C       0.33      0.20      0.25        20
          G       0.50      0.31      0.38        36
          M       0.46      0.39      0.42        59
          O       0.00      0.00      0.00         1
          P       0.77      0.65      0.70        68
          R       0.52      0.63      0.57       102

avg / total       0.64      0.65      0.64       465

[[157   0  11   2   0   4   5]
 [  0   4   0   1   0   0  15]
 [ 24   0  11   1   0   0   0]
 [  4   2   0  23   0   2  28]
 [  0   0   0   0   0   1   0]
 [ 10   2   0   1   0  44  11]
 [  6   4   0  22   0   6  64]]

SVM linear
Classification_report:
             precision    recall  f1-score   support

          B       0.74      0.77      0.75       179
          C       0.44      0.40      0.42        20
          G       0.38      0.31      0.34        36
          M       0.41      0.37      0.39        59
          O       0.00      0.00      0.00         1
          P       0.61      0.60      0.61        68
          R       0.52      0.56      0.54       102

avg / total       0.59      0.60      0.59       465

[[138   1  17   3   0  14   6]
 [  0   8   0   2   0   2   8]
 [ 24   0  11   1   0   0   0]
 [  5   2   0  22   0   3  27]
 [  0   0   0   0   0   1   0]
 [ 12   2   0   1   0  41  12]
 [  8   5   1  25   0   6  57]]

Reading  corpus/output832.json
SVM RBF
Classification_report:
             precision    recall  f1-score   support

          B       0.67      0.77      0.72       256
          C       0.44      0.28      0.34        40
          G       0.58      0.36      0.44        72
          M       0.33      0.27      0.30       104
          O       0.00      0.00      0.00         7
          P       0.67      0.62      0.65       133
          R       0.50      0.59      0.54       219

avg / total       0.56      0.57      0.56       831

[[198   1  15  10   0   6  26]
 [  3  11   0   2   0   4  20]
 [ 34   0  26   0   0   2  10]
 [ 17   1   0  28   0   9  49]
 [  0   0   0   0   0   3   4]
 [ 15   4   2   7   1  83  21]
 [ 27   8   2  37   0  16 129]]

SVM linear
Classification_report:
             precision    recall  f1-score   support

          B       0.58      0.64      0.61       256
          C       0.29      0.30      0.30        40
          G       0.41      0.40      0.41        72
          M       0.39      0.39      0.39       104
          O       0.00      0.00      0.00         7
          P       0.59      0.53      0.56       133
          R       0.48      0.46      0.47       219

avg / total       0.50      0.50      0.50       831

[[164   4  31  12   0  13  32]
 [  6  12   1   3   0   4  14]
 [ 31   4  29   2   0   2   4]
 [ 18   1   2  41   0   6  36]
 [  0   0   0   0   0   4   3]
 [ 25   7   3   5   1  71  21]
 [ 40  13   5  41   0  20 100]]
