Reading  corpus/output366.json
SVM RBF
Classification_report:
             precision    recall  f1-score   support

          B       0.42      0.45      0.44        77
          C       0.33      0.15      0.21        20
          G       0.48      0.36      0.41        36
          M       0.22      0.13      0.17        45
          O       0.00      0.00      0.00         6
          P       0.56      0.58      0.57        65
          R       0.45      0.59      0.51       117

avg / total       0.43      0.45      0.43       366

[[35  0  5  3  0  5 29]
 [ 4  3  0  0  0  2 11]
 [15  2 13  0  0  2  4]
 [ 5  0  2  6  0  8 24]
 [ 0  0  1  1  0  3  1]
 [ 5  2  3  3  0 38 14]
 [19  2  3 14  0 10 69]]

SVM linear
Classification_report:
             precision    recall  f1-score   support

          B       0.35      0.38      0.36        77
          C       0.13      0.20      0.16        20
          G       0.42      0.39      0.41        36
          M       0.20      0.22      0.21        45
          O       0.50      0.17      0.25         6
          P       0.50      0.48      0.49        65
          R       0.45      0.40      0.43       117

avg / total       0.39      0.37      0.38       366

[[29  6 10  6  1  8 17]
 [ 4  4  0  0  0  2 10]
 [15  2 14  0  0  2  3]
 [ 7  0  3 10  0  5 20]
 [ 0  0  0  0  1  4  1]
 [11  6  2  9  0 31  6]
 [18 12  4 26  0 10 47]]

Reading  corpus/output466.json
SVM RBF
Classification_report:
             precision    recall  f1-score   support

          B       0.79      0.88      0.83       179
          C       0.54      0.35      0.42        20
          G       0.58      0.42      0.48        36
          M       0.47      0.46      0.46        59
          O       0.00      0.00      0.00         1
          P       0.74      0.63      0.68        68
          R       0.53      0.57      0.55       102

avg / total       0.65      0.66      0.65       465

[[157   0  11   2   0   4   5]
 [  0   7   0   1   0   0  12]
 [ 21   0  15   0   0   0   0]
 [  3   1   0  27   0   3  25]
 [  0   0   0   0   0   1   0]
 [ 11   1   0   3   0  43  10]
 [  8   4   0  25   0   7  58]]

SVM linear
Classification_report:
             precision    recall  f1-score   support

          B       0.75      0.77      0.76       179
          C       0.33      0.30      0.32        20
          G       0.47      0.44      0.46        36
          M       0.43      0.39      0.41        59
          O       0.00      0.00      0.00         1
          P       0.60      0.60      0.60        68
          R       0.50      0.53      0.51       102

avg / total       0.59      0.60      0.59       465

[[138   1  17   3   0  14   6]
 [  0   6   0   1   0   2  11]
 [ 19   0  16   1   0   0   0]
 [  4   2   0  23   0   4  26]
 [  0   0   0   0   0   1   0]
 [ 14   1   0   1   0  41  11]
 [  9   8   1  24   0   6  54]]

Reading  corpus/output832.json
SVM RBF
Classification_report:
             precision    recall  f1-score   support

          B       0.62      0.72      0.67       256
          C       0.48      0.33      0.39        40
          G       0.42      0.32      0.36        72
          M       0.33      0.27      0.30       104
          O       0.00      0.00      0.00         7
          P       0.68      0.56      0.61       133
          R       0.50      0.58      0.54       219

avg / total       0.53      0.54      0.53       831

[[184   0  26   9   0   7  30]
 [  3  13   0   3   0   3  18]
 [ 38   1  23   1   0   3   6]
 [ 16   0   1  28   0   8  51]
 [  0   0   0   0   0   4   3]
 [ 21   5   3   9   1  75  19]
 [ 34   8   2  35   1  11 128]]

SVM linear
Classification_report:
             precision    recall  f1-score   support

          B       0.58      0.60      0.59       256
          C       0.28      0.35      0.31        40
          G       0.38      0.39      0.39        72
          M       0.35      0.37      0.36       104
          O       0.50      0.29      0.36         7
          P       0.56      0.56      0.56       133
          R       0.51      0.46      0.48       219

avg / total       0.50      0.49      0.50       831

[[154   3  36  19   0  15  29]
 [  4  14   0   1   0  10  11]
 [ 34   2  28   2   0   2   4]
 [ 18   2   2  38   0   6  38]
 [  0   0   0   0   2   4   1]
 [ 24  10   2   8   1  74  14]
 [ 32  19   5  41   1  20 101]]
