Reading  corpus/output366.json
SVM RBF
Classification_report:
             precision    recall  f1-score   support

          B       0.44      0.51      0.47        77
          C       0.18      0.15      0.16        20
          G       0.41      0.33      0.37        36
          M       0.28      0.24      0.26        45
          O       0.67      0.33      0.44         6
          P       0.55      0.55      0.55        65
          R       0.51      0.55      0.53       117

avg / total       0.45      0.46      0.45       366

[[39  1 10  4  0  5 18]
 [ 5  3  0  0  0  2 10]
 [15  3 12  1  0  2  3]
 [ 5  0  1 11  0  7 21]
 [ 0  0  0  0  2  3  1]
 [ 8  3  2  7  1 36  8]
 [16  7  4 16  0 10 64]]

SVM linear
Classification_report:
             precision    recall  f1-score   support

          B       0.41      0.40      0.41        77
          C       0.16      0.25      0.19        20
          G       0.35      0.31      0.33        36
          M       0.34      0.33      0.34        45
          O       0.50      0.33      0.40         6
          P       0.55      0.55      0.55        65
          R       0.52      0.50      0.51       117

avg / total       0.44      0.43      0.44       366

[[31  9 10  5  1  5 16]
 [ 4  5  1  0  0  2  8]
 [14  4 11  1  0  1  5]
 [ 5  0  3 15  0  5 17]
 [ 0  0  0  0  2  3  1]
 [ 9  4  3  4  1 36  8]
 [13 10  3 19  0 13 59]]

Reading  corpus/output466.json
SVM RBF
Classification_report:
             precision    recall  f1-score   support

          B       0.80      0.85      0.82       179
          C       0.64      0.45      0.53        20
          G       0.50      0.42      0.45        36
          M       0.44      0.37      0.40        59
          O       0.00      0.00      0.00         1
          P       0.72      0.63      0.67        68
          R       0.51      0.60      0.55       102

avg / total       0.64      0.65      0.64       465

[[152   0  15   1   0   4   7]
 [  0   9   0   0   0   0  11]
 [ 21   0  15   0   0   0   0]
 [  2   0   0  22   0   3  32]
 [  0   0   0   0   0   1   0]
 [  9   1   0   6   0  43   9]
 [  7   4   0  21   0   9  61]]

SVM linear
Classification_report:
             precision    recall  f1-score   support

          B       0.76      0.80      0.78       179
          C       0.47      0.35      0.40        20
          G       0.45      0.39      0.42        36
          M       0.42      0.39      0.40        59
          O       0.00      0.00      0.00         1
          P       0.57      0.57      0.57        68
          R       0.47      0.50      0.49       102

avg / total       0.59      0.60      0.59       465

[[143   0  16   1   0  12   7]
 [  0   7   0   1   0   1  11]
 [ 22   0  14   0   0   0   0]
 [  2   0   0  23   0   4  30]
 [  0   0   0   0   0   1   0]
 [ 14   1   0   5   0  39   9]
 [  7   7   1  25   0  11  51]]

Reading  corpus/output832.json
SVM RBF
Classification_report:
             precision    recall  f1-score   support

          B       0.62      0.70      0.65       256
          C       0.34      0.28      0.31        40
          G       0.40      0.36      0.38        72
          M       0.36      0.29      0.32       104
          O       0.67      0.29      0.40         7
          P       0.64      0.59      0.62       133
          R       0.51      0.56      0.54       219

avg / total       0.53      0.54      0.53       831

[[178   1  31   7   0  12  27]
 [  7  11   0   1   0   4  17]
 [ 35   2  26   2   0   0   7]
 [ 18   0   2  30   0   9  45]
 [  0   1   0   0   2   2   2]
 [ 20   5   2   9   1  79  17]
 [ 30  12   4  34   0  17 122]]

SVM linear
Classification_report:
             precision    recall  f1-score   support

          B       0.58      0.64      0.61       256
          C       0.20      0.30      0.24        40
          G       0.40      0.35      0.37        72
          M       0.30      0.31      0.30       104
          O       1.00      0.43      0.60         7
          P       0.54      0.52      0.53       133
          R       0.46      0.39      0.43       219

avg / total       0.48      0.47      0.47       831

[[165   4  29  13   0  21  24]
 [  9  12   1   2   0   3  13]
 [ 37   4  25   1   0   0   5]
 [ 13   2   2  32   0  13  42]
 [  0   1   0   0   3   2   1]
 [ 24  12   2  12   0  69  14]
 [ 37  25   4  47   0  20  86]]

