Reading  corpus/output366.json
SVM RBF
Classification_report:
             precision    recall  f1-score   support

          B       0.47      0.47      0.47        77
          C       0.00      0.00      0.00        20
          G       0.34      0.28      0.31        36
          M       0.22      0.11      0.15        45
          O       1.00      0.17      0.29         6
          P       0.44      0.46      0.45        65
          R       0.45      0.64      0.53       117

avg / total       0.40      0.43      0.40       366

[[36  0 10  3  0  6 22]
 [ 5  0  0  0  0  3 12]
 [13  0 10  0  0  4  9]
 [ 1  0  3  5  0 11 25]
 [ 0  0  0  0  1  2  3]
 [ 7  0  3  4  0 30 21]
 [15  1  3 11  0 12 75]]

SVM linear
Classification_report:
             precision    recall  f1-score   support

          B       0.35      0.39      0.37        77
          C       0.12      0.25      0.16        20
          G       0.32      0.31      0.31        36
          M       0.18      0.22      0.20        45
          O       1.00      0.33      0.50         6
          P       0.39      0.28      0.32        65
          R       0.47      0.41      0.44       117

avg / total       0.37      0.34      0.35       366

[[30 11  9  7  0  7 13]
 [ 5  5  0  1  0  2  7]
 [14  4 11  1  0  1  5]
 [ 5  1  1 10  0 10 18]
 [ 0  1  0  2  2  0  1]
 [13  7  7  9  0 18 11]
 [18 12  6 25  0  8 48]]

Reading  corpus/output466.json
SVM RBF
Classification_report:
             precision    recall  f1-score   support

          B       0.77      0.87      0.81       179
          C       0.33      0.15      0.21        20
          G       0.45      0.25      0.32        36
          M       0.39      0.32      0.35        59
          O       0.00      0.00      0.00         1
          P       0.73      0.63      0.68        68
          R       0.49      0.61      0.54       102

avg / total       0.61      0.63      0.61       465

[[155   1   8   2   0   6   7]
 [  0   3   0   0   0   1  16]
 [ 26   0   9   0   0   1   0]
 [  3   0   0  19   0   2  35]
 [  0   0   0   0   0   1   0]
 [ 12   1   2   4   0  43   6]
 [  6   4   1  24   0   5  62]]

SVM linear
Classification_report:
             precision    recall  f1-score   support

          B       0.70      0.74      0.72       179
          C       0.38      0.45      0.41        20
          G       0.25      0.28      0.26        36
          M       0.46      0.41      0.43        59
          O       0.00      0.00      0.00         1
          P       0.54      0.54      0.54        68
          R       0.47      0.41      0.44       102

avg / total       0.54      0.55      0.55       465

[[133   1  26   1   0  11   7]
 [  1   9   0   0   0   2   8]
 [ 23   0  10   1   0   2   0]
 [  4   0   0  24   0   3  28]
 [  0   0   0   0   0   1   0]
 [ 19   1   4   2   0  37   5]
 [ 11  13   0  24   0  12  42]]

Reading  corpus/output832.json
SVM RBF
Classification_report:
             precision    recall  f1-score   support

          B       0.66      0.78      0.71       256
          C       0.30      0.15      0.20        40
          G       0.37      0.19      0.25        72
          M       0.30      0.16      0.21       104
          O       0.00      0.00      0.00         7
          P       0.60      0.58      0.59       133
          R       0.49      0.64      0.56       219

avg / total       0.51      0.55      0.52       831

[[199   3  16   6   0   9  23]
 [  5   6   0   0   0   5  24]
 [ 42   0  14   0   0   6  10]
 [ 13   0   2  17   0  10  62]
 [  0   0   0   1   0   4   2]
 [ 17   6   3   6   1  77  23]
 [ 27   5   3  26   0  17 141]]

SVM linear
Classification_report:
             precision    recall  f1-score   support

          B       0.55      0.66      0.60       256
          C       0.24      0.28      0.26        40
          G       0.32      0.24      0.27        72
          M       0.22      0.17      0.19       104
          O       1.00      0.43      0.60         7
          P       0.45      0.42      0.44       133
          R       0.48      0.48      0.48       219

avg / total       0.44      0.46      0.45       831

[[168   8  22  16   0  20  22]
 [  6  11   0   0   0   9  14]
 [ 39   3  17   5   0   2   6]
 [ 18   1   1  18   0  17  49]
 [  0   0   0   1   3   1   2]
 [ 37   7   5   6   0  56  22]
 [ 35  15   8  36   0  19 106]]

