Reading  corpus/output366.json
SVM RBF
Classification_report:
             precision    recall  f1-score   support

          B       0.46      0.47      0.46        77
          C       0.33      0.20      0.25        20
          G       0.48      0.36      0.41        36
          M       0.25      0.18      0.21        45
          O       0.00      0.00      0.00         6
          P       0.51      0.57      0.54        65
          R       0.48      0.59      0.53       117

avg / total       0.44      0.46      0.44       366

[[36  0  7  3  0  6 25]
 [ 3  4  0  0  0  3 10]
 [12  2 13  0  0  5  4]
 [ 6  0  2  8  0  6 23]
 [ 0  0  0  0  0  5  1]
 [ 6  3  2  5  1 37 11]
 [16  3  3 16  0 10 69]]

SVM linear
Classification_report:
             precision    recall  f1-score   support

          B       0.38      0.36      0.37        77
          C       0.22      0.30      0.26        20
          G       0.39      0.36      0.38        36
          M       0.28      0.33      0.31        45
          O       1.00      0.17      0.29         6
          P       0.51      0.52      0.52        65
          R       0.51      0.49      0.50       117

avg / total       0.44      0.42      0.42       366

[[28  8 12  5  0  7 17]
 [ 3  6  0  0  0  2  9]
 [14  2 13  0  0  2  5]
 [ 5  0  3 15  0  6 16]
 [ 0  0  0  0  1  4  1]
 [10  4  2  8  0 34  7]
 [13  7  3 25  0 12 57]]

Reading  corpus/output466.json
SVM RBF
Classification_report:
             precision    recall  f1-score   support

          B       0.77      0.85      0.81       179
          C       0.58      0.35      0.44        20
          G       0.52      0.39      0.44        36
          M       0.46      0.42      0.44        59
          O       0.00      0.00      0.00         1
          P       0.73      0.63      0.68        68
          R       0.51      0.57      0.54       102

avg / total       0.64      0.65      0.64       465

[[153   0  13   1   0   6   6]
 [  0   7   0   1   0   0  12]
 [ 21   0  14   1   0   0   0]
 [  3   0   0  25   0   3  28]
 [  0   0   0   0   0   1   0]
 [ 13   1   0   2   0  43   9]
 [ 10   4   0  24   0   6  58]]

SVM linear
Classification_report:
             precision    recall  f1-score   support

          B       0.74      0.76      0.75       179
          C       0.41      0.35      0.38        20
          G       0.43      0.44      0.44        36
          M       0.38      0.36      0.37        59
          O       0.00      0.00      0.00         1
          P       0.57      0.57      0.57        68
          R       0.45      0.45      0.45       102

avg / total       0.57      0.57      0.57       465

[[136   1  20   2   0  12   8]
 [  0   7   0   1   0   1  11]
 [ 18   0  16   1   0   1   0]
 [  3   1   0  21   0   4  30]
 [  0   0   0   0   0   1   0]
 [ 17   2   0   2   0  39   8]
 [  9   6   1  29   0  11  46]]

Reading  corpus/output832.json
SVM RBF
Classification_report:
             precision    recall  f1-score   support

          B       0.65      0.77      0.71       256
          C       0.35      0.30      0.32        40
          G       0.52      0.42      0.46        72
          M       0.34      0.23      0.28       104
          O       0.33      0.14      0.20         7
          P       0.69      0.61      0.65       133
          R       0.49      0.56      0.52       219

avg / total       0.55      0.56      0.55       831

[[197   1  21   5   0   5  27]
 [  6  12   0   1   0   4  17]
 [ 36   2  30   1   0   0   3]
 [ 16   0   0  24   0   8  56]
 [  0   0   0   0   1   4   2]
 [ 18   6   3   4   1  81  20]
 [ 29  13   4  35   1  15 122]]

SVM linear
Classification_report:
             precision    recall  f1-score   support

          B       0.50      0.54      0.52       256
          C       0.21      0.30      0.25        40
          G       0.35      0.36      0.35        72
          M       0.32      0.32      0.32       104
          O       0.67      0.29      0.40         7
          P       0.56      0.55      0.56       133
          R       0.46      0.39      0.42       219

avg / total       0.45      0.45      0.45       831

[[138   6  40  14   0  17  41]
 [  5  12   0   2   0   7  14]
 [ 36   3  26   3   0   0   4]
 [ 27   2   1  33   0  11  30]
 [  0   0   0   0   2   5   0]
 [ 29   7   3   7   1  73  13]
 [ 41  26   5  44   0  17  86]]

