Reading  corpus/output366.json
SVM RBF
Classification_report:
             precision    recall  f1-score   support

          B       0.44      0.49      0.46        77
          C       0.32      0.30      0.31        20
          G       0.46      0.36      0.41        36
          M       0.35      0.38      0.36        45
          O       0.67      0.33      0.44         6
          P       0.56      0.48      0.52        65
          R       0.50      0.53      0.51       117

avg / total       0.47      0.46      0.46       366

[[38  0  8  5  0  5 21]
 [ 2  6  0  0  0  2 10]
 [16  2 13  0  0  0  5]
 [ 6  0  2 17  0  4 16]
 [ 0  0  0  0  2  3  1]
 [ 7  4  4  8  1 31 10]
 [18  7  1 19  0 10 62]]

SVM linear
Classification_report:
             precision    recall  f1-score   support

          B       0.41      0.48      0.44        77
          C       0.23      0.30      0.26        20
          G       0.43      0.36      0.39        36
          M       0.28      0.33      0.30        45
          O       0.67      0.33      0.44         6
          P       0.56      0.45      0.50        65
          R       0.50      0.47      0.48       117

avg / total       0.44      0.43      0.43       366

[[37  3 10  6  0  3 18]
 [ 5  6  0  1  0  1  7]
 [16  2 13  0  0  0  5]
 [ 7  0  2 15  0  6 15]
 [ 0  0  0  0  2  3  1]
 [ 6  5  4 10  1 29 10]
 [19 10  1 22  0 10 55]]

Reading  corpus/output466.json
SVM RBF
Classification_report:
             precision    recall  f1-score   support

          B       0.72      0.78      0.75       179
          C       0.43      0.30      0.35        20
          G       0.36      0.28      0.31        36
          M       0.38      0.34      0.36        59
          O       0.00      0.00      0.00         1
          P       0.57      0.60      0.59        68
          R       0.48      0.48      0.48       102

avg / total       0.56      0.57      0.56       465

[[140   0  17   3   0  13   6]
 [  0   6   0   2   0   1  11]
 [ 26   0  10   0   0   0   0]
 [  6   0   0  20   0   5  28]
 [  0   0   0   0   0   1   0]
 [ 13   1   1   3   0  41   9]
 [ 10   7   0  25   0  11  49]]

SVM linear
Classification_report:
             precision    recall  f1-score   support

          B       0.73      0.73      0.73       179
          C       0.44      0.35      0.39        20
          G       0.38      0.33      0.35        36
          M       0.39      0.37      0.38        59
          O       0.00      0.00      0.00         1
          P       0.58      0.62      0.60        68
          R       0.47      0.50      0.48       102

avg / total       0.57      0.57      0.57       465

[[131   0  19   3   0  15  11]
 [  0   7   0   1   0   1  11]
 [ 24   0  12   0   0   0   0]
 [  5   0   0  22   0   5  27]
 [  0   0   0   0   0   1   0]
 [ 11   1   1   4   0  42   9]
 [  9   8   0  26   0   8  51]]

Reading  corpus/output832.json
SVM RBF
Classification_report:
             precision    recall  f1-score   support

          B       0.58      0.62      0.60       256
          C       0.31      0.28      0.29        40
          G       0.36      0.33      0.35        72
          M       0.35      0.32      0.34       104
          O       0.33      0.14      0.20         7
          P       0.58      0.58      0.58       133
          R       0.47      0.49      0.48       219

avg / total       0.49      0.50      0.49       831

[[159   1  34  15   0  12  35]
 [  6  11   0   1   0   7  15]
 [ 39   2  24   1   0   1   5]
 [ 13   2   2  33   0  11  43]
 [  0   0   0   0   1   5   1]
 [ 23   4   2   7   0  77  20]
 [ 35  16   4  36   2  19 107]]

SVM linear
Classification_report:
             precision    recall  f1-score   support

          B       0.58      0.64      0.61       256
          C       0.31      0.35      0.33        40
          G       0.38      0.36      0.37        72
          M       0.41      0.41      0.41       104
          O       0.40      0.29      0.33         7
          P       0.58      0.54      0.56       133
          R       0.50      0.45      0.47       219

avg / total       0.50      0.50      0.50       831

[[163   3  33  16   0  13  28]
 [  7  14   1   1   0   6  11]
 [ 36   2  26   1   0   1   6]
 [ 11   3   2  43   0   7  38]
 [  0   0   0   0   2   4   1]
 [ 24   9   3   8   1  72  16]
 [ 41  14   4  37   2  22  99]]

