Reading  corpus/output366.json
SVM RBF
Classification_report:
             precision    recall  f1-score   support

          B       0.43      0.43      0.43        77
          C       0.00      0.00      0.00        20
          G       0.46      0.36      0.41        36
          M       0.23      0.16      0.19        45
          O       0.00      0.00      0.00         6
          P       0.44      0.42      0.43        65
          R       0.45      0.63      0.53       117

avg / total       0.39      0.42      0.40       366

[[33  1  9  3  0  6 25]
 [ 5  0  0  0  0  3 12]
 [12  1 13  0  0  5  5]
 [ 3  1  1  7  0  9 24]
 [ 0  0  0  0  0  3  3]
 [ 7  1  4  5  0 27 21]
 [16  2  1 15  0  9 74]]

SVM linear
Classification_report:
             precision    recall  f1-score   support

          B       0.39      0.43      0.41        77
          C       0.03      0.05      0.04        20
          G       0.27      0.28      0.27        36
          M       0.17      0.20      0.19        45
          O       0.12      0.17      0.14         6
          P       0.37      0.34      0.35        65
          R       0.51      0.39      0.44       117

avg / total       0.36      0.33      0.34       366

[[33 10  8  4  2  6 14]
 [ 5  1  2  0  0  5  7]
 [13  5 10  2  0  3  3]
 [ 7  0  5  9  1  9 14]
 [ 0  0  0  0  1  4  1]
 [ 9  7  6 12  3 22  6]
 [17 12  6 25  1 10 46]]

Reading  corpus/output466.json
SVM RBF
Classification_report:
             precision    recall  f1-score   support

          B       0.76      0.87      0.81       179
          C       0.50      0.45      0.47        20
          G       0.48      0.28      0.35        36
          M       0.35      0.29      0.32        59
          O       0.00      0.00      0.00         1
          P       0.67      0.56      0.61        68
          R       0.49      0.56      0.52       102

avg / total       0.60      0.62      0.60       465

[[155   1   9   2   0   5   7]
 [  0   9   0   0   0   1  10]
 [ 24   0  10   0   0   2   0]
 [  4   0   0  17   0   3  35]
 [  0   0   0   0   0   1   0]
 [ 14   1   1   7   0  38   7]
 [  8   7   1  22   0   7  57]]

SVM linear
Classification_report:
             precision    recall  f1-score   support

          B       0.66      0.67      0.66       179
          C       0.48      0.60      0.53        20
          G       0.28      0.33      0.30        36
          M       0.32      0.31      0.31        59
          O       0.00      0.00      0.00         1
          P       0.51      0.47      0.49        68
          R       0.42      0.39      0.40       102

avg / total       0.50      0.50      0.50       465

[[120   1  28   0   0  15  15]
 [  0  12   0   1   0   0   7]
 [ 20   0  12   1   0   2   1]
 [ 10   1   0  18   0   3  27]
 [  0   0   0   0   0   1   0]
 [ 20   1   2   7   0  32   6]
 [ 12  10   1  29   0  10  40]]

Reading  corpus/output832.json
SVM RBF
Classification_report:
             precision    recall  f1-score   support

          B       0.66      0.76      0.70       256
          C       0.30      0.20      0.24        40
          G       0.33      0.22      0.26        72
          M       0.37      0.20      0.26       104
          O       0.00      0.00      0.00         7
          P       0.59      0.53      0.56       133
          R       0.51      0.66      0.58       219

avg / total       0.52      0.55      0.53       831

[[194   3  21   7   0  10  21]
 [  3   8   0   0   0   4  25]
 [ 38   2  16   2   0   8   6]
 [ 13   0   1  21   0  11  58]
 [  0   0   0   1   0   3   3]
 [ 21   4   6   6   0  71  25]
 [ 26  10   5  20   0  13 145]]

SVM linear
Classification_report:
             precision    recall  f1-score   support

          B       0.57      0.70      0.63       256
          C       0.19      0.25      0.22        40
          G       0.28      0.21      0.24        72
          M       0.23      0.20      0.22       104
          O       0.60      0.43      0.50         7
          P       0.43      0.40      0.41       133
          R       0.47      0.42      0.44       219

avg / total       0.44      0.45      0.44       831

[[178  10  19  14   0  19  16]
 [  6  10   1   1   0   4  18]
 [ 41   4  15   2   0   6   4]
 [ 19   0   4  21   1  15  44]
 [  0   1   0   1   3   2   0]
 [ 29   8   7  14   1  53  21]
 [ 37  20   8  38   0  25  91]]

