Reading  corpus/output366.json
SVM RBF
Classification_report:
             precision    recall  f1-score   support

          B       0.43      0.44      0.44        77
          C       0.15      0.20      0.17        20
          G       0.41      0.36      0.38        36
          M       0.31      0.27      0.29        45
          O       0.67      0.33      0.44         6
          P       0.53      0.58      0.55        65
          R       0.52      0.51      0.52       117

avg / total       0.45      0.45      0.45       366

[[34  5 11  3  0  8 16]
 [ 4  4  1  0  0  3  8]
 [14  3 13  0  0  2  4]
 [ 4  0  3 12  0  7 19]
 [ 0  0  0  0  2  3  1]
 [10  2  2  5  1 38  7]
 [13 12  2 19  0 11 60]]

SVM linear
Classification_report:
             precision    recall  f1-score   support

          B       0.41      0.42      0.41        77
          C       0.16      0.20      0.18        20
          G       0.38      0.36      0.37        36
          M       0.32      0.29      0.30        45
          O       0.67      0.33      0.44         6
          P       0.51      0.55      0.53        65
          R       0.52      0.50      0.51       117

avg / total       0.44      0.43      0.43       366

[[32  6 11  4  0  6 18]
 [ 2  4  1  0  0  3 10]
 [15  2 13  0  0  3  3]
 [ 4  0  3 13  0  7 18]
 [ 0  0  0  0  2  3  1]
 [13  3  3  4  1 36  5]
 [12 10  3 20  0 13 59]]

Reading  corpus/output466.json
SVM RBF
Classification_report:
             precision    recall  f1-score   support

          B       0.78      0.80      0.79       179
          C       0.47      0.40      0.43        20
          G       0.45      0.50      0.47        36
          M       0.46      0.41      0.43        59
          O       0.00      0.00      0.00         1
          P       0.68      0.57      0.62        68
          R       0.51      0.57      0.54       102

avg / total       0.62      0.63      0.62       465

[[144   0  21   1   0   6   7]
 [  0   8   0   0   0   0  12]
 [ 18   0  18   0   0   0   0]
 [  2   1   0  24   0   4  28]
 [  1   0   0   0   0   0   0]
 [ 14   1   0   5   0  39   9]
 [  6   7   1  22   0   8  58]]

SVM linear
Classification_report:
             precision    recall  f1-score   support

          B       0.75      0.80      0.78       179
          C       0.41      0.35      0.38        20
          G       0.41      0.39      0.40        36
          M       0.45      0.42      0.44        59
          O       0.00      0.00      0.00         1
          P       0.64      0.57      0.60        68
          R       0.53      0.56      0.55       102

avg / total       0.61      0.62      0.61       465

[[144   0  19   2   0   9   5]
 [  0   7   0   1   0   2  10]
 [ 21   0  14   0   0   1   0]
 [  2   1   0  25   0   5  26]
 [  1   0   0   0   0   0   0]
 [ 16   1   0   3   0  39   9]
 [  7   8   1  24   0   5  57]]

Reading  corpus/output832.json
SVM RBF
Classification_report:
             precision    recall  f1-score   support

          B       0.63      0.73      0.68       256
          C       0.35      0.33      0.34        40
          G       0.44      0.39      0.41        72
          M       0.39      0.32      0.35       104
          O       0.00      0.00      0.00         7
          P       0.65      0.65      0.65       133
          R       0.54      0.53      0.53       219

avg / total       0.54      0.56      0.55       831

[[188   1  26   8   0  10  23]
 [  8  13   1   1   0   4  13]
 [ 37   2  28   1   0   1   3]
 [ 18   2   3  33   0   9  39]
 [  0   1   0   0   0   4   2]
 [ 17   4   2   5   0  86  19]
 [ 32  14   4  36   0  18 115]]

SVM linear
Classification_report:
             precision    recall  f1-score   support

          B       0.59      0.64      0.62       256
          C       0.22      0.28      0.24        40
          G       0.42      0.38      0.40        72
          M       0.42      0.41      0.42       104
          O       0.00      0.00      0.00         7
          P       0.56      0.57      0.57       133
          R       0.52      0.48      0.50       219

avg / total       0.51      0.51      0.51       831

[[163   5  30  10   0  20  28]
 [  7  11   0   3   0   4  15]
 [ 35   5  27   2   0   1   2]
 [ 12   2   3  43   0  10  34]
 [  0   1   0   0   0   5   1]
 [ 25   7   1   5   1  76  18]
 [ 32  19   3  40   0  20 105]]

