Reading  corpus/output366.json
SVM RBF
Classification_report:
             precision    recall  f1-score   support

          B       0.43      0.47      0.45        77
          C       0.24      0.25      0.24        20
          G       0.46      0.36      0.41        36
          M       0.30      0.36      0.33        45
          O       0.67      0.33      0.44         6
          P       0.54      0.46      0.50        65
          R       0.49      0.50      0.50       117

avg / total       0.45      0.44      0.44       366

[[36  2  8  5  0  4 22]
 [ 2  5  0  0  0  3 10]
 [15  2 13  1  0  0  5]
 [ 8  0  1 16  0  6 14]
 [ 0  0  0  0  2  3  1]
 [ 7  5  4  8  1 30 10]
 [16  7  2 23  0 10 59]]

SVM linear
Classification_report:
             precision    recall  f1-score   support

          B       0.40      0.45      0.42        77
          C       0.21      0.25      0.23        20
          G       0.47      0.39      0.42        36
          M       0.30      0.36      0.32        45
          O       0.67      0.33      0.44         6
          P       0.52      0.45      0.48        65
          R       0.48      0.45      0.46       117

avg / total       0.43      0.42      0.42       366

[[35  4  9  5  0  4 20]
 [ 4  5  0  1  0  2  8]
 [16  2 14  0  0  0  4]
 [ 7  0  1 16  0  6 15]
 [ 0  0  0  0  2  3  1]
 [ 9  5  4  7  1 29 10]
 [17  8  2 25  0 12 53]]

Reading  corpus/output466.json
SVM RBF
Classification_report:
             precision    recall  f1-score   support

          B       0.71      0.76      0.73       179
          C       0.43      0.30      0.35        20
          G       0.39      0.33      0.36        36
          M       0.40      0.36      0.38        59
          O       0.00      0.00      0.00         1
          P       0.58      0.60      0.59        68
          R       0.48      0.49      0.49       102

avg / total       0.56      0.57      0.57       465

[[136   0  19   2   0  13   9]
 [  0   6   0   1   0   2  11]
 [ 24   0  12   0   0   0   0]
 [  7   0   0  21   0   5  26]
 [  0   0   0   0   0   1   0]
 [ 15   1   0   3   0  41   8]
 [ 10   7   0  26   0   9  50]]

SVM linear
Classification_report:
             precision    recall  f1-score   support

          B       0.72      0.72      0.72       179
          C       0.38      0.30      0.33        20
          G       0.38      0.36      0.37        36
          M       0.44      0.41      0.42        59
          O       0.00      0.00      0.00         1
          P       0.57      0.63      0.60        68
          R       0.48      0.51      0.50       102

avg / total       0.57      0.57      0.57       465

[[128   0  20   3   0  17  11]
 [  0   6   0   1   0   2  11]
 [ 23   0  13   0   0   0   0]
 [  4   0   0  24   0   5  26]
 [  0   0   0   0   0   1   0]
 [ 13   1   1   2   0  43   8]
 [  9   9   0  25   0   7  52]]

Reading  corpus/output832.json
SVM RBF
Classification_report:
             precision    recall  f1-score   support

          B       0.58      0.65      0.62       256
          C       0.33      0.28      0.30        40
          G       0.33      0.29      0.31        72
          M       0.38      0.38      0.38       104
          O       0.50      0.29      0.36         7
          P       0.59      0.55      0.57       133
          R       0.49      0.48      0.49       219

avg / total       0.50      0.50      0.50       831

[[167   3  33  14   0  11  28]
 [  5  11   0   1   0   8  15]
 [ 41   2  21   2   0   1   5]
 [ 14   1   2  39   0   7  41]
 [  0   0   0   0   2   4   1]
 [ 24   5   3   8   0  73  20]
 [ 36  11   5  39   2  20 106]]

SVM linear
Classification_report:
             precision    recall  f1-score   support

          B       0.59      0.66      0.62       256
          C       0.30      0.35      0.33        40
          G       0.36      0.33      0.35        72
          M       0.40      0.41      0.41       104
          O       0.25      0.14      0.18         7
          P       0.58      0.54      0.56       133
          R       0.51      0.46      0.48       219

avg / total       0.51      0.51      0.51       831

[[169   5  32  13   0  12  25]
 [  4  14   2   1   0   6  13]
 [ 36   2  24   3   0   2   5]
 [ 16   3   1  43   0   6  35]
 [  0   0   0   0   1   4   2]
 [ 23   8   3   9   1  72  17]
 [ 37  14   5  38   2  22 101]]

