SVM RBF
Classification_report:
             precision    recall  f1-score   support

          B       0.00      0.00      0.00        77
          C       0.00      0.00      0.00        20
          G       0.00      0.00      0.00        36
          M       0.00      0.00      0.00        45
          O       0.00      0.00      0.00         6
          P       0.00      0.00      0.00        65
          R       0.31      0.96      0.47       117

avg / total       0.10      0.31      0.15       366

[[  0   0   0   0   0   0  77]
 [  2   0   0   0   0   0  18]
 [  0   0   0   0   0   0  36]
 [  1   0   0   0   0   0  44]
 [  0   0   0   0   0   0   6]
 [  1   0   0   0   0   0  64]
 [  5   0   0   0   0   0 112]]

SVM linear
Classification_report:
             precision    recall  f1-score   support

          B       0.42      0.40      0.41        77
          C       0.20      0.20      0.20        20
          G       0.39      0.36      0.38        36
          M       0.24      0.22      0.23        45
          O       0.50      0.33      0.40         6
          P       0.49      0.52      0.50        65
          R       0.50      0.53      0.51       117

avg / total       0.42      0.43      0.42       366

[[31  5 12  4  1  6 18]
 [ 2  4  0  0  0  4 10]
 [13  1 13  0  0  3  6]
 [ 6  1  2 10  0  6 20]
 [ 0  0  0  0  2  3  1]
 [ 8  4  3  8  1 34  7]
 [13  5  3 20  0 14 62]]

KNN
Classification_report:
             precision    recall  f1-score   support

          B       0.33      0.53      0.41        77
          C       0.09      0.20      0.12        20
          G       0.22      0.19      0.21        36
          M       0.20      0.07      0.10        45
          O       0.00      0.00      0.00         6
          P       0.37      0.40      0.38        65
          R       0.46      0.31      0.37       117

avg / total       0.33      0.32      0.31       366

[[41  3  9  2  0  9 13]
 [ 2  4  2  1  0  5  6]
 [14  3  7  1  0  6  5]
 [18  5  2  3  0  6 11]
 [ 1  1  1  0  0  2  1]
 [13 14  2  4  0 26  6]
 [34 16  9  4  1 17 36]]

NB
Classification_report:
             precision    recall  f1-score   support

          B       0.45      0.31      0.37        77
          C       0.12      0.10      0.11        20
          G       0.31      0.31      0.31        36
          M       0.28      0.29      0.29        45
          O       0.00      0.00      0.00         6
          P       0.48      0.65      0.55        65
          R       0.43      0.47      0.45       117

avg / total       0.39      0.40      0.39       366

[[24  3 13  8  0  9 20]
 [ 1  2  1  0  0  5 11]
 [ 9  3 11  0  0  4  9]
 [ 1  0  2 13  0  8 21]
 [ 0  0  0  0  0  1  5]
 [ 1  3  4  8  0 42  7]
 [17  6  4 17  0 18 55]]

DT
Classification_report:
             precision    recall  f1-score   support

          B       0.26      0.31      0.29        77
          C       0.08      0.10      0.09        20
          G       0.19      0.22      0.21        36
          M       0.10      0.11      0.11        45
          O       1.00      0.17      0.29         6
          P       0.30      0.25      0.27        65
          R       0.43      0.38      0.41       117

avg / total       0.30      0.28      0.28       366

[[24  3 10 11  0 10 19]
 [ 6  2  2  2  0  0  8]
 [ 9  2  8  5  0  5  7]
 [13  4  2  5  0  7 14]
 [ 1  1  0  0  1  2  1]
 [19  3  6 10  0 16 11]
 [19  9 14 16  0 14 45]]

CRF
Classification_report:
             precision    recall  f1-score   support

          B       0.58      0.51      0.54        77
          C       0.47      0.35      0.40        20
          G       0.31      0.22      0.26        36
          M       0.17      0.11      0.14        45
          O       0.00      0.00      0.00         6
          P       0.60      0.49      0.54        65
          R       0.50      0.71      0.58       117

avg / total       0.47      0.48      0.46       366

CRF 2.0
Classification_report:
             precision    recall  f1-score   support

          B       0.79      0.71      0.75        77
          C       0.28      0.25      0.26        20
          G       0.65      0.56      0.60        36
          M       0.39      0.24      0.30        45
          O       0.00      0.00      0.00         6
          P       0.69      0.62      0.65        65
          R       0.55      0.74      0.64       117

avg / total       0.59      0.60      0.59       366


SVM RBF
Classification_report:
             precision    recall  f1-score   support

          B       0.55      0.96      0.70       179
          C       0.00      0.00      0.00        20
          G       0.00      0.00      0.00        36
          M       0.00      0.00      0.00        59
          O       0.00      0.00      0.00         1
          P       0.00      0.00      0.00        68
          R       0.53      0.78      0.63       102

avg / total       0.33      0.54      0.41       465

[[172   0   0   0   0   0   7]
 [  1   0   0   0   0   0  19]
 [ 36   0   0   0   0   0   0]
 [ 20   0   0   0   0   0  39]
 [  1   0   0   0   0   0   0]
 [ 62   0   0   0   0   0   6]
 [ 22   0   0   0   0   0  80]]

SVM linear
Classification_report:
             precision    recall  f1-score   support

          B       0.73      0.79      0.76       179
          C       0.38      0.25      0.30        20
          G       0.36      0.25      0.30        36
          M       0.47      0.39      0.43        59
          O       0.00      0.00      0.00         1
          P       0.60      0.57      0.59        68
          R       0.50      0.59      0.54       102

avg / total       0.58      0.60      0.59       465

[[141   0  16   1   0  13   8]
 [  0   5   0   1   0   1  13]
 [ 26   0   9   0   0   1   0]
 [  3   0   0  23   0   4  29]
 [  0   0   0   0   0   1   0]
 [ 17   1   0   1   0  39  10]
 [  6   7   0  23   0   6  60]]

KNN
Classification_report:
             precision    recall  f1-score   support

          B       0.76      0.87      0.81       179
          C       0.20      0.15      0.17        20
          G       0.50      0.42      0.45        36
          M       0.32      0.25      0.28        59
          O       0.00      0.00      0.00         1
          P       0.73      0.60      0.66        68
          R       0.48      0.53      0.50       102

avg / total       0.59      0.61      0.60       465

[[156   1  11   1   0   4   6]
 [  1   3   0   1   0   1  14]
 [ 19   0  15   0   0   2   0]
 [  8   1   0  15   0   3  32]
 [  0   0   0   0   0   1   0]
 [ 14   1   1   5   0  41   6]
 [  7   9   3  25   0   4  54]]

NB
Classification_report:
             precision    recall  f1-score   support

          B       0.56      0.61      0.58       179
          C       0.07      0.05      0.06        20
          G       0.20      0.31      0.24        36
          M       0.32      0.34      0.33        59
          O       0.00      0.00      0.00         1
          P       0.44      0.51      0.47        68
          R       0.38      0.23      0.28       102

avg / total       0.42      0.43      0.42       465

[[109   1  31  12   0  14  12]
 [  7   1   0   1   0   7   4]
 [ 21   1  11   2   0   0   1]
 [ 18   1   1  20   0   6  13]
 [  0   0   0   0   0   0   1]
 [ 11   3   7   6   0  35   6]
 [ 29   7   4  21   0  18  23]]

DT
Classification_report:
             precision    recall  f1-score   support

          B       0.71      0.72      0.71       179
          C       0.23      0.25      0.24        20
          G       0.47      0.50      0.49        36
          M       0.30      0.36      0.32        59
          O       0.00      0.00      0.00         1
          P       0.57      0.59      0.58        68
          R       0.46      0.38      0.42       102

avg / total       0.54      0.54      0.54       465

[[128   2  20   4   0  16   9]
 [  1   5   0   1   0   3  10]
 [ 18   0  18   0   0   0   0]
 [ 10   6   0  21   0   3  19]
 [  0   0   0   0   0   1   0]
 [ 14   1   0   6   0  40   7]
 [  9   8   0  39   0   7  39]]

CRF
Classification_report:
             precision    recall  f1-score   support

          B       0.84      0.93      0.88       179
          C       0.31      0.20      0.24        20
          G       0.79      0.53      0.63        36
          M       0.45      0.41      0.43        59
          O       0.00      0.00      0.00         1
          P       0.81      0.74      0.77        68
          R       0.54      0.61      0.57       102

avg / total       0.69      0.70      0.69       465

CRF 2.0
Classification_report:
             precision    recall  f1-score   support

          B       0.99      1.00      1.00       179
          C       0.50      0.35      0.41        20
          G       1.00      1.00      1.00        36
          M       0.95      0.92      0.93        59
          O       0.00      0.00      0.00         1
          P       0.96      0.94      0.95        68
          R       0.83      0.90      0.86       102

avg / total       0.92      0.93      0.93       465


SVM RBF
Classification_report:
             precision    recall  f1-score   support

          B       0.47      0.88      0.61       256
          C       0.00      0.00      0.00        40
          G       0.00      0.00      0.00        72
          M       0.00      0.00      0.00       104
          O       0.00      0.00      0.00         7
          P       0.00      0.00      0.00       133
          R       0.48      0.76      0.59       219

avg / total       0.27      0.47      0.34       831

[[226   0   0   0   0   0  30]
 [  5   0   0   0   0   0  35]
 [ 61   0   0   0   0   0  11]
 [ 35   0   0   0   0   0  69]
 [  5   0   0   0   0   0   2]
 [101   0   0   0   0   0  32]
 [ 52   0   0   0   0   0 167]]

SVM linear
Classification_report:
             precision    recall  f1-score   support

          B       0.57      0.65      0.61       256
          C       0.31      0.30      0.30        40
          G       0.38      0.32      0.35        72
          M       0.40      0.35      0.37       104
          O       0.33      0.14      0.20         7
          P       0.55      0.51      0.53       133
          R       0.49      0.50      0.50       219

avg / total       0.49      0.50      0.50       831

[[167   4  30   8   0  14  33]
 [  6  12   0   1   0   5  16]
 [ 37   2  23   3   0   2   5]
 [ 19   3   0  36   0   9  37]
 [  0   1   0   0   1   4   1]
 [ 25   6   2   9   1  68  22]
 [ 37  11   6  32   1  22 110]]

KNN
Classification_report:
             precision    recall  f1-score   support

          B       0.57      0.73      0.64       256
          C       0.16      0.28      0.20        40
          G       0.37      0.31      0.33        72
          M       0.28      0.18      0.22       104
          O       0.00      0.00      0.00         7
          P       0.56      0.48      0.52       133
          R       0.45      0.38      0.41       219

avg / total       0.46      0.47      0.46       831

[[188   3  20  11   0   8  26]
 [  3  11   2   2   0   7  15]
 [ 32   1  22   3   0   6   8]
 [ 25   8   6  19   0   8  38]
 [  2   1   0   0   0   4   0]
 [ 30  15   3   6   0  64  15]
 [ 52  30   7  27   1  18  84]]

NB
Classification_report:
             precision    recall  f1-score   support

          B       0.59      0.43      0.50       256
          C       0.12      0.28      0.17        40
          G       0.24      0.44      0.32        72
          M       0.26      0.27      0.27       104
          O       0.00      0.00      0.00         7
          P       0.46      0.65      0.54       133
          R       0.39      0.23      0.29       219

avg / total       0.42      0.38      0.38       831

[[110  16  61  24   0  27  18]
 [  6  11   5   1   0   9   8]
 [ 21   9  32   2   0   3   5]
 [ 13   6   6  28   0  16  35]
 [  0   1   0   0   0   4   2]
 [  4  14  10   8   0  86  11]
 [ 31  36  17  43   0  42  50]]

DT
Classification_report:
             precision    recall  f1-score   support

          B       0.59      0.56      0.58       256
          C       0.15      0.23      0.18        40
          G       0.30      0.32      0.31        72
          M       0.29      0.31      0.30       104
          O       0.00      0.00      0.00         7
          P       0.47      0.52      0.49       133
          R       0.46      0.39      0.42       219

avg / total       0.45      0.44      0.44       831

[[144  10  27  18   1  21  35]
 [  6   9   1   4   0   5  15]
 [ 24   3  23   5   1   5  11]
 [ 17   8   4  32   0  18  25]
 [  1   1   1   0   0   3   1]
 [ 21   6   8  12   1  69  16]
 [ 31  24  13  40   0  25  86]]

CRF
Classification_report:
             precision    recall  f1-score   support

          B       0.77      0.81      0.79       256
          C       0.70      0.35      0.47        40
          G       0.62      0.46      0.53        72
          M       0.37      0.28      0.32       104
          O       0.00      0.00      0.00         7
          P       0.72      0.59      0.65       133
          R       0.54      0.72      0.62       219

avg / total       0.63      0.63      0.62       831

CRF 2.0
Classification_report:
             precision    recall  f1-score   support

          B       0.92      0.88      0.90       256
          C       0.47      0.38      0.42        40
          G       0.79      0.76      0.77        72
          M       0.71      0.68      0.70       104
          O       0.00      0.00      0.00         7
          P       0.84      0.80      0.82       133
          R       0.69      0.82      0.75       219

avg / total       0.78      0.78      0.78       831
