SVM RBF
Classification_report:
             precision    recall  f1-score   support

          B       0.44      0.45      0.45        77
          C       0.00      0.00      0.00        20
          G       0.00      0.00      0.00        36
          M       0.00      0.00      0.00        45
          O       0.00      0.00      0.00         6
          P       0.41      0.46      0.43        65
          R       0.43      0.78      0.55       117

avg / total       0.30      0.43      0.35       366

[[35  0  0  0  0 14 28]
 [ 2  0  0  0  0  1 17]
 [10  0  0  0  0  8 18]
 [10  0  0  0  0  8 27]
 [ 0  0  0  0  0  2  4]
 [ 6  0  0  0  0 30 29]
 [16  0  0  0  0 10 91]]

SVM linear
Classification_report:
             precision    recall  f1-score   support

          B       0.41      0.43      0.42        77
          C       0.17      0.05      0.08        20
          G       0.33      0.25      0.29        36
          M       0.27      0.13      0.18        45
          O       0.20      0.17      0.18         6
          P       0.40      0.42      0.41        65
          R       0.43      0.58      0.49       117

avg / total       0.37      0.40      0.38       366

[[33  0  9  6  2  4 23]
 [ 2  1  0  0  0  5 12]
 [16  2  9  0  0  3  6]
 [ 5  0  1  6  0 12 21]
 [ 0  0  0  0  1  2  3]
 [ 7  0  3  2  1 27 25]
 [18  3  5  8  1 14 68]]

KNN
Classification_report:
             precision    recall  f1-score   support

          B       0.35      0.60      0.44        77
          C       0.12      0.15      0.13        20
          G       0.26      0.25      0.25        36
          M       0.05      0.02      0.03        45
          O       0.00      0.00      0.00         6
          P       0.42      0.38      0.40        65
          R       0.39      0.31      0.34       117

avg / total       0.31      0.33      0.31       366

[[46  4  7  1  0  4 15]
 [ 4  3  0  1  0  5  7]
 [12  1  9  0  0  5  9]
 [17  3  3  1  0  5 16]
 [ 1  0  3  1  0  0  1]
 [15  6  5  6  0 25  8]
 [36  8  8 12  1 16 36]]

NB
Classification_report:
             precision    recall  f1-score   support

          B       0.58      0.09      0.16        77
          C       0.06      0.10      0.08        20
          G       0.20      0.03      0.05        36
          M       0.19      0.33      0.24        45
          O       0.00      0.00      0.00         6
          P       0.33      0.66      0.44        65
          R       0.42      0.38      0.40       117

avg / total       0.36      0.31      0.28       366

[[ 7  9  2 16  0 16 27]
 [ 0  2  1  3  0  9  5]
 [ 3  6  1  6  0 13  7]
 [ 0  1  0 15  0 16 13]
 [ 0  1  0  1  0  2  2]
 [ 0  5  1  9  1 43  6]
 [ 2  9  0 30  0 32 44]]

DT
Classification_report:
             precision    recall  f1-score   support

          B       0.31      0.31      0.31        77
          C       0.04      0.05      0.04        20
          G       0.17      0.22      0.20        36
          M       0.14      0.13      0.14        45
          O       0.14      0.17      0.15         6
          P       0.35      0.32      0.34        65
          R       0.41      0.38      0.40       117

avg / total       0.30      0.29      0.29       366

[[24  4 11  8  1  9 20]
 [ 6  1  2  0  0  3  8]
 [ 9  5  8  1  1  5  7]
 [ 8  3  6  6  1  6 15]
 [ 0  1  0  0  1  2  2]
 [12  3  5 12  0 21 12]
 [18  8 14 15  3 14 45]]

CRF
Classification_report:
             precision    recall  f1-score   support

          B       0.58      0.51      0.54        77
          C       0.47      0.35      0.40        20
          G       0.31      0.22      0.26        36
          M       0.17      0.11      0.14        45
          O       0.00      0.00      0.00         6
          P       0.60      0.49      0.54        65
          R       0.50      0.71      0.58       117

avg / total       0.47      0.48      0.46       366

CRF 2.0
Classification_report:
             precision    recall  f1-score   support

          B       0.73      0.58      0.65        77
          C       0.29      0.25      0.27        20
          G       0.50      0.47      0.49        36
          M       0.35      0.27      0.30        45
          O       0.00      0.00      0.00         6
          P       0.57      0.55      0.56        65
          R       0.50      0.65      0.57       117

avg / total       0.52      0.52      0.52       366


SVM RBF
Classification_report:
             precision    recall  f1-score   support

          B       0.80      0.87      0.83       179
          C       0.00      0.00      0.00        20
          G       0.00      0.00      0.00        36
          M       0.00      0.00      0.00        59
          O       0.00      0.00      0.00         1
          P       0.49      0.59      0.54        68
          R       0.48      0.89      0.63       102

avg / total       0.49      0.62      0.54       465

[[156   0   0   0   0  14   9]
 [  0   0   0   0   0   0  20]
 [ 18   0   0   0   0  18   0]
 [  1   0   0   0   0   2  56]
 [  0   0   0   0   0   1   0]
 [ 15   0   0   0   0  40  13]
 [  5   0   0   0   0   6  91]]

SVM linear
Classification_report:
             precision    recall  f1-score   support

          B       0.69      0.82      0.75       179
          C       0.60      0.45      0.51        20
          G       0.45      0.25      0.32        36
          M       0.44      0.31      0.36        59
          O       0.00      0.00      0.00         1
          P       0.67      0.49      0.56        68
          R       0.52      0.66      0.58       102

avg / total       0.60      0.61      0.59       465

[[146   1  11   3   0   9   9]
 [  0   9   0   1   0   0  10]
 [ 25   0   9   0   0   2   0]
 [  5   0   0  18   0   2  34]
 [  0   0   0   0   0   1   0]
 [ 23   1   0   2   0  33   9]
 [ 12   4   0  17   0   2  67]]

KNN
Classification_report:
             precision    recall  f1-score   support

          B       0.74      0.86      0.80       179
          C       0.20      0.15      0.17        20
          G       0.66      0.64      0.65        36
          M       0.40      0.37      0.39        59
          O       0.00      0.00      0.00         1
          P       0.83      0.59      0.69        68
          R       0.50      0.51      0.50       102

avg / total       0.63      0.63      0.62       465

[[154   1  10   3   0   5   6]
 [  1   3   0   1   0   0  15]
 [ 13   0  23   0   0   0   0]
 [  8   3   0  22   0   0  26]
 [  0   0   0   0   0   1   0]
 [ 15   0   1   6   0  40   6]
 [ 16   8   1  23   0   2  52]]

NB
Classification_report:
             precision    recall  f1-score   support

          B       0.58      0.59      0.58       179
          C       0.34      0.70      0.46        20
          G       0.29      0.58      0.39        36
          M       0.41      0.32      0.36        59
          O       0.00      0.00      0.00         1
          P       0.35      0.54      0.43        68
          R       0.50      0.10      0.16       102

avg / total       0.48      0.44      0.42       465

[[105   0  46   1   0  26   1]
 [  0  14   0   2   0   4   0]
 [ 15   0  21   0   0   0   0]
 [ 17   6   0  19   0  10   7]
 [  1   0   0   0   0   0   0]
 [ 21   2   4   2   0  37   2]
 [ 21  19   2  22   0  28  10]]

DT
Classification_report:
             precision    recall  f1-score   support

          B       0.71      0.69      0.70       179
          C       0.29      0.30      0.29        20
          G       0.46      0.53      0.49        36
          M       0.33      0.34      0.34        59
          O       0.00      0.00      0.00         1
          P       0.60      0.62      0.61        68
          R       0.44      0.42      0.43       102

avg / total       0.55      0.55      0.55       465

[[124   1  21   5   0  15  13]
 [  0   6   0   4   0   1   9]
 [ 16   0  19   0   0   0   1]
 [  9   2   1  20   0   3  24]
 [  0   0   0   0   0   1   0]
 [ 12   1   0   4   1  42   8]
 [ 13  11   0  27   0   8  43]]

CRF
Classification_report:
             precision    recall  f1-score   support

          B       0.84      0.93      0.88       179
          C       0.31      0.20      0.24        20
          G       0.79      0.53      0.63        36
          M       0.45      0.41      0.43        59
          O       0.00      0.00      0.00         1
          P       0.81      0.74      0.77        68
          R       0.54      0.61      0.57       102

avg / total       0.69      0.70      0.69       465

CRF 2.0
Classification_report:
             precision    recall  f1-score   support

          B       1.00      1.00      1.00       179
          C       0.58      0.35      0.44        20
          G       1.00      1.00      1.00        36
          M       0.91      0.90      0.91        59
          O       0.00      0.00      0.00         1
          P       0.95      0.91      0.93        68
          R       0.81      0.91      0.86       102

avg / total       0.92      0.92      0.92       465


SVM RBF
Classification_report:
             precision    recall  f1-score   support

          B       0.67      0.79      0.73       256
          C       0.00      0.00      0.00        40
          G       0.00      0.00      0.00        72
          M       0.00      0.00      0.00       104
          O       0.00      0.00      0.00         7
          P       0.52      0.55      0.53       133
          R       0.47      0.83      0.60       219

avg / total       0.41      0.55      0.47       831

[[203   0   0   0   0  18  35]
 [  4   0   0   0   0   1  35]
 [ 40   0   0   1   0  19  12]
 [ 12   0   0   0   0   9  83]
 [  0   0   0   0   0   3   4]
 [ 23   0   0   0   0  73  37]
 [ 21   0   0   0   0  17 181]]

SVM linear
Classification_report:
             precision    recall  f1-score   support

          B       0.59      0.74      0.65       256
          C       0.24      0.15      0.18        40
          G       0.48      0.22      0.30        72
          M       0.35      0.16      0.22       104
          O       0.00      0.00      0.00         7
          P       0.48      0.48      0.48       133
          R       0.48      0.58      0.52       219

avg / total       0.48      0.50      0.48       831

[[189   3  11   7   0  14  32]
 [  3   6   0   0   0   6  25]
 [ 44   1  16   0   0   6   5]
 [ 16   0   1  17   0  15  55]
 [  0   0   0   0   0   4   3]
 [ 33   7   2   4   3  64  20]
 [ 37   8   3  20   1  23 127]]

KNN
Classification_report:
             precision    recall  f1-score   support

          B       0.56      0.73      0.63       256
          C       0.23      0.23      0.23        40
          G       0.43      0.46      0.45        72
          M       0.25      0.18      0.21       104
          O       0.00      0.00      0.00         7
          P       0.63      0.48      0.54       133
          R       0.49      0.45      0.47       219

avg / total       0.48      0.49      0.48       831

[[186   0  24  12   0  11  23]
 [  4   9   0   4   0   4  19]
 [ 27   1  33   3   0   3   5]
 [ 29   4   3  19   0   8  41]
 [  2   0   1   0   0   2   2]
 [ 31   9   6   9   0  64  14]
 [ 55  16   9  29   1  10  99]]

NB
Classification_report:
             precision    recall  f1-score   support

          B       0.66      0.18      0.29       256
          C       0.13      0.57      0.21        40
          G       0.33      0.28      0.30        72
          M       0.27      0.27      0.27       104
          O       0.09      0.14      0.11         7
          P       0.26      0.76      0.39       133
          R       0.29      0.02      0.03       219

avg / total       0.39      0.27      0.23       831

[[ 47  40  30  21   3 114   1]
 [  1  23   0   0   1  14   1]
 [ 11   9  20   3   0  28   1]
 [  1  16   2  28   3  47   7]
 [  0   2   0   0   1   4   0]
 [  2  20   1   7   2 101   0]
 [  9  72   7  43   1  83   4]]

DT
Classification_report:
             precision    recall  f1-score   support

          B       0.61      0.58      0.60       256
          C       0.19      0.20      0.20        40
          G       0.33      0.39      0.36        72
          M       0.26      0.27      0.27       104
          O       0.00      0.00      0.00         7
          P       0.44      0.44      0.44       133
          R       0.43      0.42      0.42       219

avg / total       0.44      0.44      0.44       831

[[149   7  29  16   0  23  32]
 [  7   8   1   7   0   4  13]
 [ 22   2  28   3   3   6   8]
 [  8   6   5  28   1  13  43]
 [  1   0   1   0   0   4   1]
 [ 21   8   7  11   3  59  24]
 [ 35  11  13  42   1  26  91]]

CRF
Classification_report:
             precision    recall  f1-score   support

          B       0.77      0.81      0.79       256
          C       0.70      0.35      0.47        40
          G       0.62      0.46      0.53        72
          M       0.37      0.28      0.32       104
          O       0.00      0.00      0.00         7
          P       0.72      0.59      0.65       133
          R       0.54      0.72      0.62       219

avg / total       0.63      0.63      0.62       831

CRF 2.0
Classification_report:
             precision    recall  f1-score   support

          B       0.92      0.88      0.90       256
          C       0.50      0.38      0.43        40
          G       0.75      0.72      0.74        72
          M       0.66      0.62      0.64       104
          O       0.00      0.00      0.00         7
          P       0.81      0.77      0.79       133
          R       0.68      0.81      0.74       219

avg / total       0.76      0.76      0.76       831
