SVM RBF
Classification_report:
             precision    recall  f1-score   support

          B       0.34      0.64      0.44        77
          C       0.00      0.00      0.00        20
          G       0.00      0.00      0.00        36
          M       0.00      0.00      0.00        45
          O       0.00      0.00      0.00         6
          P       0.14      0.02      0.03        65
          R       0.43      0.78      0.55       117

avg / total       0.23      0.39      0.27       366

[[49  0  0  0  0  1 27]
 [ 3  0  0  0  0  0 17]
 [19  0  0  0  0  0 17]
 [14  0  0  0  0  3 28]
 [ 2  0  0  0  0  0  4]
 [35  0  0  0  0  1 29]
 [24  0  0  0  0  2 91]]

SVM linear
Classification_report:
             precision    recall  f1-score   support

          B       0.41      0.42      0.41        77
          C       0.00      0.00      0.00        20
          G       0.48      0.36      0.41        36
          M       0.25      0.13      0.17        45
          O       0.00      0.00      0.00         6
          P       0.39      0.43      0.41        65
          R       0.46      0.64      0.53       117

avg / total       0.38      0.42      0.39       366

[[32  0  8  2  0  9 26]
 [ 2  0  0  0  0  3 15]
 [13  1 13  0  0  3  6]
 [ 4  0  2  6  0 12 21]
 [ 0  0  0  0  0  4  2]
 [10  0  2  6  0 28 19]
 [17  1  2 10  0 12 75]]

KNN
Classification_report:
             precision    recall  f1-score   support

          B       0.37      0.57      0.45        77
          C       0.18      0.25      0.21        20
          G       0.24      0.25      0.25        36
          M       0.10      0.07      0.08        45
          O       0.00      0.00      0.00         6
          P       0.42      0.35      0.38        65
          R       0.38      0.30      0.33       117

avg / total       0.32      0.33      0.31       366

[[44  3  8  2  0  5 15]
 [ 2  5  1  1  0  4  7]
 [16  1  9  2  0  1  7]
 [13  4  4  3  0  3 18]
 [ 1  0  3  1  0  0  1]
 [12  8  3  8  2 23  9]
 [32  7  9 14  1 19 35]]

NB
Classification_report:
             precision    recall  f1-score   support

          B       0.59      0.17      0.26        77
          C       0.10      0.15      0.12        20
          G       0.50      0.14      0.22        36
          M       0.23      0.33      0.27        45
          O       0.00      0.00      0.00         6
          P       0.35      0.65      0.46        65
          R       0.46      0.47      0.46       117

avg / total       0.42      0.36      0.35       366

[[13  5  4 13  0 14 28]
 [ 0  3  0  1  0  7  9]
 [ 6  7  5  3  0 11  4]
 [ 0  1  0 15  0 14 15]
 [ 0  1  0  0  0  3  2]
 [ 0  6  0 10  0 42  7]
 [ 3  7  1 23  0 28 55]]

DT
Classification_report:
             precision    recall  f1-score   support

          B       0.34      0.35      0.34        77
          C       0.04      0.05      0.05        20
          G       0.11      0.11      0.11        36
          M       0.21      0.16      0.18        45
          O       0.00      0.00      0.00         6
          P       0.27      0.34      0.30        65
          R       0.39      0.35      0.37       117

avg / total       0.28      0.28      0.28       366

[[27  4  8  8  0 16 14]
 [ 2  1  2  2  0  3 10]
 [11  1  4  3  0  7 10]
 [10  2  3  7  2  8 13]
 [ 0  0  1  0  0  3  2]
 [ 9  4  8  5  2 22 15]
 [21 11 12  9  1 22 41]]

CRF
Classification_report:
             precision    recall  f1-score   support

          B       0.56      0.52      0.54        77
          C       0.39      0.35      0.37        20
          G       0.32      0.25      0.28        36
          M       0.17      0.11      0.14        45
          O       0.00      0.00      0.00         6
          P       0.61      0.51      0.55        65
          R       0.49      0.65      0.56       117

avg / total       0.46      0.46      0.46       366

CRF 2.0
Classification_report:
             precision    recall  f1-score   support

          B       0.78      0.61      0.69        77
          C       0.33      0.25      0.29        20
          G       0.56      0.42      0.48        36
          M       0.42      0.36      0.39        45
          O       0.00      0.00      0.00         6
          P       0.63      0.60      0.61        65
          R       0.53      0.72      0.61       117

avg / total       0.57      0.56      0.56       366


SVM RBF
Classification_report:
             precision    recall  f1-score   support

          B       0.66      0.92      0.77       179
          C       0.00      0.00      0.00        20
          G       0.00      0.00      0.00        36
          M       0.00      0.00      0.00        59
          O       0.00      0.00      0.00         1
          P       0.52      0.21      0.29        68
          R       0.49      0.89      0.63       102

avg / total       0.44      0.58      0.48       465

[[165   0   0   0   0   5   9]
 [  0   0   0   0   0   0  20]
 [ 30   0   0   0   0   6   0]
 [  3   0   0   0   0   1  55]
 [  1   0   0   0   0   0   0]
 [ 42   0   0   0   0  14  12]
 [ 10   0   0   0   0   1  91]]

SVM linear
Classification_report:
             precision    recall  f1-score   support

          B       0.70      0.86      0.77       179
          C       0.67      0.50      0.57        20
          G       0.29      0.14      0.19        36
          M       0.48      0.37      0.42        59
          O       0.00      0.00      0.00         1
          P       0.68      0.47      0.56        68
          R       0.54      0.64      0.59       102

avg / total       0.60      0.62      0.60       465

[[154   1  11   0   0   7   6]
 [  0  10   0   1   0   0   9]
 [ 30   0   5   0   0   1   0]
 [  3   0   0  22   0   2  32]
 [  0   0   0   0   0   1   0]
 [ 24   1   0   3   0  32   8]
 [  9   3   1  20   0   4  65]]

KNN
Classification_report:
             precision    recall  f1-score   support

          B       0.75      0.87      0.81       179
          C       0.14      0.15      0.15        20
          G       0.57      0.56      0.56        36
          M       0.38      0.39      0.39        59
          O       0.00      0.00      0.00         1
          P       0.78      0.59      0.67        68
          R       0.49      0.44      0.46       102

avg / total       0.61      0.62      0.61       465

[[155   1  11   3   0   4   5]
 [  1   3   0   1   0   1  14]
 [ 16   0  20   0   0   0   0]
 [  7   3   0  23   0   3  23]
 [  0   0   0   0   0   1   0]
 [ 15   0   1   7   0  40   5]
 [ 12  14   3  26   0   2  45]]

NB
Classification_report:
             precision    recall  f1-score   support

          B       0.60      0.68      0.64       179
          C       0.44      0.55      0.49        20
          G       0.28      0.39      0.33        36
          M       0.38      0.34      0.36        59
          O       0.00      0.00      0.00         1
          P       0.42      0.65      0.51        68
          R       0.50      0.16      0.24       102

avg / total       0.49      0.49      0.46       465

[[121   0  31   1   0  20   6]
 [  0  11   0   2   0   7   0]
 [ 21   0  14   0   0   1   0]
 [ 19   2   1  20   0   9   8]
 [  1   0   0   0   0   0   0]
 [ 14   2   2   4   0  44   2]
 [ 24  10   2  25   0  25  16]]

DT
Classification_report:
             precision    recall  f1-score   support

          B       0.75      0.67      0.71       179
          C       0.11      0.10      0.10        20
          G       0.38      0.53      0.44        36
          M       0.33      0.34      0.34        59
          O       0.00      0.00      0.00         1
          P       0.55      0.62      0.58        68
          R       0.49      0.47      0.48       102

avg / total       0.55      0.54      0.54       465

[[120   1  28   5   0  14  11]
 [  0   2   0   3   0   3  12]
 [ 15   0  19   0   0   1   1]
 [  6   6   0  20   0   8  19]
 [  0   0   0   0   0   1   0]
 [  7   0   3   7   2  42   7]
 [ 11  10   0  25   0   8  48]]

CRF
Classification_report:
             precision    recall  f1-score   support

          B       0.84      0.94      0.89       179
          C       0.45      0.25      0.32        20
          G       0.83      0.53      0.64        36
          M       0.46      0.37      0.41        59
          O       0.00      0.00      0.00         1
          P       0.80      0.69      0.74        68
          R       0.56      0.69      0.62       102

avg / total       0.71      0.71      0.70       465

CRF 2.0
Classification_report:
             precision    recall  f1-score   support

          B       0.99      1.00      1.00       179
          C       0.67      0.50      0.57        20
          G       1.00      1.00      1.00        36
          M       0.96      0.92      0.94        59
          O       0.00      0.00      0.00         1
          P       0.96      0.94      0.95        68
          R       0.85      0.92      0.88       102

avg / total       0.94      0.94      0.94       465


SVM RBF
Classification_report:
             precision    recall  f1-score   support

          B       0.62      0.74      0.67       256
          C       0.00      0.00      0.00        40
          G       0.00      0.00      0.00        72
          M       0.00      0.00      0.00       104
          O       0.00      0.00      0.00         7
          P       0.42      0.42      0.42       133
          R       0.47      0.84      0.60       219

avg / total       0.38      0.52      0.43       831

[[189   0   0   0   0  32  35]
 [  3   0   0   0   0   1  36]
 [ 39   0   0   0   0  20  13]
 [ 11   0   0   0   0   9  84]
 [  1   0   0   0   0   2   4]
 [ 40   0   0   0   0  56  37]
 [ 22   0   0   0   0  14 183]]

SVM linear
Classification_report:
             precision    recall  f1-score   support

          B       0.62      0.74      0.68       256
          C       0.25      0.10      0.14        40
          G       0.39      0.24      0.29        72
          M       0.30      0.12      0.18       104
          O       0.00      0.00      0.00         7
          P       0.57      0.53      0.55       133
          R       0.49      0.66      0.56       219

avg / total       0.49      0.53      0.50       831

[[190   1  18   4   0  15  28]
 [  3   4   1   1   0   2  29]
 [ 41   2  17   0   0   5   7]
 [ 14   0   2  13   0  14  61]
 [  0   0   0   0   0   4   3]
 [ 28   5   2   3   0  71  24]
 [ 30   4   4  22   0  14 145]]

KNN
Classification_report:
             precision    recall  f1-score   support

          B       0.57      0.73      0.64       256
          C       0.21      0.25      0.23        40
          G       0.40      0.46      0.43        72
          M       0.24      0.21      0.23       104
          O       0.00      0.00      0.00         7
          P       0.65      0.47      0.54       133
          R       0.50      0.43      0.46       219

avg / total       0.49      0.49      0.48       831

[[186   2  25  11   0   9  23]
 [  6  10   0   6   0   3  15]
 [ 24   0  33   5   0   4   6]
 [ 30   4   9  22   1   6  32]
 [  1   0   2   0   0   1   3]
 [ 30   8   6  11   1  62  15]
 [ 49  23   8  35   0  10  94]]

NB
Classification_report:
             precision    recall  f1-score   support

          B       0.70      0.28      0.40       256
          C       0.14      0.55      0.22        40
          G       0.29      0.33      0.31        72
          M       0.26      0.24      0.25       104
          O       0.00      0.00      0.00         7
          P       0.30      0.74      0.42       133
          R       0.57      0.15      0.23       219

avg / total       0.48      0.33      0.32       831

[[71 33 45 20  0 80  7]
 [ 1 22  1  2  0 13  1]
 [13 10 24  4  0 19  2]
 [ 2 20  4 25  0 42 11]
 [ 0  2  0  0  0  5  0]
 [ 3 17  2  8  1 99  3]
 [12 54  6 38  0 77 32]]

DT
Classification_report:
             precision    recall  f1-score   support

          B       0.62      0.58      0.60       256
          C       0.10      0.10      0.10        40
          G       0.33      0.40      0.36        72
          M       0.27      0.29      0.28       104
          O       0.00      0.00      0.00         7
          P       0.46      0.45      0.46       133
          R       0.41      0.41      0.41       219

avg / total       0.44      0.43      0.44       831

[[148  10  27  17   0  23  31]
 [  4   4   4   3   1   5  19]
 [ 15   4  29   9   0   6   9]
 [ 15   3   5  30   2   9  40]
 [  0   0   1   1   0   2   3]
 [ 20  10   7   7   1  60  28]
 [ 35  10  14  44   2  25  89]]

CRF
Classification_report:
             precision    recall  f1-score   support

          B       0.78      0.82      0.80       256
          C       0.72      0.33      0.45        40
          G       0.62      0.46      0.53        72
          M       0.37      0.27      0.31       104
          O       0.00      0.00      0.00         7
          P       0.73      0.61      0.66       133
          R       0.55      0.75      0.64       219

avg / total       0.64      0.64      0.63       831

CRF 2.0
Classification_report:
             precision    recall  f1-score   support

          B       0.91      0.87      0.89       256
          C       0.52      0.40      0.45        40
          G       0.78      0.74      0.76        72
          M       0.69      0.62      0.65       104
          O       0.00      0.00      0.00         7
          P       0.80      0.75      0.78       133
          R       0.68      0.83      0.75       219

avg / total       0.77      0.77      0.76       831
