SVM RBF
Classification_report:
             precision    recall  f1-score   support

          B       0.23      0.19      0.21        77
          C       0.00      0.00      0.00        20
          G       0.00      0.00      0.00        36
          M       0.00      0.00      0.00        45
          O       0.00      0.00      0.00         6
          P       0.00      0.00      0.00        65
          R       0.33      0.85      0.48       117

avg / total       0.15      0.31      0.20       366

[[ 15   0   0   0   0   0  62]
 [  3   0   0   0   0   0  17]
 [  5   0   0   0   0   0  31]
 [ 11   0   0   0   0   0  34]
 [  1   0   0   0   0   0   5]
 [ 14   0   0   0   0   0  51]
 [ 17   0   0   0   0   0 100]]

SVM linear
Classification_report:
             precision    recall  f1-score   support

          B       0.42      0.44      0.43        77
          C       0.22      0.10      0.14        20
          G       0.34      0.31      0.32        36
          M       0.32      0.22      0.26        45
          O       0.00      0.00      0.00         6
          P       0.53      0.60      0.56        65
          R       0.53      0.62      0.57       117

avg / total       0.44      0.46      0.44       366

[[34  1 11  4  0  8 19]
 [ 4  2  0  0  0  2 12]
 [16  1 11  0  0  2  6]
 [ 3  0  2 10  0  9 21]
 [ 0  0  1  0  0  4  1]
 [11  2  4  2  0 39  7]
 [13  3  3 15  0 10 73]]

KNN
Classification_report:
             precision    recall  f1-score   support

          B       0.33      0.55      0.41        77
          C       0.07      0.10      0.09        20
          G       0.22      0.22      0.22        36
          M       0.13      0.09      0.11        45
          O       0.00      0.00      0.00         6
          P       0.41      0.37      0.39        65
          R       0.43      0.30      0.35       117

avg / total       0.32      0.31      0.31       366

[[42  3  9  2  0  4 17]
 [ 4  2  1  1  0  7  5]
 [18  3  8  2  0  1  4]
 [15  4  4  4  1  4 13]
 [ 2  1  1  1  0  1  0]
 [10  7  5 10  1 24  8]
 [37  7  9 11  1 17 35]]

NB
Classification_report:
             precision    recall  f1-score   support

          B       0.54      0.34      0.42        77
          C       0.12      0.15      0.13        20
          G       0.35      0.31      0.33        36
          M       0.26      0.27      0.26        45
          O       0.00      0.00      0.00         6
          P       0.48      0.65      0.55        65
          R       0.45      0.49      0.47       117

avg / total       0.42      0.41      0.41       366

[[26  4 11  6  0  9 21]
 [ 1  3  1  1  0  4 10]
 [ 7  6 11  0  0  4  8]
 [ 2  0  3 12  0  6 22]
 [ 0  1  0  0  0  2  3]
 [ 2  5  3  7  0 42  6]
 [10  7  2 21  0 20 57]]

DT
Classification_report:
             precision    recall  f1-score   support

          B       0.37      0.40      0.39        77
          C       0.04      0.05      0.05        20
          G       0.05      0.06      0.05        36
          M       0.11      0.11      0.11        45
          O       0.00      0.00      0.00         6
          P       0.29      0.23      0.26        65
          R       0.39      0.38      0.39       117

avg / total       0.28      0.27      0.27       366

[[31  4  9  4  1  9 19]
 [ 4  1  4  3  0  2  6]
 [11  3  2  5  0  3 12]
 [ 4  2  6  5  0 11 17]
 [ 1  1  1  0  0  3  0]
 [16  4  8  7  0 15 15]
 [17  8 10 23  5  9 45]]

CRF
Classification_report:
             precision    recall  f1-score   support

          B       0.52      0.51      0.51        77
          C       0.39      0.35      0.37        20
          G       0.28      0.22      0.25        36
          M       0.17      0.13      0.15        45
          O       0.00      0.00      0.00         6
          P       0.57      0.48      0.52        65
          R       0.47      0.56      0.51       117

avg / total       0.43      0.43      0.43       366

CRF 2.0
Classification_report:
             precision    recall  f1-score   support

          B       0.72      0.65      0.68        77
          C       0.29      0.25      0.27        20
          G       0.55      0.47      0.51        36
          M       0.39      0.24      0.30        45
          O       0.00      0.00      0.00         6
          P       0.63      0.62      0.62        65
          R       0.55      0.72      0.62       117

avg / total       0.56      0.57      0.56       366


SVM RBF
Classification_report:
             precision    recall  f1-score   support

          B       0.56      0.96      0.71       179
          C       0.00      0.00      0.00        20
          G       0.00      0.00      0.00        36
          M       0.00      0.00      0.00        59
          O       0.00      0.00      0.00         1
          P       0.00      0.00      0.00        68
          R       0.53      0.81      0.64       102

avg / total       0.33      0.55      0.41       465

[[172   0   0   0   0   0   7]
 [  0   0   0   0   0   0  20]
 [ 36   0   0   0   0   0   0]
 [ 18   0   0   0   0   0  41]
 [  1   0   0   0   0   0   0]
 [ 61   0   0   0   0   0   7]
 [ 19   0   0   0   0   0  83]]

SVM linear
Classification_report:
             precision    recall  f1-score   support

          B       0.74      0.85      0.79       179
          C       0.46      0.30      0.36        20
          G       0.46      0.31      0.37        36
          M       0.53      0.44      0.48        59
          O       0.00      0.00      0.00         1
          P       0.71      0.54      0.62        68
          R       0.55      0.66      0.60       102

avg / total       0.63      0.65      0.63       465

[[153   0  12   2   0   6   6]
 [  0   6   0   1   0   2  11]
 [ 25   0  11   0   0   0   0]
 [  3   1   0  26   0   3  26]
 [  1   0   0   0   0   0   0]
 [ 17   1   0   2   0  37  11]
 [  7   5   1  18   0   4  67]]

KNN
Classification_report:
             precision    recall  f1-score   support

          B       0.77      0.85      0.81       179
          C       0.16      0.15      0.15        20
          G       0.57      0.58      0.58        36
          M       0.43      0.46      0.44        59
          O       0.00      0.00      0.00         1
          P       0.80      0.60      0.69        68
          R       0.51      0.48      0.49       102

avg / total       0.63      0.63      0.63       465

[[153   0  13   3   0   5   5]
 [  1   3   0   1   0   1  14]
 [ 15   0  21   0   0   0   0]
 [  6   2   0  27   0   0  24]
 [  0   0   0   0   0   1   0]
 [ 15   0   0   8   0  41   4]
 [  9  14   3  24   0   3  49]]

NB
Classification_report:
             precision    recall  f1-score   support

          B       0.59      0.66      0.63       179
          C       0.35      0.35      0.35        20
          G       0.23      0.36      0.28        36
          M       0.44      0.42      0.43        59
          O       0.00      0.00      0.00         1
          P       0.45      0.54      0.49        68
          R       0.47      0.22      0.30       102

avg / total       0.48      0.48      0.47       465

[[119   1  32   4   0  16   7]
 [  6   7   0   1   0   5   1]
 [ 20   1  13   1   0   0   1]
 [ 14   1   2  25   0   8   9]
 [  1   0   0   0   0   0   0]
 [ 13   3   6   2   0  37   7]
 [ 28   7   4  24   0  17  22]]

DT
Classification_report:
             precision    recall  f1-score   support

          B       0.78      0.79      0.78       179
          C       0.15      0.20      0.17        20
          G       0.55      0.50      0.52        36
          M       0.27      0.24      0.25        59
          O       0.00      0.00      0.00         1
          P       0.65      0.68      0.66        68
          R       0.46      0.46      0.46       102

avg / total       0.58      0.58      0.58       465

[[141   0  14   3   0  10  11]
 [  1   4   0   4   0   1  10]
 [ 17   0  18   0   0   0   1]
 [  6  10   0  14   0   5  24]
 [  0   0   0   0   0   1   0]
 [  8   2   0   3   0  46   9]
 [  8  10   1  28   0   8  47]]

CRF
Classification_report:
             precision    recall  f1-score   support

          B       0.84      0.91      0.87       179
          C       0.38      0.25      0.30        20
          G       0.70      0.53      0.60        36
          M       0.47      0.39      0.43        59
          O       0.00      0.00      0.00         1
          P       0.79      0.71      0.74        68
          R       0.57      0.67      0.61       102

avg / total       0.69      0.70      0.69       465

CRF 2.0
Classification_report:
             precision    recall  f1-score   support

          B       0.99      1.00      1.00       179
          C       0.50      0.40      0.44        20
          G       1.00      1.00      1.00        36
          M       0.95      0.92      0.93        59
          O       0.00      0.00      0.00         1
          P       0.96      0.94      0.95        68
          R       0.83      0.89      0.86       102

avg / total       0.92      0.93      0.93       465


SVM RBF
Classification_report:
             precision    recall  f1-score   support

          B       0.48      0.88      0.62       256
          C       0.00      0.00      0.00        40
          G       0.00      0.00      0.00        72
          M       0.00      0.00      0.00       104
          O       0.00      0.00      0.00         7
          P       0.00      0.00      0.00       133
          R       0.48      0.80      0.60       219

avg / total       0.27      0.48      0.35       831

[[224   0   0   0   0   0  32]
 [  5   0   0   0   0   0  35]
 [ 60   0   0   0   0   0  12]
 [ 29   0   0   0   0   0  75]
 [  5   0   0   0   0   0   2]
 [ 98   0   0   0   0   0  35]
 [ 44   0   0   0   0   0 175]]

SVM linear
Classification_report:
             precision    recall  f1-score   support

          B       0.61      0.71      0.66       256
          C       0.29      0.20      0.24        40
          G       0.41      0.28      0.33        72
          M       0.37      0.27      0.31       104
          O       0.00      0.00      0.00         7
          P       0.64      0.59      0.61       133
          R       0.50      0.59      0.55       219

avg / total       0.52      0.54      0.52       831

[[182   1  23  11   0  13  26]
 [  4   8   0   2   0   3  23]
 [ 43   3  20   0   0   1   5]
 [ 12   0   2  28   0   8  54]
 [  0   1   0   0   0   4   2]
 [ 25   6   1   5   0  78  18]
 [ 32   9   3  30   0  15 130]]

KNN
Classification_report:
             precision    recall  f1-score   support

          B       0.56      0.72      0.63       256
          C       0.19      0.25      0.22        40
          G       0.37      0.47      0.41        72
          M       0.22      0.16      0.19       104
          O       0.00      0.00      0.00         7
          P       0.64      0.45      0.53       133
          R       0.48      0.40      0.44       219

avg / total       0.47      0.47      0.46       831

[[184   2  28  11   0   9  22]
 [  4  10   1   6   0   3  16]
 [ 24   1  34   4   0   3   6]
 [ 33   4  10  17   1   5  34]
 [  2   2   2   0   0   1   0]
 [ 28   8   7  11   2  60  17]
 [ 52  26  11  29   0  13  88]]

NB
Classification_report:
             precision    recall  f1-score   support

          B       0.56      0.41      0.47       256
          C       0.13      0.40      0.20        40
          G       0.29      0.49      0.36        72
          M       0.26      0.27      0.27       104
          O       0.00      0.00      0.00         7
          P       0.45      0.59      0.51       133
          R       0.48      0.26      0.34       219

avg / total       0.43      0.39      0.39       831

[[105  22  57  23   0  28  21]
 [  4  16   4   3   0   8   5]
 [ 22   8  35   1   0   2   4]
 [ 15  10   6  28   0  22  23]
 [  0   1   0   0   0   4   2]
 [  9  20   8  10   0  79   7]
 [ 33  42  12  41   0  34  57]]

DT
Classification_report:
             precision    recall  f1-score   support

          B       0.61      0.59      0.60       256
          C       0.16      0.17      0.17        40
          G       0.37      0.33      0.35        72
          M       0.27      0.31      0.29       104
          O       0.00      0.00      0.00         7
          P       0.48      0.46      0.47       133
          R       0.43      0.42      0.43       219

avg / total       0.45      0.44      0.45       831

[[152   8  16  19   1  16  44]
 [  6   7   3   7   0   3  14]
 [ 24   1  24   9   0   7   7]
 [ 16   9   6  32   1   6  34]
 [  0   1   1   0   0   3   2]
 [ 17   5   5  15   8  61  22]
 [ 33  13  10  35   3  32  93]]

CRF
Classification_report:
             precision    recall  f1-score   support

          B       0.77      0.81      0.79       256
          C       0.67      0.35      0.46        40
          G       0.61      0.46      0.52        72
          M       0.38      0.28      0.32       104
          O       0.00      0.00      0.00         7
          P       0.73      0.62      0.67       133
          R       0.55      0.72      0.62       219

avg / total       0.63      0.63      0.62       831

CRF 2.0
Classification_report:
             precision    recall  f1-score   support

          B       0.94      0.87      0.90       256
          C       0.53      0.42      0.47        40
          G       0.80      0.76      0.78        72
          M       0.72      0.68      0.70       104
          O       0.00      0.00      0.00         7
          P       0.85      0.79      0.82       133
          R       0.67      0.82      0.74       219

avg / total       0.79      0.78      0.78       831
