SVM RBF
Classification_report:
             precision    recall  f1-score   support

          B       0.43      0.44      0.44        77
          C       0.00      0.00      0.00        20
          G       0.00      0.00      0.00        36
          M       0.00      0.00      0.00        45
          O       0.00      0.00      0.00         6
          P       0.40      0.46      0.43        65
          R       0.42      0.77      0.55       117

avg / total       0.30      0.42      0.34       366

[[34  0  0  0  0 16 27]
 [ 2  0  0  0  0  1 17]
 [10  0  0  0  0  8 18]
 [ 9  0  0  0  0  8 28]
 [ 0  0  0  0  0  2  4]
 [ 7  0  0  0  0 30 28]
 [17  0  0  0  0 10 90]]

SVM linear
Classification_report:
             precision    recall  f1-score   support

          B       0.44      0.47      0.45        77
          C       0.00      0.00      0.00        20
          G       0.45      0.28      0.34        36
          M       0.30      0.13      0.18        45
          O       0.00      0.00      0.00         6
          P       0.41      0.40      0.41        65
          R       0.46      0.69      0.55       117

avg / total       0.39      0.43      0.40       366

[[36  0  8  1  0 10 22]
 [ 5  0  0  0  0  2 13]
 [13  1 10  0  0  3  9]
 [ 4  0  0  6  0 10 25]
 [ 0  0  0  0  0  3  3]
 [ 9  0  2  4  0 26 24]
 [15  1  2  9  0  9 81]]

KNN
Classification_report:
             precision    recall  f1-score   support

          B       0.36      0.57      0.44        77
          C       0.15      0.20      0.17        20
          G       0.23      0.28      0.25        36
          M       0.11      0.07      0.08        45
          O       0.00      0.00      0.00         6
          P       0.43      0.34      0.38        65
          R       0.39      0.31      0.34       117

avg / total       0.32      0.33      0.31       366

[[44  4  9  0  0  4 16]
 [ 3  4  1  2  0  4  6]
 [15  1 10  2  0  2  6]
 [14  3  5  3  0  3 17]
 [ 1  0  3  0  0  0  2]
 [11  8  6  8  1 22  9]
 [35  7 10 13  0 16 36]]

NB
Classification_report:
             precision    recall  f1-score   support

          B       0.60      0.12      0.20        77
          C       0.08      0.15      0.11        20
          G       0.38      0.08      0.14        36
          M       0.22      0.36      0.27        45
          O       0.00      0.00      0.00         6
          P       0.31      0.65      0.42        65
          R       0.47      0.40      0.44       117

avg / total       0.40      0.33      0.31       366

[[ 9  9  4 14  0 22 19]
 [ 0  3  0  2  0  8  7]
 [ 3  3  3  4  0 15  8]
 [ 1  2  0 16  0 15 11]
 [ 0  2  0  0  0  3  1]
 [ 0  6  0 10  1 42  6]
 [ 2 11  1 26  0 30 47]]

DT
Classification_report:
             precision    recall  f1-score   support

          B       0.44      0.44      0.44        77
          C       0.08      0.10      0.09        20
          G       0.22      0.25      0.23        36
          M       0.13      0.13      0.13        45
          O       0.50      0.17      0.25         6
          P       0.31      0.28      0.29        65
          R       0.44      0.44      0.44       117

avg / total       0.34      0.33      0.33       366

[[34  4  8 10  0  7 14]
 [ 8  2  1  1  0  2  6]
 [ 6  4  9  3  0  7  7]
 [ 7  1  3  6  0 10 18]
 [ 1  0  0  0  1  2  2]
 [ 7  7  6  8  1 18 18]
 [14  7 14 18  0 13 51]]

CRF
Classification_report:
             precision    recall  f1-score   support

          B       0.60      0.53      0.57        77
          C       0.35      0.35      0.35        20
          G       0.34      0.28      0.31        36
          M       0.24      0.16      0.19        45
          O       0.00      0.00      0.00         6
          P       0.62      0.54      0.58        65
          R       0.50      0.70      0.58       117

avg / total       0.48      0.50      0.48       366


CRF 2.0
Classification_report:
             precision    recall  f1-score   support

          B       0.76      0.65      0.70        77
          C       0.31      0.25      0.28        20
          G       0.49      0.47      0.48        36
          M       0.38      0.33      0.36        45
          O       0.00      0.00      0.00         6
          P       0.62      0.55      0.59        65
          R       0.51      0.66      0.57       117

avg / total       0.54      0.55      0.54       366


SVM RBF
Classification_report:
             precision    recall  f1-score   support

          B       0.81      0.87      0.84       179
          C       0.00      0.00      0.00        20
          G       0.00      0.00      0.00        36
          M       0.00      0.00      0.00        59
          O       0.00      0.00      0.00         1
          P       0.47      0.59      0.52        68
          R       0.48      0.89      0.63       102

avg / total       0.49      0.62      0.54       465

[[155   0   0   0   0  15   9]
 [  0   0   0   0   0   0  20]
 [ 15   0   0   0   0  21   0]
 [  1   0   0   0   0   2  56]
 [  0   0   0   0   0   1   0]
 [ 15   0   0   0   0  40  13]
 [  5   0   0   0   0   6  91]]

SVM linear
Classification_report:
             precision    recall  f1-score   support

          B       0.71      0.87      0.78       179
          C       0.54      0.35      0.42        20
          G       0.30      0.08      0.13        36
          M       0.40      0.29      0.34        59
          O       0.00      0.00      0.00         1
          P       0.63      0.46      0.53        68
          R       0.53      0.69      0.60       102

avg / total       0.58      0.61      0.58       465

[[156   1   6   2   0   8   6]
 [  0   7   0   1   0   1  11]
 [ 31   0   3   0   0   2   0]
 [  3   0   0  17   0   1  38]
 [  0   0   0   0   0   1   0]
 [ 23   1   1   6   0  31   6]
 [  7   4   0  16   0   5  70]]

KNN
Classification_report:
             precision    recall  f1-score   support

          B       0.75      0.87      0.81       179
          C       0.18      0.15      0.16        20
          G       0.67      0.56      0.61        36
          M       0.38      0.39      0.39        59
          O       0.00      0.00      0.00         1
          P       0.75      0.60      0.67        68
          R       0.49      0.46      0.48       102

avg / total       0.61      0.62      0.62       465

[[156   1   8   3   0   6   5]
 [  1   3   0   1   0   1  14]
 [ 16   0  20   0   0   0   0]
 [  5   2   0  23   0   4  25]
 [  0   0   0   0   0   1   0]
 [ 15   0   1   7   0  41   4]
 [ 15  11   1  26   0   2  47]]

NB
Classification_report:
             precision    recall  f1-score   support
          B       0.61      0.67      0.64       179
          C       0.35      0.65      0.46        20
          G       0.29      0.50      0.37        36
          M       0.43      0.37      0.40        59
          O       0.00      0.00      0.00         1
          P       0.40      0.56      0.47        68
          R       0.40      0.10      0.16       102

avg / total       0.47      0.48      0.45       465

[[120   0  35   1   0  18   5]
 [  0  13   0   0   0   6   1]
 [ 18   0  18   0   0   0   0]
 [ 18   1   0  22   0  10   8]
 [  1   0   0   0   0   0   0]
 [ 17   2   7   3   0  38   1]
 [ 22  21   2  25   0  22  10]]

DT
Classification_report:
             precision    recall  f1-score   support
          B       0.77      0.67      0.72       179
          C       0.06      0.05      0.06        20
          G       0.40      0.58      0.48        36
          M       0.34      0.39      0.36        59
          O       0.00      0.00      0.00         1
          P       0.64      0.68      0.66        68
          R       0.43      0.43      0.43       102

avg / total       0.56      0.55      0.55       465

[[120   1  27   9   0  10  12]
 [  0   1   0   5   0   2  12]
 [ 14   0  21   1   0   0   0]
 [  2   3   0  23   0   4  27]
 [  0   0   0   0   0   1   0]
 [  9   2   3   1   0  46   7]
 [ 10   9   1  29   0   9  44]]

CRF
Classification_report:
             precision    recall  f1-score   support
          B       0.83      0.94      0.88       179
          C       0.33      0.20      0.25        20
          G       0.80      0.56      0.66        36
          M       0.46      0.41      0.43        59
          O       0.00      0.00      0.00         1
          P       0.83      0.72      0.77        68
          R       0.54      0.61      0.57       102

avg / total       0.69      0.70      0.69       465

CRF 2.0
Classification_report:
             precision    recall  f1-score   support
          B       0.99      1.00      1.00       179
          C       0.47      0.40      0.43        20
          G       1.00      1.00      1.00        36
          M       0.96      0.92      0.94        59
          O       0.00      0.00      0.00         1
          P       0.96      0.94      0.95        68
          R       0.83      0.89      0.86       102

avg / total       0.93      0.93      0.93       465


SVM RBF
Classification_report:
             precision    recall  f1-score   support
          B       0.69      0.78      0.73       256
          C       0.00      0.00      0.00        40
          G       0.00      0.00      0.00        72
          M       0.00      0.00      0.00       104
          O       0.00      0.00      0.00         7
          P       0.50      0.56      0.53       133
          R       0.47      0.83      0.60       219

avg / total       0.41      0.55      0.47       831

[[200   0   0   1   0  20  35]
 [  4   0   0   0   0   1  35]
 [ 32   0   0   1   0  26  13]
 [ 12   0   0   0   0   8  84]
 [  0   0   0   0   0   3   4]
 [ 22   0   0   0   0  74  37]
 [ 21   0   0   0   0  16 182]]

SVM linear
Classification_report:
             precision    recall  f1-score   support
          B       0.62      0.78      0.69       256
          C       0.00      0.00      0.00        40
          G       0.43      0.17      0.24        72
          M       0.33      0.11      0.16       104
          O       0.00      0.00      0.00         7
          P       0.51      0.46      0.48       133
          R       0.49      0.71      0.58       219

avg / total       0.48      0.53      0.48       831

[[200   1  11   3   0  12  29]
 [  2   0   0   0   0   4  34]
 [ 43   1  12   0   0   7   9]
 [ 12   0   2  11   0  17  62]
 [  0   0   0   0   0   4   3]
 [ 37   3   1   4   0  61  27]
 [ 30   2   2  15   0  15 155]]

KNN
Classification_report:
             precision    recall  f1-score   support
          B       0.55      0.72      0.62       256
          C       0.22      0.25      0.23        40
          G       0.41      0.46      0.43        72
          M       0.30      0.24      0.27       104
          O       0.00      0.00      0.00         7
          P       0.63      0.47      0.54       133
          R       0.50      0.43      0.46       219

avg / total       0.49      0.49      0.48       831

[[184   1  24   9   0  13  25]
 [  5  10   0   7   0   2  16]
 [ 27   0  33   4   0   3   5]
 [ 31   7   6  25   1   5  29]
 [  1   0   2   0   0   1   3]
 [ 29   8   7  10   0  62  17]
 [ 56  20   8  29   0  12  94]]

NB
Classification_report:
             precision    recall  f1-score   support
          B       0.66      0.20      0.31       256
          C       0.14      0.60      0.23        40
          G       0.32      0.31      0.31        72
          M       0.24      0.20      0.22       104
          O       0.00      0.00      0.00         7
          P       0.27      0.80      0.40       133
          R       0.52      0.06      0.11       219

avg / total       0.45      0.29      0.26       831

[[ 52  39  36  17   0 107   5]
 [  0  24   0   1   0  14   1]
 [ 11   5  22   3   0  29   2]
 [  5  20   2  21   1  51   4]
 [  0   2   0   0   0   5   0]
 [  2  14   2   7   1 106   1]
 [  9  66   6  37   2  85  14]]

DT
Classification_report:
             precision    recall  f1-score   support
          B       0.63      0.60      0.61       256
          C       0.17      0.20      0.18        40
          G       0.34      0.43      0.38        72
          M       0.21      0.22      0.22       104
          O       0.00      0.00      0.00         7
          P       0.42      0.40      0.41       133
          R       0.42      0.39      0.40       219

avg / total       0.44      0.43      0.43       831

[[154   4  27  22   0  24  25]
 [  4   8   2   4   0   5  17]
 [ 22   3  31   3   0   7   6]
 [ 11   6   6  23   1  12  45]
 [  0   0   1   1   0   1   4]
 [ 20  13  10   9   8  53  20]
 [ 34  14  15  46   1  24  85]]

CRF
Classification_report:
             precision    recall  f1-score   support
          B       0.74      0.79      0.77       256
          C       0.68      0.33      0.44        40
          G       0.58      0.44      0.50        72
          M       0.33      0.27      0.29       104
          O       0.00      0.00      0.00         7
          P       0.72      0.61      0.66       133
          R       0.53      0.68      0.60       219

avg / total       0.61      0.61      0.60       831

CRF 2.0
Classification_report:
             precision    recall  f1-score   support
          B       0.92      0.86      0.89       256
          C       0.50      0.35      0.41        40
          G       0.82      0.74      0.77        72
          M       0.67      0.63      0.65       104
          O       0.00      0.00      0.00         7
          P       0.80      0.77      0.79       133
          R       0.66      0.80      0.72       219

avg / total       0.76      0.76      0.76       831
