SVM RBF
Classification_report:
             precision    recall  f1-score   support
          B       0.42      0.43      0.42        77
          C       0.00      0.00      0.00        20
          G       0.00      0.00      0.00        36
          M       0.00      0.00      0.00        45
          O       0.00      0.00      0.00         6
          P       0.37      0.43      0.40        65
          R       0.43      0.78      0.55       117

avg / total       0.29      0.42      0.34       366

[[33  0  0  0  0 17 27]
 [ 2  0  0  0  0  1 17]
 [ 9  0  0  0  0  9 18]
 [ 9  0  0  0  0  8 28]
 [ 0  0  0  0  0  2  4]
 [10  0  0  0  0 28 27]
 [16  0  0  0  0 10 91]]

SVM linear
Classification_report:
             precision    recall  f1-score   support
          B       0.41      0.40      0.41        77
          C       0.00      0.00      0.00        20
          G       0.36      0.22      0.28        36
          M       0.30      0.07      0.11        45
          O       0.00      0.00      0.00         6
          P       0.41      0.45      0.43        65
          R       0.45      0.72      0.55       117

avg / total       0.37      0.42      0.38       366

[[31  0  9  3  0  9 25]
 [ 3  0  0  0  0  2 15]
 [14  0  8  0  0  5  9]
 [ 2  0  1  3  0 12 27]
 [ 0  0  0  0  0  3  3]
 [ 9  0  2  1  0 29 24]
 [17  0  2  3  0 11 84]]

KNN
Classification_report:
             precision    recall  f1-score   support
          B       0.36      0.56      0.44        77
          C       0.21      0.30      0.25        20
          G       0.29      0.31      0.30        36
          M       0.13      0.09      0.11        45
          O       0.00      0.00      0.00         6
          P       0.45      0.35      0.40        65
          R       0.40      0.33      0.36       117

avg / total       0.34      0.34      0.33       366

[[43  4  7  0  0  4 19]
 [ 4  6  1  1  0  3  5]
 [11  2 11  3  0  2  7]
 [15  2  4  4  0  3 17]
 [ 1  0  3  0  0  0  2]
 [12  8  4  8  1 23  9]
 [34  6  8 14  0 16 39]]

NB
Classification_report:
             precision    recall  f1-score   support
          B       0.79      0.14      0.24        77
          C       0.02      0.05      0.03        20
          G       1.00      0.06      0.11        36
          M       0.17      0.24      0.20        45
          O       0.00      0.00      0.00         6
          P       0.31      0.62      0.42        65
          R       0.46      0.44      0.45       117

avg / total       0.49      0.32      0.31       366

[[11 12  0 11  1 18 24]
 [ 0  1  0  1  0 10  8]
 [ 2  5  2  5  0 15  7]
 [ 0  1  0 11  0 16 17]
 [ 0  1  0  2  0  1  2]
 [ 0 10  0 12  0 40  3]
 [ 1 12  0 24  1 27 52]]

DT
Classification_report:
             precision    recall  f1-score   support
          B       0.23      0.22      0.23        77
          C       0.10      0.10      0.10        20
          G       0.11      0.14      0.12        36
          M       0.18      0.16      0.17        45
          O       0.00      0.00      0.00         6
          P       0.28      0.28      0.28        65
          R       0.41      0.41      0.41       117

avg / total       0.27      0.27      0.27       366

[[17  5 15  3  1 14 22]
 [ 5  2  2  1  0  4  6]
 [12  0  5  5  1  7  6]
 [ 9  1  5  7  0  8 15]
 [ 1  0  1  0  0  1  3]
 [12  5  5  7  1 18 17]
 [18  7 14 15  2 13 48]]

CRF
Classification_report:
             precision    recall  f1-score   support
          B       0.53      0.52      0.52        77
          C       0.43      0.30      0.35        20
          G       0.25      0.22      0.24        36
          M       0.23      0.13      0.17        45
          O       0.00      0.00      0.00         6
          P       0.55      0.45      0.49        65
          R       0.48      0.62      0.54       117

avg / total       0.44      0.44      0.43       366


CRF 2.0
Classification_report:
             precision    recall  f1-score   support
          B       0.78      0.73      0.75        77
          C       0.41      0.35      0.38        20
          G       0.56      0.50      0.53        36
          M       0.40      0.31      0.35        45
          O       0.00      0.00      0.00         6
          P       0.63      0.62      0.62        65
          R       0.53      0.65      0.58       117

avg / total       0.57      0.58      0.57       366


SVM RBF
Classification_report:
             precision    recall  f1-score   support
          B       0.81      0.85      0.83       179
          C       0.00      0.00      0.00        20
          G       0.00      0.00      0.00        36
          M       0.00      0.00      0.00        59
          O       0.00      0.00      0.00         1
          P       0.46      0.59      0.52        68
          R       0.48      0.89      0.63       102

avg / total       0.48      0.61      0.53       465

[[153   0   0   0   0  17   9]
 [  0   0   0   0   0   0  20]
 [ 15   0   0   0   0  21   0]
 [  1   0   0   0   0   2  56]
 [  0   0   0   0   0   1   0]
 [ 15   0   0   0   0  40  13]
 [  5   0   0   0   0   6  91]]

SVM linear
Classification_report:
             precision    recall  f1-score   support
          B       0.71      0.88      0.79       179
          C       0.38      0.15      0.21        20
          G       0.20      0.03      0.05        36
          M       0.48      0.36      0.41        59
          O       0.00      0.00      0.00         1
          P       0.65      0.47      0.55        68
          R       0.52      0.70      0.59       102

avg / total       0.58      0.62      0.58       465

[[158   1   4   1   0   8   7]
 [  0   3   0   1   0   0  16]
 [ 32   0   1   0   0   3   0]
 [  3   0   0  21   0   1  34]
 [  0   0   0   0   0   1   0]
 [ 23   1   0   3   0  32   9]
 [  6   3   0  18   0   4  71]]

KNN
Classification_report:
             precision    recall  f1-score   support
          B       0.74      0.84      0.79       179
          C       0.19      0.15      0.17        20
          G       0.58      0.53      0.55        36
          M       0.33      0.34      0.34        59
          O       0.00      0.00      0.00         1
          P       0.71      0.59      0.65        68
          R       0.45      0.43      0.44       102

avg / total       0.59      0.60      0.59       465

[[151   0  11   4   0   6   7]
 [  1   3   0   1   0   1  14]
 [ 15   0  19   0   0   2   0]
 [  5   2   0  20   0   4  28]
 [  0   0   0   0   0   1   0]
 [ 15   0   1   8   0  40   4]
 [ 16  11   2  27   0   2  44]]

NB
Classification_report:
             precision    recall  f1-score   support
          B       0.61      0.64      0.63       179
          C       0.29      0.60      0.39        20
          G       0.24      0.47      0.32        36
          M       0.39      0.36      0.37        59
          O       0.00      0.00      0.00         1
          P       0.40      0.57      0.47        68
          R       0.47      0.07      0.12       102

avg / total       0.48      0.45      0.43       465

[[115   0  43   3   0  17   1]
 [  0  12   0   1   0   6   1]
 [ 19   0  17   0   0   0   0]
 [ 17   4   1  21   0  11   5]
 [  1   0   0   0   0   0   0]
 [ 17   2   6   3   0  39   1]
 [ 19  23   3  26   0  24   7]]

DT
Classification_report:
             precision    recall  f1-score   support
          B       0.75      0.72      0.73       179
          C       0.31      0.20      0.24        20
          G       0.56      0.61      0.59        36
          M       0.37      0.36      0.36        59
          O       0.00      0.00      0.00         1
          P       0.53      0.59      0.56        68
          R       0.45      0.48      0.46       102

avg / total       0.57      0.57      0.57       465

[[128   0  15   0   0  19  17]
 [  1   4   0   4   0   2   9]
 [ 14   0  22   0   0   0   0]
 [  4   1   0  21   0   6  27]
 [  0   0   0   0   0   1   0]
 [ 11   0   2   7   1  40   7]
 [ 12   8   0  25   0   8  49]]

CRF
Classification_report:
             precision    recall  f1-score   support
          B       0.84      0.94      0.89       179
          C       0.29      0.20      0.24        20
          G       0.83      0.53      0.64        36
          M       0.52      0.47      0.50        59
          O       0.00      0.00      0.00         1
          P       0.81      0.74      0.77        68
          R       0.57      0.62      0.59       102

avg / total       0.71      0.72      0.71       465


CRF 2.0
Classification_report:
             precision    recall  f1-score   support
          B       0.99      1.00      1.00       179
          C       0.50      0.35      0.41        20
          G       1.00      1.00      1.00        36
          M       0.95      0.92      0.93        59
          O       0.00      0.00      0.00         1
          P       0.94      0.93      0.93        68
          R       0.83      0.90      0.86       102

avg / total       0.92      0.93      0.92       465


SVM RBF
Classification_report:
             precision    recall  f1-score   support
          B       0.70      0.78      0.74       256
          C       0.00      0.00      0.00        40
          G       0.00      0.00      0.00        72
          M       0.00      0.00      0.00       104
          O       0.00      0.00      0.00         7
          P       0.48      0.56      0.52       133
          R       0.47      0.84      0.60       219

avg / total       0.42      0.55      0.47       831

[[200   0   0   1   0  20  35]
 [  4   0   0   0   0   1  35]
 [ 26   0   0   1   0  32  13]
 [ 12   0   0   0   0   8  84]
 [  0   0   0   0   0   3   4]
 [ 22   0   0   0   0  74  37]
 [ 20   0   0   0   0  16 183]]

SVM linear
Classification_report:
             precision    recall  f1-score   support
          B       0.60      0.79      0.68       256
          C       0.00      0.00      0.00        40
          G       0.38      0.08      0.14        72
          M       0.44      0.07      0.12       104
          O       0.00      0.00      0.00         7
          P       0.50      0.47      0.48       133
          R       0.49      0.75      0.59       219

avg / total       0.48      0.53      0.47       831

[[203   0   9   0   0  12  32]
 [  3   0   0   0   0   6  31]
 [ 49   0   6   0   0   8   9]
 [ 16   0   0   7   0  16  65]
 [  0   0   0   0   0   4   3]
 [ 37   1   0   3   0  62  30]
 [ 32   1   1   6   0  15 164]]

KNN
Classification_report:
             precision    recall  f1-score   support
          B       0.56      0.71      0.62       256
          C       0.25      0.23      0.24        40
          G       0.40      0.46      0.43        72
          M       0.24      0.19      0.21       104
          O       0.00      0.00      0.00         7
          P       0.60      0.47      0.52       133
          R       0.46      0.42      0.44       219

avg / total       0.46      0.48      0.47       831

[[181   1  24  10   0  14  26]
 [  5   9   0   6   0   2  18]
 [ 27   0  33   4   0   3   5]
 [ 28   3   8  20   0   9  36]
 [  1   0   2   0   0   1   3]
 [ 29   6   7   9   0  62  20]
 [ 53  17   9  36   0  13  91]]

NB
Classification_report:
             precision    recall  f1-score   support
          B       0.73      0.24      0.36       256
          C       0.13      0.55      0.21        40
          G       0.34      0.28      0.31        72
          M       0.30      0.23      0.26       104
          O       0.00      0.00      0.00         7
          P       0.25      0.77      0.37       133
          R       0.43      0.04      0.07       219

avg / total       0.45      0.29      0.26       831

[[ 62  25  25  14   2 125   3]
 [  1  22   0   1   0  14   2]
 [  8   9  20   4   1  30   0]
 [  1  19   4  24   2  48   6]
 [  0   1   0   0   0   6   0]
 [  4  16   2   6   2 102   1]
 [  9  74   7  31   2  87   9]]

DT
Classification_report:
             precision    recall  f1-score   support
          B       0.59      0.57      0.58       256
          C       0.17      0.15      0.16        40
          G       0.27      0.33      0.30        72
          M       0.20      0.20      0.20       104
          O       0.00      0.00      0.00         7
          P       0.49      0.50      0.49       133
          R       0.44      0.42      0.43       219

avg / total       0.43      0.43      0.43       831

[[145   9  35  13   1  22  31]
 [  4   6   4   5   0   7  14]
 [ 22   1  24   4   2  10   9]
 [ 16   5   6  21   1  12  43]
 [  0   0   1   3   0   2   1]
 [ 19   5   8  13   1  67  20]
 [ 40  10  12  47   0  18  92]]

CRF
Classification_report:
             precision    recall  f1-score   support
          B       0.77      0.79      0.78       256
          C       0.74      0.35      0.47        40
          G       0.59      0.44      0.51        72
          M       0.36      0.26      0.30       104
          O       0.00      0.00      0.00         7
          P       0.68      0.59      0.63       133
          R       0.54      0.74      0.63       219

avg / total       0.62      0.62      0.61       831

CRF 2.0
Classification_report:
             precision    recall  f1-score   support
          B       0.93      0.88      0.90       256
          C       0.53      0.47      0.50        40
          G       0.79      0.74      0.76        72
          M       0.72      0.69      0.71       104
          O       0.00      0.00      0.00         7
          P       0.82      0.77      0.80       133
          R       0.70      0.84      0.76       219

avg / total       0.79      0.79      0.78       831
