SVM RBF
Classification_report:
             precision    recall  f1-score   support

          B       0.32      0.58      0.41        77
          C       0.00      0.00      0.00        20
          G       0.00      0.00      0.00        36
          M       0.00      0.00      0.00        45
          O       0.00      0.00      0.00         6
          P       0.00      0.00      0.00        65
          R       0.42      0.79      0.55       117

avg / total       0.20      0.38      0.26       366

[[45  0  0  0  0  0 32]
 [ 3  0  0  0  0  0 17]
 [18  0  0  0  0  0 18]
 [14  0  0  0  0  0 31]
 [ 2  0  0  0  0  0  4]
 [36  0  0  0  0  0 29]
 [24  0  0  0  0  0 93]]

SVM linear
Classification_report:
             precision    recall  f1-score   support

          B       0.45      0.49      0.47        77
          C       0.20      0.05      0.08        20
          G       0.42      0.31      0.35        36
          M       0.21      0.13      0.16        45
          O       1.00      0.17      0.29         6
          P       0.56      0.52      0.54        65
          R       0.49      0.67      0.57       117

avg / total       0.44      0.46      0.44       366

[[38  0  8  4  0  6 21]
 [ 5  1  0  0  0  1 13]
 [16  2 11  0  0  0  7]
 [ 6  0  1  6  0  7 25]
 [ 0  0  0  0  1  3  2]
 [ 7  1  3  7  0 34 13]
 [13  1  3 12  0 10 78]]

KNN
Classification_report:
             precision    recall  f1-score   support

          B       0.36      0.57      0.44        77
          C       0.14      0.20      0.16        20
          G       0.24      0.25      0.25        36
          M       0.16      0.11      0.13        45
          O       0.00      0.00      0.00         6
          P       0.43      0.37      0.40        65
          R       0.39      0.29      0.33       117

avg / total       0.33      0.33      0.32       366

[[44  3  8  1  0  5 16]
 [ 2  4  1  1  0  5  7]
 [15  3  9  1  0  2  6]
 [12  4  4  5  1  4 15]
 [ 1  0  3  1  0  0  1]
 [14  7  3  8  1 24  8]
 [35  8  9 14  1 16 34]]

NB
Classification_report:
             precision    recall  f1-score   support

          B       0.55      0.30      0.39        77
          C       0.14      0.15      0.14        20
          G       0.41      0.31      0.35        36
          M       0.24      0.29      0.26        45
          O       0.00      0.00      0.00         6
          P       0.43      0.65      0.52        65
          R       0.43      0.44      0.44       117

avg / total       0.40      0.39      0.39       366

[[23  3 11  9  0 10 21]
 [ 1  3  0  0  0  7  9]
 [ 5  3 11  1  0  5 11]
 [ 2  0  2 13  0  9 19]
 [ 0  1  0  0  0  2  3]
 [ 1  4  2  9  0 42  7]
 [10  8  1 23  0 23 52]]

DT
Classification_report:
             precision    recall  f1-score   support

          B       0.24      0.22      0.23        77
          C       0.00      0.00      0.00        20
          G       0.07      0.08      0.08        36
          M       0.16      0.13      0.15        45
          O       0.11      0.17      0.13         6
          P       0.32      0.29      0.30        65
          R       0.42      0.44      0.43       117

avg / total       0.27      0.27      0.27       366

[[17  6  8 10  2 18 16]
 [ 6  0  2  3  1  0  8]
 [11  1  3  3  0  5 13]
 [ 7  3  6  6  1  5 17]
 [ 1  0  1  0  1  3  0]
 [13  4  7  4  1 19 17]
 [17 10 15 11  3 10 51]]

CRF
Classification_report:
             precision    recall  f1-score   support

          B       0.51      0.52      0.52        77
          C       0.42      0.25      0.31        20
          G       0.28      0.22      0.25        36
          M       0.21      0.13      0.16        45
          O       0.00      0.00      0.00         6
          P       0.56      0.46      0.50        65
          R       0.50      0.68      0.57       117

avg / total       0.44      0.46      0.44       366

CRF 2.0
Classification_report:
             precision    recall  f1-score   support

          B       0.76      0.69      0.72        77
          C       0.42      0.25      0.31        20
          G       0.55      0.47      0.51        36
          M       0.42      0.33      0.37        45
          O       0.00      0.00      0.00         6
          P       0.65      0.62      0.63        65
          R       0.56      0.72      0.63       117

avg / total       0.58      0.58      0.58       366


SVM RBF
Classification_report:
             precision    recall  f1-score   support

          B       0.61      0.95      0.74       179
          C       0.00      0.00      0.00        20
          G       0.00      0.00      0.00        36
          M       0.00      0.00      0.00        59
          O       0.00      0.00      0.00         1
          P       0.20      0.01      0.03        68
          R       0.49      0.87      0.63       102

avg / total       0.37      0.56      0.43       465

[[170   0   0   0   0   0   9]
 [  0   0   0   1   0   0  19]
 [ 36   0   0   0   0   0   0]
 [  5   0   0   0   0   1  53]
 [  1   0   0   0   0   0   0]
 [ 57   0   0   0   0   1  10]
 [ 10   0   0   0   0   3  89]]

SVM linear
Classification_report:
             precision    recall  f1-score   support

          B       0.75      0.84      0.79       179
          C       0.50      0.30      0.37        20
          G       0.52      0.36      0.43        36
          M       0.46      0.36      0.40        59
          O       0.00      0.00      0.00         1
          P       0.64      0.54      0.59        68
          R       0.52      0.62      0.56       102

avg / total       0.61      0.63      0.61       465

[[151   0  12   0   0  10   6]
 [  0   6   0   1   0   0  13]
 [ 23   0  13   0   0   0   0]
 [  3   0   0  21   0   3  32]
 [  0   0   0   0   0   1   0]
 [ 17   1   0   5   0  37   8]
 [  8   5   0  19   0   7  63]]

KNN
Classification_report:
             precision    recall  f1-score   support

          B       0.77      0.88      0.82       179
          C       0.19      0.20      0.20        20
          G       0.65      0.56      0.60        36
          M       0.40      0.42      0.41        59
          O       0.00      0.00      0.00         1
          P       0.78      0.59      0.67        68
          R       0.50      0.46      0.48       102

avg / total       0.63      0.63      0.63       465

[[158   0   8   3   0   4   6]
 [  1   4   0   1   0   1  13]
 [ 16   0  20   0   0   0   0]
 [  5   3   0  25   0   3  23]
 [  0   0   0   0   0   1   0]
 [ 16   0   0   7   0  40   5]
 [ 10  14   3  26   0   2  47]]

NB
Classification_report:
             precision    recall  f1-score   support

          B       0.63      0.68      0.65       179
          C       0.31      0.40      0.35        20
          G       0.23      0.39      0.29        36
          M       0.41      0.37      0.39        59
          O       0.00      0.00      0.00         1
          P       0.46      0.62      0.53        68
          R       0.55      0.21      0.30       102

avg / total       0.51      0.49      0.48       465

[[122   1  38   5   0  10   3]
 [  2   8   0   0   0   8   2]
 [ 22   0  14   0   0   0   0]
 [ 14   2   2  22   0  10   9]
 [  1   0   0   0   0   0   0]
 [ 11   4   3   5   0  42   3]
 [ 23  11   4  22   0  21  21]]

DT
Classification_report:
             precision    recall  f1-score   support

          B       0.74      0.73      0.73       179
          C       0.19      0.15      0.17        20
          G       0.54      0.56      0.55        36
          M       0.38      0.39      0.38        59
          O       0.00      0.00      0.00         1
          P       0.59      0.54      0.56        68
          R       0.49      0.51      0.50       102

avg / total       0.57      0.57      0.57       465

[[131   0  16   8   0  11  13]
 [  1   3   0   6   0   0  10]
 [ 16   0  20   0   0   0   0]
 [  7   3   0  23   0   4  22]
 [  0   0   0   0   0   1   0]
 [ 11   2   1   4   4  37   9]
 [ 12   8   0  20   0  10  52]]

CRF
Classification_report:
             precision    recall  f1-score   support

          B       0.83      0.94      0.88       179
          C       0.29      0.20      0.24        20
          G       0.79      0.53      0.63        36
          M       0.45      0.41      0.43        59
          O       0.00      0.00      0.00         1
          P       0.83      0.71      0.76        68
          R       0.53      0.59      0.56       102

avg / total       0.69      0.69      0.69       465

CRF 2.0
Classification_report:
             precision    recall  f1-score   support

          B       0.99      1.00      1.00       179
          C       0.60      0.45      0.51        20
          G       1.00      1.00      1.00        36
          M       0.93      0.92      0.92        59
          O       0.00      0.00      0.00         1
          P       0.94      0.94      0.94        68
          R       0.85      0.90      0.88       102

avg / total       0.93      0.93      0.93       465


SVM RBF
Classification_report:
             precision    recall  f1-score   support

          B       0.50      0.82      0.62       256
          C       0.00      0.00      0.00        40
          G       0.00      0.00      0.00        72
          M       0.00      0.00      0.00       104
          O       0.00      0.00      0.00         7
          P       0.09      0.02      0.03       133
          R       0.47      0.82      0.60       219

avg / total       0.29      0.47      0.35       831

[[210   0   0   0   0  13  33]
 [  4   0   0   0   0   0  36]
 [ 59   0   0   0   0   1  12]
 [ 16   0   0   0   0   4  84]
 [  4   0   0   0   0   0   3]
 [ 93   0   0   0   0   2  38]
 [ 36   0   0   0   0   3 180]]

SVM linear
Classification_report:
             precision    recall  f1-score   support

          B       0.58      0.72      0.64       256
          C       0.33      0.20      0.25        40
          G       0.44      0.29      0.35        72
          M       0.32      0.17      0.22       104
          O       0.00      0.00      0.00         7
          P       0.63      0.55      0.59       133
          R       0.49      0.61      0.54       219

avg / total       0.50      0.53      0.51       831

[[184   1  19   6   0  12  34]
 [  5   8   0   0   0   4  23]
 [ 43   3  21   0   0   1   4]
 [ 20   0   2  18   0   9  55]
 [  0   0   0   0   0   5   2]
 [ 31   4   2   3   0  73  20]
 [ 32   8   4  30   0  12 133]]

KNN
Classification_report:
             precision    recall  f1-score   support

          B       0.57      0.72      0.64       256
          C       0.20      0.28      0.23        40
          G       0.38      0.47      0.42        72
          M       0.23      0.18      0.20       104
          O       0.00      0.00      0.00         7
          P       0.67      0.45      0.54       133
          R       0.48      0.42      0.45       219

avg / total       0.48      0.48      0.47       831

[[184   2  27  13   0   9  21]
 [  5  11   0   6   0   3  15]
 [ 24   1  34   4   0   3   6]
 [ 28   5  10  19   1   4  37]
 [  2   0   2   0   0   1   2]
 [ 31   8   7   9   2  60  16]
 [ 49  27  10  32   0  10  91]]

NB
Classification_report:
             precision    recall  f1-score   support

          B       0.58      0.35      0.44       256
          C       0.15      0.50      0.23        40
          G       0.30      0.42      0.35        72
          M       0.24      0.29      0.26       104
          O       0.00      0.00      0.00         7
          P       0.41      0.70      0.52       133
          R       0.47      0.19      0.27       219

avg / total       0.43      0.37      0.36       831

[[90 29 51 29  0 42 15]
 [ 2 20  2  1  0 11  4]
 [18 12 30  4  0  5  3]
 [13  9  6 30  0 27 19]
 [ 0  2  0  0  0  4  1]
 [ 6 16  2 10  0 93  6]
 [27 46  8 50  0 46 42]]

DT
Classification_report:
             precision    recall  f1-score   support

          B       0.63      0.59      0.61       256
          C       0.15      0.17      0.16        40
          G       0.33      0.33      0.33        72
          M       0.16      0.14      0.15       104
          O       0.00      0.00      0.00         7
          P       0.50      0.52      0.51       133
          R       0.40      0.41      0.40       219

avg / total       0.43      0.43      0.43       831

[[152   4  21  24   1  19  35]
 [  6   7   0   4   0   2  21]
 [ 21   2  24   3   2   6  14]
 [ 16   9   7  15   1   9  47]
 [  1   0   0   0   0   4   2]
 [ 16   7   8  11   4  69  18]
 [ 31  18  13  36   2  29  90]]

CRF
Classification_report:
             precision    recall  f1-score   support

          B       0.79      0.80      0.80       256
          C       0.62      0.33      0.43        40
          G       0.63      0.44      0.52        72
          M       0.39      0.28      0.33       104
          O       0.00      0.00      0.00         7
          P       0.73      0.62      0.67       133
          R       0.54      0.74      0.62       219

avg / total       0.63      0.63      0.62       831

CRF 2.0
Classification_report:
             precision    recall  f1-score   support

          B       0.94      0.87      0.90       256
          C       0.52      0.35      0.42        40
          G       0.82      0.74      0.77        72
          M       0.69      0.65      0.67       104
          O       0.00      0.00      0.00         7
          P       0.83      0.78      0.81       133
          R       0.66      0.83      0.74       219

avg / total       0.78      0.77      0.77       831
