SVM RBF
Classification_report:
             precision    recall  f1-score   support

          B       0.31      0.57      0.41        77
          C       0.00      0.00      0.00        20
          G       0.00      0.00      0.00        36
          M       0.00      0.00      0.00        45
          O       0.00      0.00      0.00         6
          P       0.00      0.00      0.00        65
          R       0.41      0.79      0.54       117

avg / total       0.20      0.37      0.26       366

[[44  0  0  0  0  0 33]
 [ 3  0  0  0  0  0 17]
 [17  0  0  0  0  0 19]
 [14  0  0  0  0  0 31]
 [ 2  0  0  0  0  0  4]
 [36  0  0  0  0  0 29]
 [24  0  0  0  0  0 93]]

SVM linear
Classification_report:
             precision    recall  f1-score   support

          B       0.45      0.51      0.48        77
          C       0.00      0.00      0.00        20
          G       0.52      0.39      0.44        36
          M       0.25      0.13      0.17        45
          O       0.00      0.00      0.00         6
          P       0.53      0.52      0.53        65
          R       0.48      0.66      0.56       117

avg / total       0.43      0.46      0.44       366

[[39  0  6  4  0  6 22]
 [ 3  0  0  0  0  2 15]
 [14  2 14  0  0  1  5]
 [ 5  0  1  6  0  8 25]
 [ 0  0  1  0  0  4  1]
 [ 8  1  3  4  0 34 15]
 [17  2  2 10  0  9 77]]

KNN
Classification_report:
             precision    recall  f1-score   support

          B       0.38      0.64      0.47        77
          C       0.14      0.20      0.16        20
          G       0.31      0.31      0.31        36
          M       0.12      0.09      0.10        45
          O       0.00      0.00      0.00         6
          P       0.41      0.34      0.37        65
          R       0.40      0.28      0.33       117

avg / total       0.33      0.34      0.32       366

[[49  3  5  2  0  5 13]
 [ 4  4  1  1  0  5  5]
 [16  3 11  1  0  2  3]
 [13  2  4  4  0  4 18]
 [ 1  0  2  1  0  1  1]
 [11  9  4  9  1 22  9]
 [36  8  9 15  1 15 33]]

NB
Classification_report:
             precision    recall  f1-score   support

          B       0.60      0.38      0.46        77
          C       0.19      0.20      0.20        20
          G       0.38      0.28      0.32        36
          M       0.24      0.31      0.27        45
          O       0.00      0.00      0.00         6
          P       0.44      0.68      0.53        65
          R       0.46      0.44      0.45       117

avg / total       0.43      0.42      0.41       366

[[29  3 10  8  0  9 18]
 [ 0  4  0  1  0  6  9]
 [ 8  3 10  2  0  6  7]
 [ 2  0  2 14  0  9 18]
 [ 0  0  0  0  0  4  2]
 [ 1  4  2  7  0 44  7]
 [ 8  7  2 26  0 23 51]]

DT
Classification_report:
             precision    recall  f1-score   support

          B       0.31      0.30      0.30        77
          C       0.03      0.05      0.03        20
          G       0.21      0.19      0.20        36
          M       0.16      0.18      0.17        45
          O       0.00      0.00      0.00         6
          P       0.25      0.25      0.25        65
          R       0.36      0.32      0.34       117

avg / total       0.27      0.25      0.26       366

[[23  8 10  5  1 10 20]
 [ 2  1  2  3  0  5  7]
 [ 7  6  7  4  0  5  7]
 [12  6  0  8  0  7 12]
 [ 1  1  0  1  0  0  3]
 [14  4  7  6  1 16 17]
 [16 12  7 23  2 20 37]]

CRF
Classification_report:
             precision    recall  f1-score   support

          B       0.53      0.51      0.52        77
          C       0.37      0.35      0.36        20
          G       0.32      0.25      0.28        36
          M       0.20      0.13      0.16        45
          O       0.00      0.00      0.00         6
          P       0.56      0.45      0.50        65
          R       0.50      0.68      0.57       117

avg / total       0.45      0.46      0.45       366

CRF 2.0
Classification_report:
             precision    recall  f1-score   support

          B       0.80      0.66      0.72        77
          C       0.36      0.25      0.29        20
          G       0.59      0.47      0.52        36
          M       0.36      0.33      0.34        45
          O       0.00      0.00      0.00         6
          P       0.64      0.60      0.62        65
          R       0.52      0.68      0.59       117

avg / total       0.57      0.56      0.56       366


SVM RBF
Classification_report:
             precision    recall  f1-score   support

          B       0.60      0.95      0.74       179
          C       0.00      0.00      0.00        20
          G       0.00      0.00      0.00        36
          M       0.00      0.00      0.00        59
          O       0.00      0.00      0.00         1
          P       0.25      0.01      0.03        68
          R       0.50      0.87      0.63       102

avg / total       0.38      0.56      0.43       465

[[170   0   0   0   0   0   9]
 [  0   0   0   1   0   0  19]
 [ 36   0   0   0   0   0   0]
 [  6   0   0   0   0   1  52]
 [  1   0   0   0   0   0   0]
 [ 57   0   0   0   0   1  10]
 [ 11   0   0   0   0   2  89]]

SVM linear
Classification_report:
             precision    recall  f1-score   support

          B       0.73      0.87      0.79       179
          C       0.50      0.25      0.33        20
          G       0.61      0.31      0.41        36
          M       0.41      0.34      0.37        59
          O       0.00      0.00      0.00         1
          P       0.70      0.56      0.62        68
          R       0.52      0.63      0.57       102

avg / total       0.62      0.63      0.61       465

[[155   1   7   2   0   9   5]
 [  0   5   0   1   0   0  14]
 [ 25   0  11   0   0   0   0]
 [  4   0   0  20   0   3  32]
 [  0   0   0   0   0   1   0]
 [ 19   1   0   3   0  38   7]
 [  9   3   0  23   0   3  64]]

KNN
Classification_report:
             precision    recall  f1-score   support

          B       0.75      0.87      0.81       179
          C       0.19      0.20      0.20        20
          G       0.57      0.56      0.56        36
          M       0.42      0.42      0.42        59
          O       0.00      0.00      0.00         1
          P       0.80      0.59      0.68        68
          R       0.52      0.47      0.49       102

avg / total       0.63      0.63      0.62       465

[[155   1  11   3   0   4   5]
 [  1   4   0   1   0   1  13]
 [ 16   0  20   0   0   0   0]
 [  7   3   0  25   0   2  22]
 [  0   0   0   0   0   1   0]
 [ 15   0   1   7   0  40   5]
 [ 12  13   3  24   0   2  48]]

NB
Classification_report:
             precision    recall  f1-score   support

          B       0.60      0.62      0.61       179
          C       0.33      0.40      0.36        20
          G       0.23      0.36      0.28        36
          M       0.34      0.37      0.36        59
          O       0.00      0.00      0.00         1
          P       0.42      0.59      0.49        68
          R       0.49      0.19      0.27       102

avg / total       0.47      0.46      0.45       465

[[111   2  37   7   0  17   5]
 [  2   8   0   1   0   8   1]
 [ 20   0  13   2   0   0   1]
 [ 14   1   1  22   0  11  10]
 [  0   0   0   0   0   1   0]
 [ 14   2   3   6   0  40   3]
 [ 25  11   2  26   0  19  19]]

DT
Classification_report:
             precision    recall  f1-score   support

          B       0.72      0.71      0.71       179
          C       0.18      0.20      0.19        20
          G       0.41      0.50      0.45        36
          M       0.22      0.22      0.22        59
          O       0.00      0.00      0.00         1
          P       0.57      0.54      0.56        68
          R       0.42      0.41      0.42       102

avg / total       0.52      0.52      0.52       465

[[127   1  22   5   0  13  11]
 [  1   4   0   4   0   3   8]
 [ 18   0  18   0   0   0   0]
 [  7   4   0  13   0   5  30]
 [  0   0   0   0   0   1   0]
 [ 15   1   2   5   0  37   8]
 [  9  12   2  31   0   6  42]]

CRF
Classification_report:
             precision    recall  f1-score   support

          B       0.84      0.93      0.88       179
          C       0.36      0.20      0.26        20
          G       0.83      0.56      0.67        36
          M       0.46      0.41      0.43        59
          O       0.00      0.00      0.00         1
          P       0.81      0.71      0.76        68
          R       0.54      0.64      0.59       102

avg / total       0.70      0.71      0.70       465

CRF 2.0
Classification_report:
             precision    recall  f1-score   support

          B       0.99      1.00      1.00       179
          C       0.50      0.40      0.44        20
          G       1.00      1.00      1.00        36
          M       0.93      0.92      0.92        59
          O       0.00      0.00      0.00         1
          P       0.95      0.93      0.94        68
          R       0.83      0.89      0.86       102

avg / total       0.92      0.93      0.92       465


SVM RBF
Classification_report:
             precision    recall  f1-score   support

          B       0.49      0.82      0.62       256
          C       0.00      0.00      0.00        40
          G       0.00      0.00      0.00        72
          M       0.00      0.00      0.00       104
          O       0.00      0.00      0.00         7
          P       0.05      0.01      0.01       133
          R       0.47      0.82      0.60       219

avg / total       0.28      0.47      0.35       831

[[209   0   0   0   0  13  34]
 [  4   0   0   0   0   0  36]
 [ 59   0   0   0   0   1  12]
 [ 16   0   0   0   0   4  84]
 [  4   0   0   0   0   0   3]
 [ 95   0   0   0   0   1  37]
 [ 36   0   0   0   0   3 180]]

SVM linear
Classification_report:
             precision    recall  f1-score   support

          B       0.60      0.75      0.67       256
          C       0.27      0.07      0.12        40
          G       0.48      0.29      0.36        72
          M       0.28      0.14      0.19       104
          O       0.00      0.00      0.00         7
          P       0.63      0.55      0.59       133
          R       0.48      0.63      0.54       219

avg / total       0.50      0.53      0.50       831

[[193   0  15   5   0  10  33]
 [  4   3   2   1   0   2  28]
 [ 45   1  21   0   0   1   4]
 [ 18   0   1  15   0  12  58]
 [  0   0   0   0   0   5   2]
 [ 28   3   1   5   0  73  23]
 [ 35   4   4  27   0  12 137]]

KNN
Classification_report:
             precision    recall  f1-score   support

          B       0.55      0.70      0.61       256
          C       0.24      0.28      0.26        40
          G       0.38      0.46      0.42        72
          M       0.27      0.22      0.24       104
          O       0.00      0.00      0.00         7
          P       0.62      0.44      0.52       133
          R       0.49      0.42      0.46       219

avg / total       0.48      0.48      0.47       831

[[179   1  29  10   0  11  26]
 [  6  11   0   6   0   3  14]
 [ 27   0  33   4   0   3   5]
 [ 29   3   9  23   1   6  33]
 [  2   0   1   0   0   2   2]
 [ 33   8   6  10   1  59  16]
 [ 51  23   9  32   0  11  93]]

NB
Classification_report:
             precision    recall  f1-score   support

          B       0.61      0.36      0.45       256
          C       0.13      0.42      0.20        40
          G       0.33      0.47      0.39        72
          M       0.24      0.27      0.25       104
          O       0.00      0.00      0.00         7
          P       0.40      0.71      0.51       133
          R       0.48      0.21      0.29       219

avg / total       0.44      0.38      0.37       831

[[93 30 50 29  0 41 13]
 [ 1 17  4  2  0 11  5]
 [17  9 34  2  0  5  5]
 [10 13  5 28  0 28 20]
 [ 0  1  0  0  0  6  0]
 [ 5 15  3 10  0 95  5]
 [27 44  7 45  0 51 45]]

DT
Classification_report:
             precision    recall  f1-score   support

          B       0.58      0.55      0.56       256
          C       0.08      0.12      0.10        40
          G       0.34      0.36      0.35        72
          M       0.21      0.20      0.21       104
          O       0.00      0.00      0.00         7
          P       0.45      0.44      0.45       133
          R       0.44      0.43      0.44       219

avg / total       0.43      0.42      0.42       831

[[141   6  20  25   1  28  35]
 [  4   5   3   8   0   4  16]
 [ 21   5  26   6   1   7   6]
 [ 14  12   6  21   1  13  37]
 [  0   0   1   2   0   2   2]
 [ 21  10   8   9   3  59  23]
 [ 44  21  12  29   2  17  94]]

CRF
Classification_report:
             precision    recall  f1-score   support

          B       0.76      0.80      0.78       256
          C       0.72      0.33      0.45        40
          G       0.62      0.46      0.53        72
          M       0.34      0.25      0.29       104
          O       0.00      0.00      0.00         7
          P       0.71      0.61      0.66       133
          R       0.53      0.72      0.61       219

avg / total       0.62      0.62      0.61       831

CRF 2.0
Classification_report:
             precision    recall  f1-score   support

          B       0.93      0.87      0.90       256
          C       0.57      0.40      0.47        40
          G       0.77      0.74      0.75        72
          M       0.72      0.67      0.70       104
          O       0.00      0.00      0.00         7
          P       0.82      0.77      0.79       133
          R       0.68      0.83      0.75       219

avg / total       0.78      0.78      0.77       831
x