SVM RBF
Classification_report:
             precision    recall  f1-score   support

          B       0.41      0.21      0.28        77
          C       0.00      0.00      0.00        20
          G       0.00      0.00      0.00        36
          M       0.00      0.00      0.00        45
          O       0.00      0.00      0.00         6
          P       0.67      0.06      0.11        65
          R       0.33      0.91      0.48       117

avg / total       0.31      0.34      0.23       366

[[ 16   0   0   0   0   0  61]
 [  2   0   0   0   0   0  18]
 [  5   0   0   0   0   0  31]
 [  1   0   0   0   0   1  43]
 [  1   0   0   0   0   0   5]
 [  4   0   0   0   0   4  57]
 [ 10   0   0   0   0   1 106]]

SVM linear
Classification_report:
             precision    recall  f1-score   support

          B       0.41      0.48      0.44        77
          C       0.23      0.30      0.26        20
          G       0.43      0.36      0.39        36
          M       0.28      0.33      0.30        45
          O       0.67      0.33      0.44         6
          P       0.56      0.45      0.50        65
          R       0.50      0.47      0.48       117

avg / total       0.44      0.43      0.43       366

[[37  3 10  6  0  3 18]
 [ 5  6  0  1  0  1  7]
 [16  2 13  0  0  0  5]
 [ 7  0  2 15  0  6 15]
 [ 0  0  0  0  2  3  1]
 [ 6  5  4 10  1 29 10]
 [19 10  1 22  0 10 55]]

KNN
Classification_report:
             precision    recall  f1-score   support

          B       0.24      0.30      0.27        77
          C       0.06      0.25      0.10        20
          G       0.31      0.25      0.28        36
          M       0.21      0.11      0.14        45
          O       0.00      0.00      0.00         6
          P       0.40      0.43      0.41        65
          R       0.53      0.32      0.40       117

avg / total       0.35      0.29      0.31       366

[[23 17  9  3  0 13 12]
 [ 9  5  2  0  0  2  2]
 [13 11  9  0  0  1  2]
 [17  3  0  5  0  8 12]
 [ 0  2  0  0  0  3  1]
 [10 16  3  4  0 28  4]
 [22 25  6 12  0 15 37]]

NB
Classification_report:
             precision    recall  f1-score   support

          B       0.45      0.31      0.37        77
          C       0.20      0.15      0.17        20
          G       0.33      0.39      0.36        36
          M       0.23      0.27      0.24        45
          O       0.00      0.00      0.00         6
          P       0.42      0.68      0.51        65
          R       0.45      0.38      0.41       117

avg / total       0.39      0.39      0.38       366

[[24  1 17  8  0 10 17]
 [ 0  3  3  1  0  8  5]
 [11  2 14  1  0  3  5]
 [ 1  1  1 12  0 14 16]
 [ 0  0  0  1  0  2  3]
 [ 1  3  4  6  0 44  7]
 [16  5  3 24  0 25 44]]

DT
Classification_report:
             precision    recall  f1-score   support

          B       0.33      0.31      0.32        77
          C       0.19      0.30      0.24        20
          G       0.07      0.06      0.06        36
          M       0.17      0.20      0.18        45
          O       0.00      0.00      0.00         6
          P       0.23      0.23      0.23        65
          R       0.34      0.32      0.33       117

avg / total       0.26      0.26      0.26       366

[[24  7  4 10  0 13 19]
 [ 6  6  1  2  0  1  4]
 [ 7  4  2  4  1  5 13]
 [ 9  2  3  9  0  6 16]
 [ 2  0  0  1  0  1  2]
 [ 9  5  7 10  0 15 19]
 [16  7 12 18  3 23 38]]

CRF
Classification_report:
             precision    recall  f1-score   support

          B       0.58      0.51      0.54        77
          C       0.47      0.35      0.40        20
          G       0.31      0.22      0.26        36
          M       0.17      0.11      0.14        45
          O       0.00      0.00      0.00         6
          P       0.60      0.49      0.54        65
          R       0.50      0.71      0.58       117

avg / total       0.47      0.48      0.46       366

CRF 2.0
Classification_report:
             precision    recall  f1-score   support

          B       0.75      0.65      0.69        77
          C       0.32      0.30      0.31        20
          G       0.62      0.42      0.50        36
          M       0.41      0.24      0.31        45
          O       0.00      0.00      0.00         6
          P       0.74      0.69      0.71        65
          R       0.53      0.76      0.62       117

avg / total       0.59      0.59      0.58       366


SVM RBF
Classification_report:
             precision    recall  f1-score   support

          B       0.58      0.96      0.72       179
          C       0.00      0.00      0.00        20
          G       0.00      0.00      0.00        36
          M       0.00      0.00      0.00        59
          O       0.00      0.00      0.00         1
          P       1.00      0.10      0.19        68
          R       0.52      0.81      0.63       102

avg / total       0.48      0.56      0.44       465

[[172   0   0   0   0   0   7]
 [  0   0   0   0   0   0  20]
 [ 36   0   0   0   0   0   0]
 [ 17   0   0   0   0   0  42]
 [  1   0   0   0   0   0   0]
 [ 52   0   0   0   0   7   9]
 [ 19   0   0   0   0   0  83]]

SVM linear
Classification_report:
             precision    recall  f1-score   support

          B       0.73      0.73      0.73       179
          C       0.44      0.35      0.39        20
          G       0.38      0.33      0.35        36
          M       0.39      0.37      0.38        59
          O       0.00      0.00      0.00         1
          P       0.58      0.62      0.60        68
          R       0.47      0.50      0.48       102

avg / total       0.57      0.57      0.57       465

[[131   0  19   3   0  15  11]
 [  0   7   0   1   0   1  11]
 [ 24   0  12   0   0   0   0]
 [  5   0   0  22   0   5  27]
 [  0   0   0   0   0   1   0]
 [ 11   1   1   4   0  42   9]
 [  9   8   0  26   0   8  51]]

KNN
Classification_report:
             precision    recall  f1-score   support

          B       0.67      0.79      0.72       179
          C       0.18      0.20      0.19        20
          G       0.33      0.17      0.22        36
          M       0.33      0.22      0.27        59
          O       0.00      0.00      0.00         1
          P       0.57      0.59      0.58        68
          R       0.46      0.46      0.46       102

avg / total       0.52      0.54      0.52       465

[[142   2   9   1   0  13  12]
 [  5   4   0   2   0   1   8]
 [ 23   0   6   1   0   4   2]
 [ 11   2   2  13   0   4  27]
 [  0   0   0   0   0   1   0]
 [ 16   0   0   5   0  40   7]
 [ 16  14   1  17   0   7  47]]

NB
Classification_report:
             precision    recall  f1-score   support

          B       0.57      0.50      0.53       179
          C       0.10      0.10      0.10        20
          G       0.22      0.42      0.29        36
          M       0.30      0.41      0.35        59
          O       0.00      0.00      0.00         1
          P       0.45      0.57      0.50        68
          R       0.35      0.19      0.24       102

avg / total       0.42      0.40      0.40       465

[[89  4 38 19  0 18 11]
 [ 4  2  2  2  0  3  7]
 [17  0 15  3  0  0  1]
 [10  2  3 24  0  8 12]
 [ 0  0  0  1  0  0  0]
 [10  6  5  4  0 39  4]
 [26  7  4 27  0 19 19]]

DT
Classification_report:
             precision    recall  f1-score   support

          B       0.72      0.69      0.70       179
          C       0.15      0.15      0.15        20
          G       0.39      0.39      0.39        36
          M       0.24      0.31      0.27        59
          O       0.00      0.00      0.00         1
          P       0.54      0.54      0.54        68
          R       0.43      0.39      0.41       102

avg / total       0.52      0.51      0.51       465

[[123   1  20   5   1  17  12]
 [  0   3   0   8   0   1   8]
 [ 20   0  14   0   0   2   0]
 [  5   5   1  18   0   4  26]
 [  0   0   0   0   0   1   0]
 [ 16   3   1   4   0  37   7]
 [  7   8   0  41   0   6  40]]

CRF
Classification_report:
             precision    recall  f1-score   support

          B       0.84      0.94      0.89       179
          C       0.33      0.20      0.25        20
          G       0.83      0.53      0.64        36
          M       0.46      0.42      0.44        59
          O       0.00      0.00      0.00         1
          P       0.82      0.74      0.78        68
          R       0.55      0.62      0.58       102

avg / total       0.70      0.71      0.70       465

CRF 2.0
Classification_report:
             precision    recall  f1-score   support

          B       0.99      1.00      1.00       179
          C       0.50      0.35      0.41        20
          G       1.00      1.00      1.00        36
          M       0.98      0.88      0.93        59
          O       0.00      0.00      0.00         1
          P       0.94      0.93      0.93        68
          R       0.83      0.93      0.88       102

avg / total       0.92      0.93      0.93       465


SVM RBF
Classification_report:
             precision    recall  f1-score   support

          B       0.55      0.87      0.67       256
          C       0.00      0.00      0.00        40
          G       0.00      0.00      0.00        72
          M       0.00      0.00      0.00       104
          O       0.00      0.00      0.00         7
          P       0.69      0.37      0.48       133
          R       0.48      0.78      0.59       219

avg / total       0.41      0.53      0.44       831

[[222   0   0   0   0   3  31]
 [  5   0   0   0   0   0  35]
 [ 61   0   0   0   0   1  10]
 [ 21   0   0   0   0   8  75]
 [  1   0   0   0   0   3   3]
 [ 53   0   0   0   0  49  31]
 [ 42   0   0   0   0   7 170]]

SVM linear
Classification_report:
             precision    recall  f1-score   support

          B       0.58      0.64      0.61       256
          C       0.31      0.35      0.33        40
          G       0.38      0.36      0.37        72
          M       0.41      0.41      0.41       104
          O       0.40      0.29      0.33         7
          P       0.58      0.54      0.56       133
          R       0.50      0.45      0.47       219

avg / total       0.50      0.50      0.50       831

[[163   3  33  16   0  13  28]
 [  7  14   1   1   0   6  11]
 [ 36   2  26   1   0   1   6]
 [ 11   3   2  43   0   7  38]
 [  0   0   0   0   2   4   1]
 [ 24   9   3   8   1  72  16]
 [ 41  14   4  37   2  22  99]]

KNN
Classification_report:
             precision    recall  f1-score   support

          B       0.53      0.66      0.59       256
          C       0.11      0.25      0.16        40
          G       0.34      0.24      0.28        72
          M       0.30      0.20      0.24       104
          O       0.00      0.00      0.00         7
          P       0.49      0.51      0.50       133
          R       0.46      0.35      0.40       219

avg / total       0.44      0.44      0.43       831

[[169  11  24  12   1  17  22]
 [  9  10   0   3   0   4  14]
 [ 41   4  17   1   0   6   3]
 [ 21   5   1  21   1  14  41]
 [  1   2   0   0   0   3   1]
 [ 23  19   4   8   1  68  10]
 [ 52  36   4  24   0  26  77]]

NB
Classification_report:
             precision    recall  f1-score   support

          B       0.59      0.34      0.43       256
          C       0.17      0.30      0.22        40
          G       0.23      0.51      0.32        72
          M       0.23      0.28      0.25       104
          O       0.00      0.00      0.00         7
          P       0.43      0.66      0.52       133
          R       0.42      0.23      0.30       219

avg / total       0.42      0.37      0.36       831

[[87 11 71 35  0 32 20]
 [ 1 12  8  1  0 11  7]
 [17  5 37  3  0  5  5]
 [14  4 10 29  0 18 29]
 [ 0  1  0  1  0  4  1]
 [ 4 10 12 10  0 88  9]
 [25 27 22 49  0 45 51]]

DT
Classification_report:
             precision    recall  f1-score   support

          B       0.62      0.59      0.60       256
          C       0.09      0.10      0.10        40
          G       0.39      0.40      0.40        72
          M       0.23      0.22      0.23       104
          O       0.00      0.00      0.00         7
          P       0.42      0.46      0.44       133
          R       0.40      0.40      0.40       219

avg / total       0.43      0.43      0.43       831

[[150   4  24  14   0  29  35]
 [  6   4   0   1   0   8  21]
 [ 22   3  29   4   0   5   9]
 [ 11   8   5  23   2  15  40]
 [  0   0   1   1   0   2   3]
 [ 19   4   8  12   3  61  26]
 [ 34  21   7  43   0  26  88]]

CRF
Classification_report:
             precision    recall  f1-score   support

          B       0.77      0.82      0.79       256
          C       0.70      0.35      0.47        40
          G       0.62      0.46      0.53        72
          M       0.37      0.28      0.32       104
          O       0.00      0.00      0.00         7
          P       0.72      0.59      0.65       133
          R       0.54      0.72      0.62       219

avg / total       0.63      0.63      0.62       831

CRF 2.0
Classification_report:
             precision    recall  f1-score   support

          B       0.91      0.89      0.90       256
          C       0.41      0.35      0.38        40
          G       0.82      0.78      0.80        72
          M       0.64      0.64      0.64       104
          O       0.00      0.00      0.00         7
          P       0.81      0.78      0.79       133
          R       0.70      0.79      0.74       219

avg / total       0.76      0.77      0.77       831
