SVM RBF
Classification_report:
             precision    recall  f1-score   support

          B       0.31      0.57      0.41        77
          C       0.00      0.00      0.00        20
          G       0.00      0.00      0.00        36
          M       0.00      0.00      0.00        45
          O       0.00      0.00      0.00         6
          P       0.00      0.00      0.00        65
          R       0.41      0.79      0.54       117

avg / total       0.20      0.37      0.26       366

[[44  0  0  0  0  0 33]
 [ 3  0  0  0  0  0 17]
 [16  0  0  0  0  0 20]
 [15  0  0  0  0  0 30]
 [ 2  0  0  0  0  0  4]
 [36  0  0  0  0  0 29]
 [24  0  0  0  0  0 93]]

SVM linear
Classification_report:
             precision    recall  f1-score   support

          B       0.42      0.43      0.43        77
          C       0.00      0.00      0.00        20
          G       0.46      0.31      0.37        36
          M       0.25      0.09      0.13        45
          O       0.00      0.00      0.00         6
          P       0.45      0.43      0.44        65
          R       0.44      0.70      0.54       117

avg / total       0.39      0.43      0.39       366

[[33  0  6  1  0  8 29]
 [ 3  0  0  0  0  3 14]
 [14  1 11  0  0  3  7]
 [ 5  0  1  4  0  8 27]
 [ 0  0  0  1  0  3  2]
 [ 7  0  3  3  0 28 24]
 [16  0  3  7  0  9 82]]

KNN
Classification_report:
             precision    recall  f1-score   support

          B       0.36      0.56      0.44        77
          C       0.19      0.25      0.21        20
          G       0.33      0.36      0.34        36
          M       0.16      0.11      0.13        45
          O       0.00      0.00      0.00         6
          P       0.44      0.34      0.38        65
          R       0.39      0.32      0.35       117

avg / total       0.34      0.34      0.33       366

[[43  3  7  2  0  5 17]
 [ 4  5  1  1  0  4  5]
 [11  2 13  2  0  1  7]
 [11  2  5  5  0  2 20]
 [ 1  0  3  0  0  0  2]
 [11  9  3 11  0 22  9]
 [38  6  8 11  0 16 38]]

NB
Classification_report:
             precision    recall  f1-score   support

          B       0.49      0.27      0.35        77
          C       0.14      0.15      0.14        20
          G       0.21      0.14      0.17        36
          M       0.28      0.33      0.30        45
          O       0.00      0.00      0.00         6
          P       0.37      0.62      0.46        65
          R       0.45      0.44      0.45       117

avg / total       0.38      0.37      0.36       366

[[21  3 13 10  0  9 21]
 [ 1  3  1  0  0  6  9]
 [ 9  3  5  3  0  9  7]
 [ 1  0  1 15  0 14 14]
 [ 0  1  0  0  0  3  2]
 [ 1  6  2  6  0 40 10]
 [10  6  2 20  0 27 52]]

DT
Classification_report:
             precision    recall  f1-score   support

          B       0.35      0.35      0.35        77
          C       0.15      0.15      0.15        20
          G       0.11      0.11      0.11        36
          M       0.21      0.18      0.19        45
          O       0.00      0.00      0.00         6
          P       0.22      0.23      0.23        65
          R       0.40      0.41      0.41       117

avg / total       0.29      0.29      0.29       366

[[27  7 12  4  1  9 17]
 [ 2  3  2  0  0  7  6]
 [10  3  4  5  0  6  8]
 [10  0  2  8  3  6 16]
 [ 1  0  1  0  0  3  1]
 [12  3  5  6  0 15 24]
 [16  4  9 15  3 22 48]]

CRF
Classification_report:
             precision    recall  f1-score   support

          B       0.58      0.51      0.54        77
          C       0.47      0.35      0.40        20
          G       0.31      0.22      0.26        36
          M       0.17      0.11      0.14        45
          O       0.00      0.00      0.00         6
          P       0.60      0.49      0.54        65
          R       0.50      0.71      0.58       117

avg / total       0.47      0.48      0.46       366

CRF 2.0
Classification_report:
             precision    recall  f1-score   support

          B       0.75      0.64      0.69        77
          C       0.31      0.25      0.28        20
          G       0.59      0.44      0.51        36
          M       0.30      0.27      0.28        45
          O       0.00      0.00      0.00         6
          P       0.67      0.60      0.63        65
          R       0.51      0.68      0.59       117

avg / total       0.55      0.55      0.55       366


SVM RBF
Classification_report:
             precision    recall  f1-score   support

          B       0.61      0.94      0.74       179
          C       0.00      0.00      0.00        20
          G       0.00      0.00      0.00        36
          M       0.00      0.00      0.00        59
          O       0.00      0.00      0.00         1
          P       0.25      0.01      0.03        68
          R       0.49      0.87      0.63       102

avg / total       0.38      0.56      0.43       465

[[169   0   0   0   0   0  10]
 [  0   0   0   1   0   0  19]
 [ 36   0   0   0   0   0   0]
 [  5   0   0   0   0   1  53]
 [  1   0   0   0   0   0   0]
 [ 57   0   0   0   0   1  10]
 [ 11   0   0   0   0   2  89]]

SVM linear
Classification_report:
             precision    recall  f1-score   support

          B       0.73      0.90      0.80       179
          C       0.44      0.20      0.28        20
          G       0.50      0.19      0.28        36
          M       0.56      0.32      0.41        59
          O       0.00      0.00      0.00         1
          P       0.74      0.50      0.60        68
          R       0.53      0.74      0.62       102

avg / total       0.63      0.65      0.62       465

[[161   1   6   1   0   4   6]
 [  0   4   0   1   0   0  15]
 [ 29   0   7   0   0   0   0]
 [  4   0   0  19   0   2  34]
 [  0   0   0   0   0   1   0]
 [ 19   1   1   2   0  34  11]
 [  8   3   0  11   0   5  75]]

KNN
Classification_report:
             precision    recall  f1-score   support

          B       0.76      0.84      0.80       179
          C       0.14      0.15      0.14        20
          G       0.54      0.53      0.54        36
          M       0.40      0.42      0.41        59
          O       0.00      0.00      0.00         1
          P       0.75      0.59      0.66        68
          R       0.50      0.45      0.47       102

avg / total       0.61      0.61      0.61       465

[[151   1  12   4   0   5   6]
 [  1   3   0   1   0   1  14]
 [ 16   0  19   0   0   1   0]
 [  6   3   0  25   0   3  22]
 [  0   0   0   0   0   1   0]
 [ 15   0   1   8   0  40   4]
 [ 11  15   3  25   0   2  46]]

NB
Classification_report:
             precision    recall  f1-score   support

          B       0.61      0.61      0.61       179
          C       0.19      0.25      0.22        20
          G       0.23      0.39      0.29        36
          M       0.38      0.41      0.39        59
          O       0.00      0.00      0.00         1
          P       0.39      0.54      0.45        68
          R       0.44      0.17      0.24       102

avg / total       0.46      0.44      0.43       465

[[109   3  37   6   0  21   3]
 [  2   5   0   2   0   6   5]
 [ 20   0  14   1   0   0   1]
 [  9   5   2  24   0   9  10]
 [  1   0   0   0   0   0   0]
 [ 16   3   3   6   0  37   3]
 [ 23  10   4  25   0  23  17]]

DT
Classification_report:
             precision    recall  f1-score   support

          B       0.74      0.69      0.72       179
          C       0.18      0.15      0.16        20
          G       0.53      0.58      0.55        36
          M       0.31      0.27      0.29        59
          O       0.00      0.00      0.00         1
          P       0.57      0.63      0.60        68
          R       0.41      0.45      0.43       102

avg / total       0.55      0.54      0.54       465

[[124   2  18   2   0  17  16]
 [  3   3   0   5   0   1   8]
 [ 14   0  21   0   0   0   1]
 [  4   3   1  16   0   5  30]
 [  0   0   0   0   0   1   0]
 [ 10   1   0   2   0  43  12]
 [ 12   8   0  27   0   9  46]]

CRF
Classification_report:
             precision    recall  f1-score   support

          B       0.84      0.94      0.89       179
          C       0.33      0.20      0.25        20
          G       0.79      0.53      0.63        36
          M       0.46      0.42      0.44        59
          O       0.00      0.00      0.00         1
          P       0.82      0.74      0.78        68
          R       0.55      0.62      0.58       102

avg / total       0.70      0.71      0.70       465

CRF 2.0
Classification_report:
             precision    recall  f1-score   support

          B       0.99      1.00      1.00       179
          C       0.50      0.45      0.47        20
          G       1.00      1.00      1.00        36
          M       0.93      0.92      0.92        59
          O       0.00      0.00      0.00         1
          P       0.95      0.90      0.92        68
          R       0.83      0.88      0.85       102

avg / total       0.92      0.92      0.92       465


SVM RBF
Classification_report:
             precision    recall  f1-score   support

          B       0.49      0.82      0.61       256
          C       0.00      0.00      0.00        40
          G       0.00      0.00      0.00        72
          M       0.00      0.00      0.00       104
          O       0.00      0.00      0.00         7
          P       0.05      0.01      0.01       133
          R       0.46      0.82      0.59       219

avg / total       0.28      0.47      0.35       831

[[209   0   0   0   0  13  34]
 [  4   0   0   0   0   0  36]
 [ 59   0   0   0   0   1  12]
 [ 17   0   0   0   0   4  83]
 [  4   0   0   0   0   0   3]
 [ 94   0   0   0   0   1  38]
 [ 37   0   0   0   0   3 179]]

SVM linear
Classification_report:
             precision    recall  f1-score   support

          B       0.59      0.75      0.66       256
          C       0.00      0.00      0.00        40
          G       0.45      0.21      0.29        72
          M       0.33      0.10      0.15       104
          O       0.00      0.00      0.00         7
          P       0.62      0.52      0.57       133
          R       0.48      0.72      0.58       219

avg / total       0.49      0.53      0.49       831

[[193   0  15   6   0   9  33]
 [  4   0   0   2   0   2  32]
 [ 47   0  15   0   0   2   8]
 [ 15   0   1  10   0  12  66]
 [  0   0   0   0   0   3   4]
 [ 36   1   0   2   0  69  25]
 [ 34   2   2  10   0  14 157]]

KNN
Classification_report:
             precision    recall  f1-score   support

          B       0.57      0.70      0.63       256
          C       0.26      0.28      0.27        40
          G       0.40      0.50      0.44        72
          M       0.21      0.17      0.19       104
          O       0.00      0.00      0.00         7
          P       0.61      0.47      0.53       133
          R       0.46      0.41      0.43       219

avg / total       0.47      0.48      0.47       831

[[179   2  28  10   0  13  24]
 [  6  11   0   6   0   2  15]
 [ 23   0  36   4   0   4   5]
 [ 27   4  10  18   0   7  38]
 [  1   0   2   0   0   1   3]
 [ 30   4   5  11   1  62  20]
 [ 49  22  10  35   1  13  89]]

NB
Classification_report:
             precision    recall  f1-score   support

          B       0.57      0.34      0.42       256
          C       0.13      0.45      0.20        40
          G       0.28      0.40      0.33        72
          M       0.23      0.27      0.25       104
          O       0.00      0.00      0.00         7
          P       0.39      0.68      0.49       133
          R       0.42      0.16      0.24       219

avg / total       0.41      0.35      0.34       831

[[86 29 55 35  0 38 13]
 [ 3 18  2  2  0 10  5]
 [15 14 29  3  0  6  5]
 [10 14  6 28  0 26 20]
 [ 0  1  0  0  0  5  1]
 [ 9 13  5 11  0 90  5]
 [28 48  8 43  0 56 36]]

DT
Classification_report:
             precision    recall  f1-score   support

          B       0.64      0.60      0.62       256
          C       0.15      0.17      0.16        40
          G       0.33      0.35      0.34        72
          M       0.24      0.25      0.24       104
          O       0.00      0.00      0.00         7
          P       0.50      0.47      0.48       133
          R       0.45      0.45      0.45       219

avg / total       0.46      0.45      0.45       831

[[154   5  24  21   0  21  31]
 [  2   7   1   4   1   4  21]
 [ 21   3  25   7   1   7   8]
 [ 17   5   7  26   0  10  39]
 [  1   1   0   0   0   2   3]
 [ 16  10   8  11   4  63  21]
 [ 28  17  11  41   3  20  99]]

CRF
Classification_report:
             precision    recall  f1-score   support

          B       0.77      0.81      0.79       256
          C       0.70      0.35      0.47        40
          G       0.62      0.46      0.53        72
          M       0.37      0.28      0.32       104
          O       0.00      0.00      0.00         7
          P       0.72      0.59      0.65       133
          R       0.54      0.72      0.62       219

avg / total       0.63      0.63      0.62       831

CRF 2.0
Classification_report:
             precision    recall  f1-score   support

          B       0.93      0.87      0.90       256
          C       0.56      0.35      0.43        40
          G       0.82      0.74      0.77        72
          M       0.66      0.70      0.68       104
          O       0.00      0.00      0.00         7
          P       0.83      0.78      0.80       133
          R       0.68      0.81      0.74       219

avg / total       0.78      0.77      0.77       831
