SVM RBF
Classification_report:
             precision    recall  f1-score   support

          B       0.33      0.65      0.44        77
          C       0.00      0.00      0.00        20
          G       0.00      0.00      0.00        36
          M       0.00      0.00      0.00        45
          O       0.00      0.00      0.00         6
          P       0.50      0.02      0.03        65
          R       0.43      0.78      0.55       117

avg / total       0.30      0.39      0.27       366

[[50  0  0  0  0  0 27]
 [ 3  0  0  0  0  0 17]
 [19  0  0  0  0  0 17]
 [16  0  0  0  0  1 28]
 [ 2  0  0  0  0  0  4]
 [36  0  0  0  0  1 28]
 [26  0  0  0  0  0 91]]

SVM linear
Classification_report:
             precision    recall  f1-score   support

          B       0.43      0.51      0.47        77
          C       0.00      0.00      0.00        20
          G       0.36      0.14      0.20        36
          M       0.40      0.09      0.15        45
          O       0.00      0.00      0.00         6
          P       0.37      0.40      0.39        65
          R       0.46      0.72      0.56       117

avg / total       0.39      0.43      0.38       366

[[39  0  6  0  0 11 21]
 [ 1  0  0  0  0  3 16]
 [16  0  5  0  0  5 10]
 [ 6  0  1  4  0 10 24]
 [ 0  0  0  1  0  3  2]
 [12  0  2  1  0 26 24]
 [16  1  0  4  0 12 84]]

KNN
Classification_report:
             precision    recall  f1-score   support

          B       0.38      0.60      0.47        77
          C       0.20      0.25      0.22        20
          G       0.31      0.36      0.33        36
          M       0.17      0.11      0.13        45
          O       0.00      0.00      0.00         6
          P       0.42      0.31      0.35        65
          R       0.40      0.34      0.37       117

avg / total       0.35      0.35      0.34       366

[[46  2  7  3  0  4 15]
 [ 3  5  1  1  0  4  6]
 [11  1 13  2  0  1  8]
 [13  2  5  5  0  2 18]
 [ 1  0  3  0  0  0  2]
 [11  8  6  8  2 20 10]
 [35  7  7 11  0 17 40]]

NB
Classification_report:
             precision    recall  f1-score   support

          B       0.65      0.19      0.30        77
          C       0.09      0.15      0.11        20
          G       0.40      0.11      0.17        36
          M       0.23      0.33      0.28        45
          O       0.00      0.00      0.00         6
          P       0.32      0.62      0.42        65
          R       0.49      0.46      0.48       117

avg / total       0.42      0.36      0.35       366

[[15 10  5 11  0 17 19]
 [ 0  3  0  1  0  8  8]
 [ 6  5  4  2  0 14  5]
 [ 0  1  0 15  0 13 16]
 [ 0  1  0  0  0  2  3]
 [ 0  8  1 11  0 40  5]
 [ 2  7  0 24  0 30 54]]

DT
Classification_report:
             precision    recall  f1-score   support

          B       0.35      0.36      0.36        77
          C       0.08      0.10      0.09        20
          G       0.24      0.22      0.23        36
          M       0.20      0.24      0.22        45
          O       0.00      0.00      0.00         6
          P       0.28      0.23      0.25        65
          R       0.36      0.36      0.36       117

avg / total       0.29      0.29      0.29       366

[[28  2  6 10  0 12 19]
 [ 2  2  2  4  0  2  8]
 [10  4  8  3  1  4  6]
 [ 7  4  2 11  1  5 15]
 [ 0  0  0  1  0  2  3]
 [13  4  5  4  1 15 23]
 [20  9 10 22  1 13 42]]

CRF
Classification_report:
             precision    recall  f1-score   support

          B       0.60      0.53      0.57        77
          C       0.50      0.35      0.41        20
          G       0.30      0.22      0.25        36
          M       0.19      0.16      0.17        45
          O       0.00      0.00      0.00         6
          P       0.61      0.52      0.56        65
          R       0.50      0.67      0.57       117

avg / total       0.48      0.48      0.47       366

CRF 2.0
Classification_report:
             precision    recall  f1-score   support

          B       0.76      0.66      0.71        77
          C       0.31      0.25      0.28        20
          G       0.55      0.50      0.52        36
          M       0.29      0.20      0.24        45
          O       0.00      0.00      0.00         6
          P       0.61      0.58      0.60        65
          R       0.52      0.68      0.59       117

avg / total       0.54      0.55      0.54       366


SVM RBF
Classification_report:
             precision    recall  f1-score   support

          B       0.65      0.92      0.76       179
          C       0.00      0.00      0.00        20
          G       0.00      0.00      0.00        36
          M       0.00      0.00      0.00        59
          O       0.00      0.00      0.00         1
          P       0.48      0.18      0.26        68
          R       0.49      0.89      0.63       102

avg / total       0.43      0.58      0.47       465

[[165   0   0   0   0   5   9]
 [  0   0   0   0   0   0  20]
 [ 30   0   0   0   0   6   0]
 [  3   0   0   0   0   1  55]
 [  1   0   0   0   0   0   0]
 [ 44   0   0   0   0  12  12]
 [ 10   0   0   0   0   1  91]]

SVM linear
Classification_report:
             precision    recall  f1-score   support

          B       0.71      0.91      0.80       179
          C       0.17      0.05      0.08        20
          G       0.33      0.06      0.10        36
          M       0.60      0.36      0.45        59
          O       0.00      0.00      0.00         1
          P       0.67      0.47      0.55        68
          R       0.55      0.76      0.64       102

avg / total       0.60      0.64      0.60       465

[[163   1   4   0   0   4   7]
 [  0   1   0   1   0   0  18]
 [ 30   0   2   0   0   4   0]
 [  6   0   0  21   0   1  31]
 [  0   0   0   0   0   1   0]
 [ 24   1   0   4   0  32   7]
 [  6   3   0   9   0   6  78]]

KNN
Classification_report:
             precision    recall  f1-score   support

          B       0.76      0.84      0.80       179
          C       0.16      0.15      0.15        20
          G       0.56      0.53      0.54        36
          M       0.33      0.34      0.34        59
          O       0.00      0.00      0.00         1
          P       0.75      0.60      0.67        68
          R       0.48      0.46      0.47       102

avg / total       0.60      0.60      0.60       465

[[151   1  12   4   0   5   6]
 [  1   3   0   1   0   1  14]
 [ 15   0  19   0   0   2   0]
 [  6   3   0  20   0   3  27]
 [  0   0   0   0   0   1   0]
 [ 13   0   1   9   0  41   4]
 [ 13  12   2  26   0   2  47]]

NB
Classification_report:
             precision    recall  f1-score   support

          B       0.62      0.61      0.61       179
          C       0.31      0.50      0.38        20
          G       0.23      0.44      0.30        36
          M       0.38      0.34      0.36        59
          O       0.00      0.00      0.00         1
          P       0.40      0.66      0.50        68
          R       0.41      0.09      0.15       102

avg / total       0.47      0.45      0.43       465

[[109   0  44   3   0  22   1]
 [  0  10   0   1   0   7   2]
 [ 17   0  16   1   0   2   0]
 [ 15   5   1  20   0   9   9]
 [  0   0   0   0   0   1   0]
 [ 14   2   4   2   0  45   1]
 [ 22  15   4  25   0  27   9]]

DT
Classification_report:
             precision    recall  f1-score   support

          B       0.73      0.68      0.70       179
          C       0.13      0.15      0.14        20
          G       0.47      0.50      0.49        36
          M       0.34      0.27      0.30        59
          O       0.00      0.00      0.00         1
          P       0.57      0.60      0.59        68
          R       0.50      0.56      0.53       102

avg / total       0.56      0.55      0.55       465

[[122   0  20   4   1  17  15]
 [  1   3   0   5   0   1  10]
 [ 17   0  18   0   0   1   0]
 [  4   8   0  16   0   7  24]
 [  0   0   0   0   0   1   0]
 [ 13   2   0   2   1  41   9]
 [ 11  10   0  20   0   4  57]]

CRF
Classification_report:
             precision    recall  f1-score   support

          B       0.83      0.95      0.89       179
          C       0.33      0.25      0.29        20
          G       0.83      0.56      0.67        36
          M       0.44      0.37      0.40        59
          O       0.00      0.00      0.00         1
          P       0.81      0.71      0.76        68
          R       0.57      0.63      0.60       102

avg / total       0.70      0.71      0.70       465

CRF 2.0
Classification_report:
             precision    recall  f1-score   support

          B       0.99      1.00      1.00       179
          C       0.53      0.45      0.49        20
          G       1.00      1.00      1.00        36
          M       0.95      0.92      0.93        59
          O       0.00      0.00      0.00         1
          P       0.94      0.94      0.94        68
          R       0.85      0.89      0.87       102

avg / total       0.93      0.93      0.93       465


SVM RBF
Classification_report:
             precision    recall  f1-score   support

          B       0.60      0.73      0.66       256
          C       0.00      0.00      0.00        40
          G       0.00      0.00      0.00        72
          M       0.00      0.00      0.00       104
          O       0.00      0.00      0.00         7
          P       0.35      0.35      0.35       133
          R       0.46      0.83      0.59       219

avg / total       0.36      0.50      0.42       831

[[186   0   0   0   0  34  36]
 [  3   0   0   0   0   1  36]
 [ 36   0   0   0   0  22  14]
 [ 11   0   0   0   0   9  84]
 [  1   0   0   0   0   2   4]
 [ 50   0   0   0   0  46  37]
 [ 21   0   0   0   0  16 182]]

SVM linear
Classification_report:
             precision    recall  f1-score   support

          B       0.61      0.79      0.69       256
          C       0.00      0.00      0.00        40
          G       0.58      0.15      0.24        72
          M       0.30      0.06      0.10       104
          O       0.00      0.00      0.00         7
          P       0.48      0.43      0.45       133
          R       0.49      0.77      0.60       219

avg / total       0.48      0.53      0.47       831

[[201   0   6   5   0  11  33]
 [  2   0   0   0   0   4  34]
 [ 42   0  11   0   0  10   9]
 [ 13   0   1   6   0  17  67]
 [  0   0   0   0   0   5   2]
 [ 43   1   0   1   0  57  31]
 [ 27   0   1   8   0  15 168]]

KNN
Classification_report:
             precision    recall  f1-score   support

          B       0.58      0.70      0.63       256
          C       0.26      0.25      0.25        40
          G       0.41      0.50      0.45        72
          M       0.22      0.17      0.19       104
          O       0.00      0.00      0.00         7
          P       0.61      0.47      0.53       133
          R       0.47      0.46      0.47       219

avg / total       0.48      0.49      0.48       831

[[178   0  27  12   0  13  26]
 [  5  10   0   5   0   2  18]
 [ 22   0  36   4   0   5   5]
 [ 26   6   8  18   0   7  39]
 [  1   0   2   0   0   1   3]
 [ 28   6   6   9   1  63  20]
 [ 48  17   9  33   0  12 100]]

NB
Classification_report:
             precision    recall  f1-score   support

          B       0.63      0.27      0.38       256
          C       0.15      0.53      0.23        40
          G       0.30      0.36      0.33        72
          M       0.22      0.24      0.23       104
          O       0.00      0.00      0.00         7
          P       0.28      0.71      0.40       133
          R       0.48      0.10      0.16       219

avg / total       0.43      0.31      0.29       831

[[69 30 46 30  0 78  3]
 [ 1 21  0  2  0 15  1]
 [13 12 26  3  0 16  2]
 [ 6 16  3 25  0 40 14]
 [ 0  2  0  0  0  5  0]
 [ 4 14  5 12  1 94  3]
 [16 46  7 44  1 84 21]]

DT
Classification_report:
             precision    recall  f1-score   support

          B       0.57      0.58      0.58       256
          C       0.09      0.07      0.08        40
          G       0.30      0.35      0.32        72
          M       0.23      0.22      0.23       104
          O       0.00      0.00      0.00         7
          P       0.40      0.43      0.41       133
          R       0.37      0.36      0.37       219

avg / total       0.40      0.40      0.40       831

[[148   7  24  20   0  23  34]
 [  7   3   5   1   0   8  16]
 [ 21   1  25  12   1   1  11]
 [ 15   3   5  23   0  13  45]
 [  1   0   1   1   0   2   2]
 [ 25   5   6  13   3  57  24]
 [ 41  13  17  29   1  39  79]]

CRF
Classification_report:
             precision    recall  f1-score   support

          B       0.77      0.80      0.79       256
          C       0.58      0.35      0.44        40
          G       0.58      0.46      0.51        72
          M       0.37      0.28      0.32       104
          O       0.00      0.00      0.00         7
          P       0.70      0.59      0.64       133
          R       0.53      0.71      0.61       219

avg / total       0.62      0.62      0.61       831

CRF 2.0
Classification_report:
             precision    recall  f1-score   support

          B       0.91      0.86      0.89       256
          C       0.57      0.42      0.49        40
          G       0.78      0.74      0.76        72
          M       0.66      0.67      0.67       104
          O       0.00      0.00      0.00         7
          P       0.80      0.76      0.78       133
          R       0.69      0.80      0.74       219

avg / total       0.77      0.77      0.77       831
