SVM RBF
Classification_report:
             precision    recall  f1-score   support

          B       0.00      0.00      0.00        77
          C       0.00      0.00      0.00        20
          G       0.00      0.00      0.00        36
          M       0.00      0.00      0.00        45
          O       0.00      0.00      0.00         6
          P       0.00      0.00      0.00        65
          R       0.31      0.96      0.47       117

avg / total       0.10      0.31      0.15       366

[[  0   0   0   0   0   0  77]
 [  2   0   0   0   0   0  18]
 [  0   0   0   0   0   0  36]
 [  1   0   0   0   0   0  44]
 [  0   0   0   0   0   0   6]
 [  0   0   0   0   0   0  65]
 [  5   0   0   0   0   0 112]]

SVM linear
Classification_report:
             precision    recall  f1-score   support

          B       0.39      0.44      0.41        77
          C       0.33      0.05      0.09        20
          G       0.41      0.25      0.31        36
          M       0.21      0.07      0.10        45
          O       0.00      0.00      0.00         6
          P       0.48      0.54      0.51        65
          R       0.44      0.63      0.52       117

avg / total       0.39      0.43      0.39       366

[[34  0  6  1  0  8 28]
 [ 3  1  0  0  0  2 14]
 [18  0  9  0  0  1  8]
 [ 5  0  1  3  0 10 26]
 [ 0  0  0  0  0  4  2]
 [ 9  0  3  3  0 35 15]
 [18  2  3  7  0 13 74]]

KNN
Classification_report:
             precision    recall  f1-score   support

          B       0.33      0.53      0.41        77
          C       0.14      0.20      0.17        20
          G       0.32      0.36      0.34        36
          M       0.20      0.18      0.19        45
          O       0.00      0.00      0.00         6
          P       0.45      0.37      0.41        65
          R       0.39      0.26      0.31       117

avg / total       0.34      0.33      0.32       366

[[41  4  8  3  0  5 16]
 [ 5  4  0  1  0  6  4]
 [13  3 13  2  0  1  4]
 [12  2  4  8  0  5 14]
 [ 2  0  3  1  0  0  0]
 [11  8  3  9  1 24  9]
 [41  7 10 16  1 12 30]]

NB
Classification_report:
             precision    recall  f1-score   support

          B       0.52      0.34      0.41        77
          C       0.07      0.05      0.06        20
          G       0.35      0.47      0.40        36
          M       0.27      0.24      0.26        45
          O       0.00      0.00      0.00         6
          P       0.48      0.60      0.53        65
          R       0.46      0.51      0.48       117

avg / total       0.41      0.42      0.41       366

[[26  1 14  8  0  9 19]
 [ 1  1  5  0  0  2 11]
 [ 5  3 17  1  0  3  7]
 [ 1  1  2 11  0  9 21]
 [ 0  1  0  0  0  2  3]
 [ 4  4  5  3  0 39 10]
 [13  4  5 18  0 17 60]]

DT
Classification_report:
             precision    recall  f1-score   support

          B       0.42      0.43      0.42        77
          C       0.00      0.00      0.00        20
          G       0.19      0.17      0.18        36
          M       0.11      0.09      0.10        45
          O       0.00      0.00      0.00         6
          P       0.23      0.23      0.23        65
          R       0.43      0.43      0.43       117

avg / total       0.30      0.30      0.30       366

[[33  4  9  5  3  7 16]
 [ 5  0  1  3  0  3  8]
 [ 7  2  6  3  0  8 10]
 [ 5  4  3  4  1 11 17]
 [ 0  3  0  0  0  3  0]
 [18  6  4  7  0 15 15]
 [11 10  9 15  5 17 50]]

CRF
Classification_report:
             precision    recall  f1-score   support

          B       0.49      0.48      0.49        77
          C       0.43      0.30      0.35        20
          G       0.31      0.25      0.28        36
          M       0.22      0.13      0.17        45
          O       0.00      0.00      0.00         6
          P       0.57      0.46      0.51        65
          R       0.49      0.63      0.55       117

avg / total       0.44      0.44      0.44       366

CRF 2.0
Classification_report:
             precision    recall  f1-score   support

          B       0.72      0.68      0.70        77
          C       0.33      0.25      0.29        20
          G       0.57      0.47      0.52        36
          M       0.38      0.29      0.33        45
          O       0.00      0.00      0.00         6
          P       0.62      0.55      0.59        65
          R       0.53      0.68      0.59       117

avg / total       0.55      0.55      0.55       366


SVM RBF
Classification_report:
             precision    recall  f1-score   support

          B       0.55      0.96      0.70       179
          C       0.00      0.00      0.00        20
          G       0.00      0.00      0.00        36
          M       0.00      0.00      0.00        59
          O       0.00      0.00      0.00         1
          P       0.00      0.00      0.00        68
          R       0.53      0.78      0.63       102

avg / total       0.33      0.54      0.41       465

[[172   0   0   0   0   0   7]
 [  1   0   0   0   0   0  19]
 [ 36   0   0   0   0   0   0]
 [ 20   0   0   0   0   0  39]
 [  1   0   0   0   0   0   0]
 [ 63   0   0   0   0   0   5]
 [ 22   0   0   0   0   0  80]]

SVM linear
Classification_report:
             precision    recall  f1-score   support

          B       0.74      0.91      0.82       179
          C       0.38      0.15      0.21        20
          G       0.50      0.19      0.28        36
          M       0.49      0.36      0.41        59
          O       0.00      0.00      0.00         1
          P       0.80      0.54      0.65        68
          R       0.52      0.69      0.59       102

avg / total       0.63      0.65      0.62       465

[[163   1   7   2   0   2   4]
 [  0   3   0   1   0   1  15]
 [ 29   0   7   0   0   0   0]
 [  4   0   0  21   0   2  32]
 [  0   0   0   0   0   1   0]
 [ 16   1   0   1   0  37  13]
 [  8   3   0  18   0   3  70]]

KNN
Classification_report:
             precision    recall  f1-score   support

          B       0.77      0.86      0.81       179
          C       0.09      0.10      0.10        20
          G       0.56      0.50      0.53        36
          M       0.33      0.32      0.32        59
          O       0.00      0.00      0.00         1
          P       0.75      0.60      0.67        68
          R       0.48      0.46      0.47       102

avg / total       0.60      0.60      0.60       465

[[154   1  11   4   0   4   5]
 [  1   2   0   1   0   1  15]
 [ 17   0  18   0   0   1   0]
 [  6   3   0  19   0   4  27]
 [  0   0   0   0   0   1   0]
 [ 12   0   1  10   0  41   4]
 [ 10  16   2  24   0   3  47]]

NB
Classification_report:
             precision    recall  f1-score   support

          B       0.58      0.66      0.62       179
          C       0.00      0.00      0.00        20
          G       0.21      0.33      0.26        36
          M       0.41      0.32      0.36        59
          O       0.00      0.00      0.00         1
          P       0.47      0.51      0.49        68
          R       0.43      0.30      0.36       102

avg / total       0.45      0.46      0.45       465

[[118   2  31   5   0  15   8]
 [  4   0   0   2   0   3  11]
 [ 22   0  12   1   0   0   1]
 [ 16   2   0  19   0   8  14]
 [  1   0   0   0   0   0   0]
 [ 15   1   7   3   0  35   7]
 [ 28   7   6  16   0  14  31]]

DT
Classification_report:
             precision    recall  f1-score   support

          B       0.72      0.68      0.70       179
          C       0.16      0.15      0.15        20
          G       0.42      0.50      0.46        36
          M       0.22      0.20      0.21        59
          O       0.00      0.00      0.00         1
          P       0.51      0.53      0.52        68
          R       0.36      0.38      0.37       102

avg / total       0.50      0.49      0.49       465

[[121   1  23   6   0  15  13]
 [  0   3   0   5   0   1  11]
 [ 16   0  18   0   0   2   0]
 [  6   3   0  12   0   3  35]
 [  0   0   0   0   0   1   0]
 [ 15   1   1   3   1  36  11]
 [ 10  11   1  29   0  12  39]]

CRF
Classification_report:
             precision    recall  f1-score   support

          B       0.83      0.93      0.88       179
          C       0.33      0.20      0.25        20
          G       0.79      0.53      0.63        36
          M       0.52      0.44      0.48        59
          O       0.00      0.00      0.00         1
          P       0.83      0.74      0.78        68
          R       0.57      0.67      0.62       102

avg / total       0.71      0.72      0.71       465

CRF 2.0
Classification_report:
             precision    recall  f1-score   support

          B       0.99      1.00      1.00       179
          C       0.47      0.40      0.43        20
          G       1.00      1.00      1.00        36
          M       0.95      0.92      0.93        59
          O       0.00      0.00      0.00         1
          P       0.94      0.93      0.93        68
          R       0.83      0.88      0.86       102

avg / total       0.92      0.92      0.92       465


SVM RBF
Classification_report:
             precision    recall  f1-score   support

          B       0.45      0.88      0.60       256
          C       0.00      0.00      0.00        40
          G       0.00      0.00      0.00        72
          M       0.00      0.00      0.00       104
          O       0.00      0.00      0.00         7
          P       0.00      0.00      0.00       133
          R       0.49      0.74      0.59       219

avg / total       0.27      0.47      0.34       831

[[226   0   0   0   0   0  30]
 [  5   0   0   0   0   0  35]
 [ 60   0   0   0   0   0  12]
 [ 42   0   0   0   0   0  62]
 [  5   0   0   0   0   0   2]
 [104   0   0   0   0   0  29]
 [ 57   0   0   0   0   0 162]]

SVM linear
Classification_report:
             precision    recall  f1-score   support

          B       0.59      0.77      0.67       256
          C       0.29      0.05      0.09        40
          G       0.51      0.26      0.35        72
          M       0.29      0.13      0.18       104
          O       0.00      0.00      0.00         7
          P       0.67      0.53      0.59       133
          R       0.49      0.67      0.57       219

avg / total       0.51      0.54      0.51       831

[[196   1  15   8   0   7  29]
 [  4   2   0   2   0   2  30]
 [ 44   0  19   0   0   2   7]
 [ 19   0   1  14   0   6  64]
 [  1   0   0   0   0   4   2]
 [ 34   1   0   6   0  70  22]
 [ 35   3   2  19   0  13 147]]

KNN
Classification_report:
             precision    recall  f1-score   support

          B       0.56      0.71      0.62       256
          C       0.24      0.25      0.24        40
          G       0.37      0.51      0.43        72
          M       0.22      0.18      0.20       104
          O       0.00      0.00      0.00         7
          P       0.62      0.46      0.53       133
          R       0.44      0.35      0.39       219

avg / total       0.46      0.46      0.45       831

[[181   1  31   9   0  12  22]
 [  5  10   0   6   0   3  16]
 [ 21   0  37   4   0   3   7]
 [ 34   3   9  19   0   6  33]
 [  2   0   2   0   0   1   2]
 [ 29   6   7  10   2  61  18]
 [ 54  22  13  39   1  13  77]]

NB
Classification_report:
             precision    recall  f1-score   support

          B       0.52      0.38      0.44       256
          C       0.11      0.25      0.15        40
          G       0.21      0.49      0.29        72
          M       0.22      0.22      0.22       104
          O       0.00      0.00      0.00         7
          P       0.46      0.55      0.50       133
          R       0.46      0.26      0.33       219

avg / total       0.41      0.35      0.36       831

[[98 20 72 28  0 22 16]
 [ 5 10  9  1  0  8  7]
 [21  4 35  2  0  5  5]
 [17  9  8 23  0 17 30]
 [ 0  1  0  0  0  5  1]
 [14 19 13  6  0 73  8]
 [34 29 29 44  0 27 56]]

DT
Classification_report:
             precision    recall  f1-score   support

          B       0.59      0.54      0.56       256
          C       0.12      0.12      0.12        40
          G       0.29      0.31      0.30        72
          M       0.21      0.22      0.22       104
          O       0.00      0.00      0.00         7
          P       0.43      0.45      0.44       133
          R       0.40      0.41      0.40       219

avg / total       0.41      0.40      0.41       831

[[137   6  28  18   2  26  39]
 [  5   5   2   8   0   4  16]
 [ 21   3  22   5   3   9   9]
 [ 17   8   5  23   2  11  38]
 [  1   0   2   0   0   2   2]
 [ 22   2   7  11   1  60  30]
 [ 29  18   9  44   2  28  89]]

CRF
Classification_report:
             precision    recall  f1-score   support

          B       0.77      0.81      0.79       256
          C       0.67      0.30      0.41        40
          G       0.61      0.46      0.52        72
          M       0.39      0.29      0.33       104
          O       0.00      0.00      0.00         7
          P       0.73      0.60      0.66       133
          R       0.54      0.74      0.63       219

avg / total       0.63      0.63      0.62       831

CRF 2.0
Classification_report:
             precision    recall  f1-score   support

          B       0.93      0.87      0.90       256
          C       0.60      0.45      0.51        40
          G       0.79      0.72      0.75        72
          M       0.67      0.69      0.68       104
          O       0.00      0.00      0.00         7
          P       0.81      0.77      0.79       133
          R       0.69      0.82      0.75       219

avg / total       0.78      0.78      0.77       831
