SVM RBF
Classification_report:
             precision    recall  f1-score   support

          B       0.33      0.65      0.44        77
          C       0.00      0.00      0.00        20
          G       0.00      0.00      0.00        36
          M       0.00      0.00      0.00        45
          O       0.00      0.00      0.00         6
          P       0.33      0.02      0.03        65
          R       0.43      0.79      0.56       117

avg / total       0.27      0.39      0.28       366

[[50  0  0  0  0  0 27]
 [ 3  0  0  0  0  0 17]
 [19  0  0  0  0  1 16]
 [16  0  0  0  0  1 28]
 [ 2  0  0  0  0  0  4]
 [36  0  0  0  0  1 28]
 [25  0  0  0  0  0 92]]

SVM linear
Classification_report:
             precision    recall  f1-score   support

          B       0.43      0.52      0.47        77
          C       0.00      0.00      0.00        20
          G       0.33      0.06      0.10        36
          M       0.60      0.07      0.12        45
          O       0.00      0.00      0.00         6
          P       0.43      0.46      0.44        65
          R       0.45      0.74      0.56       117

avg / total       0.42      0.44      0.38       366

[[40  0  3  0  0  7 27]
 [ 3  0  0  0  0  1 16]
 [14  0  2  0  0  7 13]
 [ 5  0  0  3  0  9 28]
 [ 0  0  0  1  0  3  2]
 [14  0  1  1  0 30 19]
 [17  0  0  0  0 13 87]]

KNN
Classification_report:
             precision    recall  f1-score   support

          B       0.37      0.60      0.46        77
          C       0.19      0.25      0.22        20
          G       0.31      0.33      0.32        36
          M       0.17      0.11      0.13        45
          O       0.00      0.00      0.00         6
          P       0.46      0.38      0.42        65
          R       0.41      0.32      0.36       117

avg / total       0.35      0.36      0.35       366

[[46  2  7  4  0  4 14]
 [ 5  5  1  1  0  4  4]
 [11  2 12  2  0  2  7]
 [13  2  4  5  0  3 18]
 [ 1  0  3  0  0  0  2]
 [12  7  1  9  1 25 10]
 [35  8 11  9  0 16 38]]

NB
Classification_report:
             precision    recall  f1-score   support

          B       0.64      0.12      0.20        77
          C       0.12      0.15      0.13        20
          G       0.30      0.08      0.13        36
          M       0.15      0.20      0.17        45
          O       0.00      0.00      0.00         6
          P       0.33      0.66      0.44        65
          R       0.43      0.46      0.44       117

avg / total       0.39      0.33      0.30       366

[[ 9  6  6 11  0 13 32]
 [ 0  3  0  2  0  8  7]
 [ 3  4  3  3  0 15  8]
 [ 0  1  0  9  0 18 17]
 [ 0  1  0  0  0  2  3]
 [ 0  4  1 12  0 43  5]
 [ 2  6  0 23  0 32 54]]

DT
Classification_report:
             precision    recall  f1-score   support

          B       0.27      0.26      0.26        77
          C       0.08      0.10      0.09        20
          G       0.11      0.11      0.11        36
          M       0.18      0.18      0.18        45
          O       0.00      0.00      0.00         6
          P       0.21      0.25      0.23        65
          R       0.37      0.32      0.35       117

avg / total       0.25      0.24      0.24       366

[[20  6  5  9  0 19 18]
 [ 6  2  2  0  0  3  7]
 [ 9  1  4  3  1  6 12]
 [ 5  5  6  8  0 10 11]
 [ 2  2  0  0  0  1  1]
 [13  2  9  9  1 16 15]
 [19  8 11 16  3 22 38]]

CRF
Classification_report:
             precision    recall  f1-score   support

          B       0.58      0.51      0.54        77
          C       0.47      0.35      0.40        20
          G       0.31      0.22      0.26        36
          M       0.17      0.11      0.14        45
          O       0.00      0.00      0.00         6
          P       0.60      0.49      0.54        65
          R       0.50      0.71      0.58       117

avg / total       0.47      0.48      0.46       366

CRF 2.0
Classification_report:
             precision    recall  f1-score   support

          B       0.74      0.66      0.70        77
          C       0.33      0.25      0.29        20
          G       0.57      0.47      0.52        36
          M       0.30      0.27      0.28        45
          O       0.00      0.00      0.00         6
          P       0.63      0.58      0.61        65
          R       0.55      0.69      0.61       117

avg / total       0.55      0.56      0.55       366


SVM RBF
Classification_report:
             precision    recall  f1-score   support

          B       0.65      0.92      0.76       179
          C       0.00      0.00      0.00        20
          G       0.00      0.00      0.00        36
          M       0.00      0.00      0.00        59
          O       0.00      0.00      0.00         1
          P       0.43      0.15      0.22        68
          R       0.49      0.89      0.63       102

avg / total       0.42      0.57      0.46       465

[[165   0   0   0   0   5   9]
 [  0   0   0   0   0   0  20]
 [ 30   0   0   0   0   6   0]
 [  3   0   0   0   0   1  55]
 [  1   0   0   0   0   0   0]
 [ 46   0   0   0   0  10  12]
 [ 10   0   0   0   0   1  91]]

SVM linear
Classification_report:
             precision    recall  f1-score   support

          B       0.72      0.91      0.80       179
          C       0.33      0.10      0.15        20
          G       0.33      0.03      0.05        36
          M       0.50      0.29      0.37        59
          O       0.00      0.00      0.00         1
          P       0.65      0.49      0.55        68
          R       0.52      0.75      0.62       102

avg / total       0.59      0.63      0.58       465

[[162   1   2   0   0   8   6]
 [  0   2   0   1   0   0  17]
 [ 30   0   1   0   0   5   0]
 [  4   0   0  17   0   1  37]
 [  0   0   0   0   0   1   0]
 [ 22   1   0   3   0  33   9]
 [  8   2   0  13   0   3  76]]

KNN
Classification_report:
             precision    recall  f1-score   support

          B       0.75      0.87      0.80       179
          C       0.16      0.15      0.15        20
          G       0.59      0.56      0.57        36
          M       0.34      0.34      0.34        59
          O       0.00      0.00      0.00         1
          P       0.71      0.59      0.65        68
          R       0.47      0.41      0.44       102

avg / total       0.59      0.60      0.59       465

[[156   1  10   4   0   5   3]
 [  1   3   0   1   0   1  14]
 [ 15   0  20   0   0   1   0]
 [  5   3   0  20   0   4  27]
 [  0   0   0   0   0   1   0]
 [ 15   0   2   8   0  40   3]
 [ 17  12   2  25   0   4  42]]

NB
Classification_report:
             precision    recall  f1-score   support

          B       0.61      0.66      0.63       179
          C       0.21      0.35      0.26        20
          G       0.27      0.50      0.35        36
          M       0.37      0.32      0.35        59
          O       0.00      0.00      0.00         1
          P       0.37      0.57      0.45        68
          R       0.44      0.07      0.12       102

avg / total       0.46      0.45      0.42       465

[[118   0  39   2   0  19   1]
 [  0   7   0   2   0   8   3]
 [ 18   0  18   0   0   0   0]
 [ 19   5   0  19   0  11   5]
 [  0   0   1   0   0   0   0]
 [ 19   2   5   3   0  39   0]
 [ 19  20   3  25   0  28   7]]

DT
Classification_report:
             precision    recall  f1-score   support

          B       0.77      0.75      0.76       179
          C       0.14      0.20      0.17        20
          G       0.65      0.72      0.68        36
          M       0.47      0.44      0.46        59
          O       0.00      0.00      0.00         1
          P       0.49      0.49      0.49        68
          R       0.44      0.41      0.42       102

avg / total       0.58      0.57      0.58       465

[[134   1  13   1   0  14  16]
 [  1   4   0   3   0   3   9]
 [  8   0  26   0   0   0   2]
 [  7   4   0  26   0   5  17]
 [  0   0   0   0   0   1   0]
 [ 14   3   0   3   5  33  10]
 [  9  16   1  22   0  12  42]]

CRF
Classification_report:
             precision    recall  f1-score   support

          B       0.84      0.94      0.89       179
          C       0.31      0.20      0.24        20
          G       0.83      0.53      0.64        36
          M       0.45      0.41      0.43        59
          O       0.00      0.00      0.00         1
          P       0.82      0.74      0.78        68
          R       0.54      0.61      0.57       102

avg / total       0.70      0.70      0.69       465

CRF 2.0
Classification_report:
             precision    recall  f1-score   support

          B       0.99      1.00      1.00       179
          C       0.44      0.35      0.39        20
          G       1.00      1.00      1.00        36
          M       0.95      0.92      0.93        59
          O       0.00      0.00      0.00         1
          P       0.94      0.93      0.93        68
          R       0.83      0.88      0.85       102

avg / total       0.92      0.92      0.92       465


SVM RBF
Classification_report:
             precision    recall  f1-score   support

          B       0.60      0.72      0.65       256
          C       0.00      0.00      0.00        40
          G       0.00      0.00      0.00        72
          M       0.00      0.00      0.00       104
          O       0.00      0.00      0.00         7
          P       0.35      0.34      0.34       133
          R       0.46      0.83      0.59       219

avg / total       0.36      0.49      0.41       831

[[184   0   0   0   0  36  36]
 [  3   0   0   0   0   1  36]
 [ 37   0   0   0   0  21  14]
 [ 11   0   0   0   0   9  84]
 [  1   0   0   0   0   2   4]
 [ 51   0   0   0   0  45  37]
 [ 21   0   0   0   0  16 182]]

SVM linear
Classification_report:
             precision    recall  f1-score   support

          B       0.59      0.78      0.67       256
          C       0.00      0.00      0.00        40
          G       0.45      0.07      0.12        72
          M       0.10      0.01      0.02       104
          O       0.00      0.00      0.00         7
          P       0.52      0.44      0.48       133
          R       0.48      0.78      0.59       219

avg / total       0.44      0.52      0.45       831

[[200   0   6   0   0  16  34]
 [  3   0   0   0   0   4  33]
 [ 50   0   5   0   0   5  12]
 [ 14   0   0   1   0  14  75]
 [  0   0   0   1   0   4   2]
 [ 41   1   0   2   0  59  30]
 [ 31   0   0   6   0  12 170]]

KNN
Classification_report:
             precision    recall  f1-score   support

          B       0.57      0.70      0.62       256
          C       0.27      0.25      0.26        40
          G       0.37      0.47      0.42        72
          M       0.18      0.15      0.17       104
          O       0.00      0.00      0.00         7
          P       0.59      0.47      0.53       133
          R       0.46      0.40      0.43       219

avg / total       0.46      0.47      0.46       831

[[178   1  29  11   0  14  23]
 [  6  10   0   6   0   2  16]
 [ 26   0  34   3   0   4   5]
 [ 26   3  10  16   0   7  42]
 [  1   0   2   1   0   1   2]
 [ 31   5   6  10   1  63  17]
 [ 47  18  10  40   1  15  88]]

NB
Classification_report:
             precision    recall  f1-score   support

          B       0.68      0.28      0.40       256
          C       0.12      0.50      0.20        40
          G       0.31      0.39      0.35        72
          M       0.23      0.21      0.22       104
          O       0.00      0.00      0.00         7
          P       0.30      0.77      0.43       133
          R       0.53      0.09      0.16       219

avg / total       0.46      0.32      0.30       831

[[ 72  25  47  22   0  86   4]
 [  2  20   1   0   0  13   4]
 [ 11  12  28   3   0  18   0]
 [  6  23   5  22   0  39   9]
 [  0   2   0   0   0   4   1]
 [  3  16   4   8   0 102   0]
 [ 12  67   4  39   1  76  20]]

DT
Classification_report:
             precision    recall  f1-score   support

          B       0.62      0.58      0.60       256
          C       0.19      0.15      0.17        40
          G       0.39      0.46      0.42        72
          M       0.24      0.27      0.25       104
          O       0.00      0.00      0.00         7
          P       0.47      0.45      0.46       133
          R       0.44      0.45      0.44       219

avg / total       0.45      0.45      0.45       831

[[148   3  23  23   1  23  35]
 [  8   6   1   5   0   4  16]
 [ 11   3  33   8   0   6  11]
 [ 17   4   7  28   1  10  37]
 [  1   0   1   1   0   3   1]
 [ 20   3   7  17   0  60  26]
 [ 35  13  12  37   1  23  98]]

CRF
Classification_report:
             precision    recall  f1-score   support

          B       0.77      0.81      0.79       256
          C       0.70      0.35      0.47        40
          G       0.62      0.46      0.53        72
          M       0.37      0.28      0.32       104
          O       0.00      0.00      0.00         7
          P       0.72      0.60      0.66       133
          R       0.54      0.72      0.62       219

avg / total       0.63      0.63      0.62       831

CRF 2.0
Classification_report:
             precision    recall  f1-score   support

          B       0.92      0.86      0.88       256
          C       0.62      0.53      0.57        40
          G       0.80      0.72      0.76        72
          M       0.65      0.64      0.65       104
          O       0.00      0.00      0.00         7
          P       0.80      0.76      0.78       133
          R       0.68      0.82      0.74       219

avg / total       0.77      0.77      0.77       831
