SVM RBF
Classification_report:
             precision    recall  f1-score   support
          B       0.53      0.44      0.48        77
          C       0.00      0.00      0.00        20
          G       0.00      0.00      0.00        36
          M       0.00      0.00      0.00        45
          O       0.00      0.00      0.00         6
          P       0.56      0.22      0.31        65
          R       0.40      0.93      0.56       117

avg / total       0.34      0.43      0.33       366

[[ 34   0   0   0   0   3  40]
 [  2   0   0   0   0   2  16]
 [ 14   2   0   0   0   2  18]
 [  1   0   0   0   0   1  43]
 [  0   0   0   0   0   0   6]
 [  8   0   0   0   0  14  43]
 [  5   0   0   0   0   3 109]]

SVM linear
Classification_report:
             precision    recall  f1-score   support
          B       0.42      0.52      0.47        77
          C       0.14      0.15      0.15        20
          G       0.29      0.28      0.29        36
          M       0.16      0.22      0.18        45
          O       1.00      0.33      0.50         6
          P       0.40      0.37      0.38        65
          R       0.43      0.33      0.38       117

avg / total       0.37      0.35      0.35       366

[[40  1 13  8  0  9  6]
 [ 1  3  2  3  0  4  7]
 [13  3 10  2  0  2  6]
 [ 5  0  1 10  0  8 21]
 [ 0  0  0  1  2  2  1]
 [19  2  3  7  0 24 10]
 [17 12  5 33  0 11 39]]

KNN
Classification_report:
             precision    recall  f1-score   support
          B       0.35      0.51      0.41        77
          C       0.15      0.15      0.15        20
          G       0.17      0.17      0.17        36
          M       0.14      0.11      0.12        45
          O       0.00      0.00      0.00         6
          P       0.42      0.32      0.37        65
          R       0.47      0.44      0.46       117

avg / total       0.34      0.34      0.34       366

[[39  1 10  6  0 10 11]
 [ 6  3  1  1  0  2  7]
 [17  3  6  1  1  3  5]
 [ 6  5  0  5  0  3 26]
 [ 0  0  1  2  0  1  2]
 [21  3  6  5  1 21  8]
 [22  5 12 16  0 10 52]]

NB
Classification_report:
             precision    recall  f1-score   support
          B       0.49      0.49      0.49        77
          C       0.71      0.25      0.37        20
          G       0.56      0.39      0.46        36
          M       0.42      0.40      0.41        45
          O       0.00      0.00      0.00         6
          P       0.42      0.49      0.45        65
          R       0.55      0.62      0.58       117

avg / total       0.50      0.49      0.49       366

[[38  0  7  0  2 14 16]
 [ 1  5  1  0  0  1 12]
 [14  1 14  0  0  5  2]
 [ 4  0  0 18  0  8 15]
 [ 0  0  0  0  0  0  6]
 [15  0  2  7  1 32  8]
 [ 6  1  1 18  3 16 72]]

DT
Classification_report:
             precision    recall  f1-score   support
          B       0.41      0.43      0.42        77
          C       0.15      0.10      0.12        20
          G       0.18      0.17      0.17        36
          M       0.28      0.24      0.26        45
          O       0.20      0.17      0.18         6
          P       0.67      0.57      0.62        65
          R       0.51      0.62      0.56       117

avg / total       0.43      0.44      0.44       366

[[33  1 10  5  0  5 23]
 [ 1  2  6  1  0  3  7]
 [13  5  6  1  0  2  9]
 [ 9  0  1 11  0  3 21]
 [ 2  0  0  0  1  2  1]
 [ 7  1  2  7  3 37  8]
 [15  4  8 14  1  3 72]]

CRF
Classification_report:
             precision    recall  f1-score   support
          B      0.551     0.494     0.521        77
          C      0.440     0.550     0.489        20
          G      0.250     0.111     0.154        36
          M      0.182     0.044     0.071        45
          O      0.000     0.000     0.000         6
          P      0.547     0.446     0.492        65
          R      0.516     0.846     0.641       117

avg / total      0.449     0.500     0.452       366
