SVM RBF
Classification_report:
             precision    recall  f1-score   support
          B       0.45      0.93      0.60       179
          C       0.00      0.00      0.00        20
          G       0.00      0.00      0.00        36
          M       0.00      0.00      0.00        59
          O       0.00      0.00      0.00         1
          P       0.60      0.04      0.08        68
          R       0.40      0.33      0.36       103

avg / total       0.35      0.44      0.32       466

[[167   0   0   0   0   0  12]
 [ 11   0   0   0   0   1   8]
 [ 35   0   0   0   0   0   1]
 [ 41   0   0   0   0   0  18]
 [  1   0   0   0   0   0   0]
 [ 52   0   0   0   0   3  13]
 [ 68   0   0   0   0   1  34]]

SVM linear
Classification_report:
             precision    recall  f1-score   support
          B       0.53      0.63      0.58       179
          C       0.17      0.20      0.19        20
          G       0.18      0.17      0.17        36
          M       0.24      0.24      0.24        59
          O       0.00      0.00      0.00         1
          P       0.38      0.37      0.38        68
          R       0.33      0.24      0.28       103

avg / total       0.39      0.40      0.39       466

[[112   7  19  13   0  11  17]
 [  5   4   1   0   0   5   5]
 [ 22   2   6   1   0   3   2]
 [ 19   1   2  14   0   8  15]
 [  0   0   0   0   0   1   0]
 [ 19   5   0   8   0  25  11]
 [ 33   4   6  23   0  12  25]]

KNN
Classification_report:
             precision    recall  f1-score   support
          B       0.48      0.73      0.58       179
          C       0.20      0.20      0.20        20
          G       0.15      0.14      0.14        36
          M       0.29      0.17      0.21        59
          O       0.00      0.00      0.00         1
          P       0.37      0.24      0.29        68
          R       0.34      0.20      0.26       103

avg / total       0.37      0.40      0.37       466

[[130   1  13   8   0  12  15]
 [ 11   4   0   0   0   2   3]
 [ 25   2   5   0   0   1   3]
 [ 27   4   3  10   0   3  12]
 [  1   0   0   0   0   0   0]
 [ 31   5   5   4   0  16   7]
 [ 48   4   8  13   0   9  21]]

NB
Classification_report:
             precision    recall  f1-score   support
          B       0.57      0.49      0.53       179
          C       0.00      0.00      0.00        20
          G       0.18      0.11      0.14        36
          M       0.32      0.39      0.35        59
          O       0.00      0.00      0.00         1
          P       0.39      0.53      0.45        68
          R       0.45      0.48      0.46       103

avg / total       0.43      0.43      0.43       466

[[88  5 18 21  0 29 18]
 [ 8  0  0  5  0  1  6]
 [18  2  4  2  0  4  6]
 [ 9  1  0 23  0  9 17]
 [ 1  0  0  0  0  0  0]
 [13  2  0  4  0 36 13]
 [17  5  0 18  0 14 49]]

DT
Classification_report:
             precision    recall  f1-score   support
          B       0.55      0.58      0.56       179
          C       0.11      0.15      0.13        20
          G       0.14      0.11      0.12        36
          M       0.20      0.19      0.19        59
          O       0.00      0.00      0.00         1
          P       0.57      0.54      0.56        68
          R       0.25      0.25      0.25       103

avg / total       0.39      0.39      0.39       466

[[103   9  15  12   0   6  34]
 [  6   3   1   0   0   4   6]
 [ 20   2   4   4   0   2   4]
 [ 14   4   3  11   0   6  21]
 [  0   0   0   0   0   0   1]
 [ 10   2   1   5   1  37  12]
 [ 34   7   4  22   0  10  26]]

CRF
Classification_report:
             precision    recall  f1-score   support
          B      0.603     0.816     0.694       179
          C      0.652     0.750     0.698        20
          G      0.429     0.167     0.240        36
          M      0.387     0.203     0.267        59
          O      0.000     0.000     0.000         1
          P      0.491     0.382     0.430        68
          R      0.437     0.437     0.437       103

avg / total      0.510     0.536     0.508       466
