SVM RBF
Classification_report:
             precision    recall  f1-score   support
          B       0.38      1.00      0.56       179
          C       0.00      0.00      0.00        20
          G       0.00      0.00      0.00        36
          M       0.00      0.00      0.00        59
          O       0.00      0.00      0.00         1
          P       0.00      0.00      0.00        68
          R       0.00      0.00      0.00       103

avg / total       0.15      0.38      0.21       466

[[179   0   0   0   0   0   0]
 [ 20   0   0   0   0   0   0]
 [ 36   0   0   0   0   0   0]
 [ 59   0   0   0   0   0   0]
 [  1   0   0   0   0   0   0]
 [ 68   0   0   0   0   0   0]
 [103   0   0   0   0   0   0]]

SVM linear
Classification_report:
             precision    recall  f1-score   support
          B       0.54      0.60      0.57       179
          C       0.11      0.10      0.10        20
          G       0.20      0.17      0.18        36
          M       0.23      0.24      0.23        59
          O       0.00      0.00      0.00         1
          P       0.50      0.53      0.51        68
          R       0.26      0.21      0.24       103

avg / total       0.39      0.40      0.39       466

[[107   3  18  18   0  12  21]
 [  6   2   1   2   0   3   6]
 [ 24   0   6   1   0   1   4]
 [ 16   1   0  14   0   8  20]
 [  0   0   0   0   0   0   1]
 [ 13   4   2   3   0  36  10]
 [ 33   9   3  24   0  12  22]]

KNN
Classification_report:
             precision    recall  f1-score   support
          B       0.45      0.73      0.56       179
          C       0.00      0.00      0.00        20
          G       0.00      0.00      0.00        36
          M       0.19      0.12      0.15        59
          O       0.00      0.00      0.00         1
          P       0.46      0.38      0.42        68
          R       0.28      0.13      0.17       103

avg / total       0.33      0.38      0.33       466

[[131   4  13  12   0  10   9]
 [ 12   0   1   2   0   1   4]
 [ 31   0   0   1   0   2   2]
 [ 30   0   4   7   0   4  14]
 [  0   0   0   0   0   0   1]
 [ 27   5   2   5   0  26   3]
 [ 60   4   3   9   0  14  13]]

NB
Classification_report:
             precision    recall  f1-score   support
          B       0.57      0.50      0.53       179
          C       0.00      0.00      0.00        20
          G       0.17      0.11      0.14        36
          M       0.32      0.39      0.35        59
          O       0.00      0.00      0.00         1
          P       0.39      0.53      0.45        68
          R       0.45      0.48      0.46       103

avg / total       0.43      0.43      0.43       466

[[89  5 18 21  0 29 17]
 [ 8  0  0  5  0  1  6]
 [18  2  4  2  0  4  6]
 [ 9  1  0 23  0  9 17]
 [ 1  0  0  0  0  0  0]
 [13  2  0  4  0 36 13]
 [17  4  1 18  0 14 49]]

DT
Classification_report:
             precision    recall  f1-score   support
          B       0.46      0.45      0.46       179
          C       0.04      0.05      0.05        20
          G       0.07      0.08      0.08        36
          M       0.18      0.20      0.19        59
          O       0.00      0.00      0.00         1
          P       0.50      0.47      0.48        68
          R       0.29      0.27      0.28       103

avg / total       0.35      0.34      0.34       466

[[81  6 19 23  0 18 32]
 [ 7  1  0  5  1  1  5]
 [25  1  3  3  0  0  4]
 [18  3  5 12  0  3 18]
 [ 0  0  0  1  0  0  0]
 [14  4  3  7  0 32  8]
 [30  8 10 17  0 10 28]]

CRF
Classification_report:
             precision    recall  f1-score   support
          B      0.560     0.777     0.651       179
          C      0.529     0.450     0.486        20
          G      0.455     0.139     0.213        36
          M      0.293     0.203     0.240        59
          O      0.000     0.000     0.000         1
          P      0.500     0.294     0.370        68
          R      0.450     0.476     0.462       103

avg / total      0.483     0.502     0.474       466
