SVM RBF
Classification_report:
             precision    recall  f1-score   support
          B       0.31      1.00      0.47       256
          C       0.00      0.00      0.00        40
          G       0.00      0.00      0.00        72
          M       0.00      0.00      0.00       104
          O       0.00      0.00      0.00         7
          P       1.00      0.02      0.03       133
          R       0.55      0.03      0.05       220

avg / total       0.40      0.32      0.16       832

[[255   0   0   0   0   0   1]
 [ 38   0   0   0   0   0   2]
 [ 72   0   0   0   0   0   0]
 [103   0   0   0   0   0   1]
 [  7   0   0   0   0   0   0]
 [130   0   0   0   0   2   1]
 [214   0   0   0   0   0   6]]

SVM linear
Classification_report:
             precision    recall  f1-score   support
          B       0.50      0.60      0.55       256
          C       0.09      0.07      0.08        40
          G       0.34      0.31      0.32        72
          M       0.31      0.32      0.32       104
          O       0.40      0.29      0.33         7
          P       0.66      0.58      0.62       133
          R       0.47      0.43      0.45       220

avg / total       0.46      0.46      0.46       832

[[153   7  30  24   0   4  38]
 [ 16   3   3   1   0   6  11]
 [ 39   3  22   0   0   2   6]
 [ 25   1   0  33   0   9  36]
 [  0   0   0   0   2   3   2]
 [ 19   6   6  11   0  77  14]
 [ 53  14   3  36   3  16  95]]

KNN
Classification_report:
             precision    recall  f1-score   support
          B       0.37      0.56      0.45       256
          C       0.10      0.07      0.08        40
          G       0.20      0.14      0.17        72
          M       0.16      0.16      0.16       104
          O       0.00      0.00      0.00         7
          P       0.49      0.38      0.43       133
          R       0.32      0.23      0.27       220

avg / total       0.32      0.33      0.31       832

[[144   9  14  36   0  12  41]
 [ 15   3   3   4   0   4  11]
 [ 46   0  10   8   0   2   6]
 [ 43   0   2  17   1   8  33]
 [  2   0   0   1   0   1   3]
 [ 41   7   9  14   0  50  12]
 [ 95  12  11  27   0  25  50]]

NB
Classification_report:
             precision    recall  f1-score   support
          B       0.51      0.35      0.41       256
          C       0.10      0.07      0.08        40
          G       0.32      0.33      0.33        72
          M       0.35      0.53      0.42       104
          O       0.00      0.00      0.00         7
          P       0.36      0.47      0.41       133
          R       0.47      0.44      0.45       220

avg / total       0.41      0.40      0.40       832

[[89 10 39 29  6 53 30]
 [10  3  3  3  0  6 15]
 [28  1 24  3  0  6 10]
 [ 8  4  1 55  0 11 25]
 [ 2  0  0  0  0  0  5]
 [20  5  1 15  3 63 26]
 [17  8  6 53  4 35 97]]

DT
Classification_report:
             precision    recall  f1-score   support
          B       0.50      0.49      0.49       256
          C       0.10      0.10      0.10        40
          G       0.21      0.19      0.20        72
          M       0.24      0.27      0.25       104
          O       0.40      0.29      0.33         7
          P       0.55      0.54      0.54       133
          R       0.38      0.38      0.38       220

avg / total       0.40      0.40      0.40       832

[[126  10  23  21   0  23  53]
 [ 11   4   5   6   0   4  10]
 [ 34   3  14  12   0   1   8]
 [ 20   7   9  28   1   5  34]
 [  0   0   0   0   2   1   4]
 [ 18   4   1  10   2  72  26]
 [ 45  11  16  39   0  26  83]]

CRF
Classification_report:
             precision    recall  f1-score   support
          B      0.435     0.762     0.554       256
          C      0.295     0.325     0.310        40
          G      0.000     0.000     0.000        72
          M      0.061     0.019     0.029       104
          O      0.000     0.000     0.000         7
          P      0.553     0.316     0.402       133
          R      0.448     0.450     0.449       220

avg / total      0.363     0.422     0.372       832
