Reading  corpus/output366.json
SVM RBF
Classification_report:
             precision    recall  f1-score   support

          B       0.32      0.42      0.36        77
          C       0.11      0.05      0.07        20
          G       0.29      0.19      0.23        36
          M       0.29      0.22      0.25        45
          O       0.00      0.00      0.00         6
          P       0.53      0.51      0.52        65
          R       0.43      0.50      0.47       117

avg / total       0.37      0.39      0.38       366

[[32  1  9  4  0  6 25]
 [ 8  1  1  0  0  2  8]
 [19  2  7  0  0  5  3]
 [ 7  1  0 10  0  4 23]
 [ 0  0  0  0  0  3  3]
 [ 8  3  4  2  0 33 15]
 [25  1  3 19  1  9 59]]

SVM linear
Classification_report:
             precision    recall  f1-score   support

          B       0.37      0.47      0.41        77
          C       0.03      0.05      0.04        20
          G       0.35      0.33      0.34        36
          M       0.15      0.18      0.16        45
          O       0.50      0.33      0.40         6
          P       0.52      0.49      0.50        65
          R       0.41      0.30      0.34       117

avg / total       0.36      0.34      0.35       366

[[36  7 12  7  0  6  9]
 [ 8  1  1  0  1  2  7]
 [13  3 12  3  0  2  3]
 [13  1  0  8  0  4 19]
 [ 0  0  0  0  2  2  2]
 [ 7  6  3  6  0 32 11]
 [20 11  6 30  1 14 35]]

Reading  corpus/output466.json
SVM RBF
Classification_report:
             precision    recall  f1-score   support

          B       0.51      0.66      0.58       179
          C       0.00      0.00      0.00        20
          G       0.32      0.22      0.26        36
          M       0.35      0.31      0.33        59
          O       0.00      0.00      0.00         1
          P       0.49      0.43      0.46        68
          R       0.29      0.25      0.27       102

avg / total       0.40      0.43      0.41       465

[[118   2  12  12   0   9  26]
 [  9   0   2   0   0   4   5]
 [ 21   0   8   1   0   0   6]
 [ 19   2   1  18   0   3  16]
 [  0   0   0   0   0   0   1]
 [ 22   2   0   5   0  29  10]
 [ 42   3   2  15   0  14  26]]

SVM linear
Classification_report:
             precision    recall  f1-score   support

          B       0.47      0.47      0.47       179
          C       0.04      0.05      0.05        20
          G       0.16      0.19      0.18        36
          M       0.26      0.32      0.29        59
          O       0.00      0.00      0.00         1
          P       0.40      0.43      0.41        68
          R       0.31      0.22      0.25       102

avg / total       0.36      0.35      0.35       465

[[85 11 26 22  0 17 18]
 [ 7  1  2  1  0  3  6]
 [23  0  7  1  0  1  4]
 [19  1  0 19  0  7 13]
 [ 0  0  0  0  0  0  1]
 [14  6  2 10  0 29  7]
 [32  5  7 21  0 15 22]]

Reading  corpus/output832.json
SVM RBF
Classification_report:
             precision    recall  f1-score   support

          B       0.45      0.54      0.49       256
          C       0.15      0.07      0.10        40
          G       0.29      0.22      0.25        72
          M       0.26      0.21      0.23       104
          O       0.20      0.14      0.17         7
          P       0.56      0.56      0.56       133
          R       0.37      0.38      0.37       219

avg / total       0.39      0.41      0.40       831

[[139   6  26  15   0  18  52]
 [ 12   3   4   1   0   6  14]
 [ 45   0  16   3   0   2   6]
 [ 23   2   2  22   1   7  47]
 [  1   0   0   0   1   3   2]
 [ 22   4   3   9   0  74  21]
 [ 68   5   4  35   3  21  83]]

SVM linear
Classification_report:
             precision    recall  f1-score   support

          B       0.43      0.46      0.44       256
          C       0.13      0.20      0.16        40
          G       0.21      0.22      0.21        72
          M       0.29      0.32      0.30       104
          O       0.11      0.14      0.12         7
          P       0.48      0.47      0.48       133
          R       0.42      0.32      0.36       219

avg / total       0.38      0.37      0.37       831

[[118  21  41  25   0  14  37]
 [  7   8   3   0   1   9  12]
 [ 42   3  16   3   0   1   7]
 [ 22   7   0  33   3  11  28]
 [  0   1   0   0   1   4   1]
 [ 28  12   3  17   0  62  11]
 [ 58  10  14  37   4  27  69]]

