Reading  corpus/output366.json
SVM RBF
Classification_report:
             precision    recall  f1-score   support

          B       0.29      0.38      0.33        77
          C       0.15      0.10      0.12        20
          G       0.26      0.19      0.22        36
          M       0.24      0.22      0.23        45
          O       0.25      0.17      0.20         6
          P       0.35      0.37      0.36        65
          R       0.42      0.40      0.41       117

avg / total       0.33      0.33      0.32       366

[[29  0  8  6  0  8 26]
 [ 8  2  1  0  0  5  4]
 [14  3  7  2  0  7  3]
 [11  2  1 10  0  6 15]
 [ 0  0  0  0  1  4  1]
 [12  4  5  4  1 24 15]
 [27  2  5 20  2 14 47]]

SVM linear
Classification_report:
             precision    recall  f1-score   support

          B       0.37      0.52      0.43        77
          C       0.11      0.15      0.12        20
          G       0.27      0.33      0.30        36
          M       0.20      0.24      0.22        45
          O       0.50      0.33      0.40         6
          P       0.37      0.29      0.32        65
          R       0.43      0.27      0.33       117

avg / total       0.34      0.33      0.33       366

[[40  4 10  7  0  6 10]
 [ 5  3  3  1  0  2  6]
 [13  4 12  2  0  3  2]
 [ 8  2  3 11  0  8 13]
 [ 1  0  0  0  2  1  2]
 [13  6  6 11  0 19 10]
 [27  9 10 24  2 13 32]]

Reading  corpus/output466.json
SVM RBF
Classification_report:
             precision    recall  f1-score   support

          B       0.47      0.54      0.50       179
          C       0.06      0.05      0.06        20
          G       0.37      0.28      0.32        36
          M       0.33      0.27      0.30        59
          O       0.00      0.00      0.00         1
          P       0.42      0.46      0.44        68
          R       0.23      0.21      0.22       102

avg / total       0.36      0.38      0.37       465

[[97  5 12 17  0 14 34]
 [ 9  1  1  0  0  4  5]
 [18  1 10  1  0  0  6]
 [21  2  0 16  0  6 14]
 [ 0  0  0  0  0  0  1]
 [16  4  1  4  0 31 12]
 [45  3  3 11  0 19 21]]

SVM linear
Classification_report:
             precision    recall  f1-score   support

          B       0.49      0.53      0.51       179
          C       0.00      0.00      0.00        20
          G       0.19      0.19      0.19        36
          M       0.25      0.25      0.25        59
          O       0.00      0.00      0.00         1
          P       0.36      0.37      0.36        68
          R       0.24      0.18      0.20       102

avg / total       0.34      0.34      0.34       465

[[95 12 19 16  0 13 24]
 [ 6  0  3  1  0  4  6]
 [20  4  7  1  0  1  3]
 [21  2  1 15  0  6 14]
 [ 0  0  0  0  0  1  0]
 [16  6  4  7  0 25 10]
 [34  7  3 20  0 20 18]]

Reading  corpus/output832.json
SVM RBF
Classification_report:
             precision    recall  f1-score   support

          B       0.43      0.51      0.47       256
          C       0.09      0.07      0.08        40
          G       0.28      0.22      0.25        72
          M       0.29      0.29      0.29       104
          O       0.25      0.29      0.27         7
          P       0.50      0.44      0.47       133
          R       0.31      0.30      0.31       219

avg / total       0.36      0.37      0.36       831

[[131   7  25  22   0  17  54]
 [ 15   3   4   1   0   8   9]
 [ 43   0  16   3   0   3   7]
 [ 20   3   2  30   2   8  39]
 [  1   0   0   0   2   2   2]
 [ 20   9   3  11   0  59  31]
 [ 76  10   8  36   4  20  65]]

SVM linear
Classification_report:
             precision    recall  f1-score   support

          B       0.46      0.59      0.52       256
          C       0.12      0.12      0.12        40
          G       0.24      0.15      0.19        72
          M       0.30      0.26      0.28       104
          O       0.33      0.43      0.38         7
          P       0.47      0.41      0.43       133
          R       0.38      0.35      0.36       219

avg / total       0.38      0.39      0.39       831

[[152   7  22  22   0  10  43]
 [ 16   5   1   1   1   6  10]
 [ 40   7  11   0   0   4  10]
 [ 24   0   1  27   1  16  35]
 [  0   0   0   0   3   2   2]
 [ 28  10   4  14   1  54  22]
 [ 69  13   7  27   3  24  76]]

