Reading  corpus/output366.json
SVM RBF
Classification_report:
             precision    recall  f1-score   support

          B       0.36      0.35      0.36        77
          C       0.00      0.00      0.00        20
          G       0.56      0.14      0.22        36
          M       0.44      0.18      0.25        45
          O       0.00      0.00      0.00         6
          P       0.55      0.55      0.55        65
          R       0.37      0.63      0.47       117

avg / total       0.40      0.41      0.38       366

[[27  0  2  1  0  7 40]
 [ 3  0  0  0  0  1 16]
 [11  0  5  0  0  6 14]
 [ 4  0  0  8  0  3 30]
 [ 0  0  0  0  0  4  2]
 [ 6  0  1  0  0 36 22]
 [24  0  1  9  0  9 74]]

SVM linear
Classification_report:
             precision    recall  f1-score   support

          B       0.36      0.38      0.37        77
          C       0.14      0.15      0.15        20
          G       0.42      0.36      0.39        36
          M       0.30      0.31      0.31        45
          O       1.00      0.33      0.50         6
          P       0.61      0.62      0.61        65
          R       0.48      0.50      0.49       117

avg / total       0.44      0.43      0.43       366

[[29  5 10  7  0  4 22]
 [ 3  3  0  1  0  4  9]
 [13  3 13  0  0  3  4]
 [ 5  1  2 14  0  4 19]
 [ 0  0  0  0  2  3  1]
 [ 8  3  2  5  0 40  7]
 [22  6  4 19  0  8 58]]

Reading  corpus/output466.json
SVM RBF
Classification_report:
             precision    recall  f1-score   support

          B       0.47      0.78      0.58       179
          C       0.00      0.00      0.00        20
          G       0.00      0.00      0.00        36
          M       0.55      0.19      0.28        59
          O       0.00      0.00      0.00         1
          P       0.59      0.35      0.44        68
          R       0.27      0.27      0.27       102

avg / total       0.39      0.43      0.38       465

[[139   0   1   3   0   4  32]
 [ 12   0   0   0   0   3   5]
 [ 34   0   0   0   0   0   2]
 [ 25   0   0  11   0   1  22]
 [  0   0   0   0   0   0   1]
 [ 29   0   0   0   0  24  15]
 [ 59   0   0   6   0   9  28]]

SVM linear
Classification_report:
             precision    recall  f1-score   support

          B       0.49      0.55      0.52       179
          C       0.00      0.00      0.00        20
          G       0.21      0.17      0.19        36
          M       0.23      0.24      0.24        59
          O       0.00      0.00      0.00         1
          P       0.42      0.49      0.45        68
          R       0.37      0.31      0.34       102

avg / total       0.38      0.39      0.38       465

[[98  3 17 20  0 19 22]
 [ 8  0  0  2  0  4  6]
 [23  2  6  1  0  1  3]
 [21  3  0 14  0  7 14]
 [ 0  0  0  0  0  0  1]
 [20  1  0  5  0 33  9]
 [29  4  5 18  0 14 32]]

Reading  corpus/output832.json
SVM RBF
Classification_report:
             precision    recall  f1-score   support

          B       0.45      0.70      0.54       256
          C       0.00      0.00      0.00        40
          G       0.36      0.06      0.10        72
          M       0.43      0.19      0.27       104
          O       0.00      0.00      0.00         7
          P       0.67      0.49      0.57       133
          R       0.40      0.51      0.45       219

avg / total       0.44      0.46      0.42       831

[[178   0   6   6   0   9  57]
 [ 17   0   0   0   0   5  18]
 [ 59   0   4   1   0   1   7]
 [ 29   0   0  20   0   2  53]
 [  0   0   0   0   0   3   4]
 [ 39   0   0   2   0  65  27]
 [ 76   1   1  17   0  12 112]]

SVM linear
Classification_report:
             precision    recall  f1-score   support

          B       0.46      0.55      0.50       256
          C       0.16      0.12      0.14        40
          G       0.35      0.31      0.33        72
          M       0.31      0.34      0.32       104
          O       0.20      0.14      0.17         7
          P       0.58      0.56      0.57       133
          R       0.44      0.38      0.41       219

avg / total       0.43      0.43      0.43       831

[[140   7  30  27   0  13  39]
 [ 16   5   2   0   1   6  10]
 [ 38   1  22   2   0   3   6]
 [ 25   2   0  35   1  10  31]
 [  0   0   0   0   1   4   2]
 [ 23   8   3   7   0  74  18]
 [ 60   9   6  41   2  18  83]]

