Reading  corpus/output366.json
SVM RBF
Classification_report:
             precision    recall  f1-score   support

          B       0.37      0.43      0.40        77
          C       0.50      0.05      0.09        20
          G       0.40      0.17      0.24        36
          M       0.36      0.18      0.24        45
          O       0.00      0.00      0.00         6
          P       0.51      0.52      0.52        65
          R       0.41      0.60      0.49       117

avg / total       0.41      0.42      0.39       366

[[33  0  6  2  0  8 28]
 [ 5  1  1  0  0  2 11]
 [16  0  6  0  0  5  9]
 [ 5  0  0  8  0  3 29]
 [ 0  0  0  0  0  5  1]
 [ 7  0  1  1  0 34 22]
 [23  1  1 11  1 10 70]]

SVM linear
Classification_report:
             precision    recall  f1-score   support

          B       0.43      0.48      0.45        77
          C       0.14      0.15      0.15        20
          G       0.48      0.44      0.46        36
          M       0.22      0.27      0.24        45
          O       1.00      0.50      0.67         6
          P       0.61      0.54      0.57        65
          R       0.48      0.46      0.47       117

avg / total       0.45      0.44      0.44       366

[[37  6  5  7  0  5 17]
 [ 5  3  1  2  0  2  7]
 [11  2 16  3  0  1  3]
 [ 9  1  1 12  0  3 19]
 [ 0  0  0  0  3  2  1]
 [ 7  3  5  4  0 35 11]
 [17  6  5 26  0  9 54]]

Reading  corpus/output466.json
SVM RBF
Classification_report:
             precision    recall  f1-score   support

          B       0.49      0.72      0.58       179
          C       0.00      0.00      0.00        20
          G       0.00      0.00      0.00        36
          M       0.30      0.20      0.24        59
          O       0.00      0.00      0.00         1
          P       0.54      0.38      0.45        68
          R       0.28      0.29      0.29       102

avg / total       0.37      0.42      0.38       465

[[128   1   4   8   0   7  31]
 [ 11   0   0   1   0   4   4]
 [ 31   0   0   0   0   0   5]
 [ 21   1   0  12   0   2  23]
 [  0   0   0   0   0   0   1]
 [ 23   1   0   4   0  26  14]
 [ 45   2   1  15   0   9  30]]

SVM linear
Classification_report:
             precision    recall  f1-score   support

          B       0.51      0.53      0.52       179
          C       0.05      0.05      0.05        20
          G       0.19      0.17      0.18        36
          M       0.25      0.27      0.26        59
          O       0.00      0.00      0.00         1
          P       0.43      0.49      0.46        68
          R       0.29      0.25      0.27       102

avg / total       0.37      0.38      0.37       465

[[95  7 18 18  0 17 24]
 [ 9  1  0  2  0  4  4]
 [22  2  6  1  0  0  5]
 [15  4  1 16  0  7 16]
 [ 0  0  0  0  0  0  1]
 [16  1  2  6  0 33 10]
 [31  5  5 20  0 16 25]]

Reading  corpus/output832.json
SVM RBF
Classification_report:
             precision    recall  f1-score   support

          B       0.46      0.64      0.53       256
          C       0.43      0.07      0.13        40
          G       0.32      0.11      0.16        72
          M       0.36      0.21      0.27       104
          O       0.00      0.00      0.00         7
          P       0.61      0.54      0.57       133
          R       0.42      0.50      0.46       219

avg / total       0.44      0.45      0.43       831

[[163   1  13   9   0  12  58]
 [ 20   3   1   0   0   6  10]
 [ 52   0   8   1   0   1  10]
 [ 26   1   1  22   0   5  49]
 [  0   0   0   0   0   4   3]
 [ 30   1   0   6   0  72  24]
 [ 64   1   2  23   1  18 110]]

SVM linear
Classification_report:
             precision    recall  f1-score   support

          B       0.46      0.54      0.50       256
          C       0.10      0.10      0.10        40
          G       0.27      0.26      0.27        72
          M       0.31      0.35      0.33       104
          O       0.00      0.00      0.00         7
          P       0.53      0.50      0.52       133
          R       0.41      0.33      0.37       219

avg / total       0.40      0.40      0.40       831

[[138  11  32  30   0  12  33]
 [ 18   4   3   1   1   7   6]
 [ 40   3  19   1   0   3   6]
 [ 22   2   4  36   0   7  33]
 [  0   1   0   0   0   4   2]
 [ 22   7   5   9   0  67  23]
 [ 61  11   8  39   2  26  72]]

