Reading  corpus/output366.json
SVM RBF
Classification_report:
             precision    recall  f1-score   support

          B       0.33      0.42      0.37        77
          C       0.20      0.25      0.22        20
          G       0.28      0.31      0.29        36
          M       0.24      0.22      0.23        45
          O       0.75      0.50      0.60         6
          P       0.48      0.38      0.43        65
          R       0.42      0.38      0.40       117

avg / total       0.37      0.36      0.36       366

[[32  4 12  7  0  6 16]
 [ 7  5  1  0  0  2  5]
 [15  2 11  2  0  1  5]
 [ 3  1  3 10  0  8 20]
 [ 0  0  0  0  3  1  2]
 [13  5  5  4  0 25 13]
 [28  8  8 18  1  9 45]]

SVM linear
Classification_report:
             precision    recall  f1-score   support

          B       0.33      0.43      0.38        77
          C       0.18      0.25      0.21        20
          G       0.20      0.25      0.23        36
          M       0.23      0.22      0.23        45
          O       0.50      0.50      0.50         6
          P       0.44      0.37      0.40        65
          R       0.43      0.34      0.38       117

avg / total       0.35      0.34      0.34       366

[[33  5 15  5  0  5 14]
 [ 5  5  2  3  0  2  3]
 [14  2  9  1  1  4  5]
 [ 4  1  4 10  0  9 17]
 [ 0  0  0  0  3  1  2]
 [10  4  9  7  0 24 11]
 [33 11  5 17  2  9 40]]

Reading  corpus/output466.json
SVM RBF
Classification_report:
             precision    recall  f1-score   support

          B       0.49      0.56      0.52       179
          C       0.04      0.05      0.05        20
          G       0.18      0.17      0.17        36
          M       0.15      0.15      0.15        59
          O       0.00      0.00      0.00         1
          P       0.43      0.38      0.40        68
          R       0.22      0.18      0.19       102

avg / total       0.33      0.34      0.34       465

[[100   8  17  15   0  12  27]
 [  8   1   0   3   0   2   6]
 [ 26   0   6   1   0   1   2]
 [ 17   3   4   9   0   6  20]
 [  0   0   0   0   0   0   1]
 [ 17   5   2   9   0  26   9]
 [ 36   7   4  23   0  14  18]]

SVM linear
Classification_report:
             precision    recall  f1-score   support

          B       0.46      0.56      0.51       179
          C       0.00      0.00      0.00        20
          G       0.26      0.22      0.24        36
          M       0.14      0.15      0.15        59
          O       0.00      0.00      0.00         1
          P       0.34      0.32      0.33        68
          R       0.26      0.17      0.20       102

avg / total       0.32      0.34      0.32       465

[[100  10  16  22   0  13  18]
 [  9   0   0   3   0   4   4]
 [ 22   1   8   1   0   2   2]
 [ 20   3   2   9   0  10  15]
 [  0   0   0   1   0   0   0]
 [ 24   3   1   9   0  22   9]
 [ 42   7   4  18   0  14  17]]

Reading  corpus/output832.json
SVM RBF
Classification_report:
             precision    recall  f1-score   support

          B       0.43      0.54      0.48       256
          C       0.09      0.10      0.10        40
          G       0.24      0.19      0.22        72
          M       0.20      0.17      0.18       104
          O       0.12      0.14      0.13         7
          P       0.44      0.41      0.42       133
          R       0.36      0.31      0.33       219

avg / total       0.35      0.36      0.35       831

[[138   9  27  25   2  20  35]
 [ 14   4   2   2   1   5  12]
 [ 46   2  14   2   0   4   4]
 [ 26   8   3  18   1   9  39]
 [  0   0   0   1   1   1   4]
 [ 35   8   4   8   0  54  24]
 [ 64  12   8  35   3  30  67]]

SVM linear
Classification_report:
             precision    recall  f1-score   support

          B       0.42      0.56      0.48       256
          C       0.10      0.07      0.09        40
          G       0.31      0.22      0.26        72
          M       0.20      0.12      0.15       104
          O       0.27      0.43      0.33         7
          P       0.50      0.42      0.46       133
          R       0.37      0.37      0.37       219

avg / total       0.37      0.38      0.37       831

[[144   6  21  14   3  22  46]
 [ 20   3   1   1   0   4  11]
 [ 46   1  16   1   0   2   6]
 [ 32   2   4  13   1   7  45]
 [  0   0   0   1   3   0   3]
 [ 34   6   4   8   0  56  25]
 [ 69  12   5  26   4  22  81]]
