Reading  corpus/output366.json
SVM RBF
Classification_report:
             precision    recall  f1-score   support

          B       0.38      0.42      0.40        77
          C       0.42      0.25      0.31        20
          G       0.40      0.28      0.33        36
          M       0.25      0.22      0.24        45
          O       0.00      0.00      0.00         6
          P       0.62      0.62      0.62        65
          R       0.44      0.52      0.48       117

avg / total       0.42      0.43      0.42       366

[[32  1  8  5  0  4 27]
 [ 4  5  1  0  0  2  8]
 [16  1 10  1  0  1  7]
 [ 8  0  1 10  0  2 24]
 [ 0  0  0  0  0  5  1]
 [ 5  2  3  4  0 40 11]
 [20  3  2 20  0 11 61]]

SVM linear
Classification_report:
             precision    recall  f1-score   support

          B       0.36      0.45      0.40        77
          C       0.27      0.20      0.23        20
          G       0.48      0.36      0.41        36
          M       0.22      0.22      0.22        45
          O       0.50      0.17      0.25         6
          P       0.64      0.60      0.62        65
          R       0.48      0.49      0.48       117

avg / total       0.44      0.43      0.43       366

[[35  2  8  7  0  4 21]
 [ 6  4  0  0  0  3  7]
 [14  3 13  1  0  1  4]
 [ 8  0  2 10  0  2 23]
 [ 0  0  0  0  1  4  1]
 [ 7  4  3  6  0 39  6]
 [27  2  1 21  1  8 57]]

Reading  corpus/output466.json
SVM RBF
Classification_report:
             precision    recall  f1-score   support

          B       0.53      0.64      0.58       179
          C       0.00      0.00      0.00        20
          G       0.37      0.19      0.25        36
          M       0.31      0.31      0.31        59
          O       0.00      0.00      0.00         1
          P       0.54      0.56      0.55        68
          R       0.31      0.27      0.29       102

avg / total       0.42      0.44      0.43       465

[[115   3  10  13   0  12  26]
 [  9   0   1   2   0   4   4]
 [ 26   0   7   0   0   0   3]
 [ 18   1   0  18   0   5  17]
 [  0   0   0   0   0   0   1]
 [ 13   0   0   5   0  38  12]
 [ 37   4   1  20   0  12  28]]

SVM linear
Classification_report:
             precision    recall  f1-score   support

          B       0.54      0.62      0.58       179
          C       0.00      0.00      0.00        20
          G       0.25      0.22      0.24        36
          M       0.27      0.29      0.28        59
          O       0.00      0.00      0.00         1
          P       0.55      0.50      0.52        68
          R       0.32      0.28      0.30       102

avg / total       0.41      0.43      0.42       465

[[111   6  16  19   0   7  20]
 [  9   0   2   2   0   3   4]
 [ 25   0   8   0   0   0   3]
 [ 14   2   1  17   0   5  20]
 [  0   0   0   0   0   0   1]
 [ 13   1   2   5   0  34  13]
 [ 33   5   3  19   0  13  29]]

Reading  corpus/output832.json
SVM RBF
Classification_report:
             precision    recall  f1-score   support

          B       0.48      0.57      0.52       256
          C       0.15      0.07      0.10        40
          G       0.42      0.31      0.35        72
          M       0.29      0.25      0.27       104
          O       0.50      0.14      0.22         7
          P       0.66      0.61      0.64       133
          R       0.42      0.47      0.44       219

avg / total       0.45      0.46      0.45       831

[[146   9  25  20   0   6  50]
 [ 12   3   1   2   0   8  14]
 [ 44   0  22   0   0   1   5]
 [ 23   0   1  26   0   3  51]
 [  0   0   0   0   1   4   2]
 [ 24   2   2   6   0  81  18]
 [ 53   6   1  37   1  19 102]]

SVM linear
Classification_report:
             precision    recall  f1-score   support

          B       0.48      0.54      0.51       256
          C       0.15      0.10      0.12        40
          G       0.38      0.33      0.35        72
          M       0.35      0.34      0.34       104
          O       0.33      0.14      0.20         7
          P       0.62      0.58      0.60       133
          R       0.43      0.44      0.44       219

avg / total       0.45      0.45      0.45       831

[[139   8  33  20   0  12  44]
 [ 17   4   0   1   0   7  11]
 [ 42   0  24   2   0   0   4]
 [ 21   0   2  35   0   5  41]
 [  0   1   0   0   1   3   2]
 [ 19   5   3   5   0  77  24]
 [ 52   9   2  37   2  21  96]]
