Reading  corpus/output366.json
SVM RBF
Classification_report:
             precision    recall  f1-score   support

          B       0.37      0.45      0.41        77
          C       0.17      0.15      0.16        20
          G       0.32      0.28      0.30        36
          M       0.16      0.20      0.18        45
          O       0.75      0.50      0.60         6
          P       0.46      0.38      0.42        65
          R       0.40      0.37      0.38       117

avg / total       0.36      0.35      0.35       366

[[35  4  9  6  0  7 16]
 [ 4  3  1  2  0  3  7]
 [12  2 10  2  0  2  8]
 [ 8  1  2  9  0  5 20]
 [ 0  0  0  0  3  1  2]
 [ 9  2  6 11  0 25 12]
 [27  6  3 26  1 11 43]]

SVM linear
Classification_report:
             precision    recall  f1-score   support

          B       0.27      0.31      0.29        77
          C       0.13      0.15      0.14        20
          G       0.24      0.25      0.25        36
          M       0.16      0.22      0.19        45
          O       0.60      0.50      0.55         6
          P       0.42      0.37      0.39        65
          R       0.44      0.35      0.39       117

avg / total       0.33      0.31      0.32       366

[[24  6 15 10  0  7 15]
 [ 5  3  2  1  0  4  5]
 [12  5  9  3  0  3  4]
 [10  0  3 10  0  6 16]
 [ 0  0  0  0  3  2  1]
 [11  2  5 11  0 24 12]
 [26  7  3 27  2 11 41]]

Reading  corpus/output466.json
SVM RBF
Classification_report:
             precision    recall  f1-score   support

          B       0.50      0.56      0.52       179
          C       0.05      0.05      0.05        20
          G       0.16      0.17      0.16        36
          M       0.24      0.24      0.24        59
          O       0.00      0.00      0.00         1
          P       0.48      0.44      0.46        68
          R       0.27      0.23      0.25       102

avg / total       0.36      0.37      0.37       465

[[100   6  19  20   0   8  26]
 [  6   1   4   1   0   1   7]
 [ 24   0   6   1   0   2   3]
 [ 17   3   2  14   0   7  16]
 [  0   0   0   0   0   1   0]
 [ 17   4   2   5   0  30  10]
 [ 38   5   4  18   0  14  23]]

SVM linear
Classification_report:
             precision    recall  f1-score   support

          B       0.46      0.49      0.47       179
          C       0.00      0.00      0.00        20
          G       0.18      0.22      0.20        36
          M       0.20      0.22      0.21        59
          O       0.00      0.00      0.00         1
          P       0.43      0.44      0.44        68
          R       0.25      0.18      0.21       102

avg / total       0.33      0.34      0.33       465

[[88 12 21 25  0 13 20]
 [ 6  0  4  2  0  3  5]
 [21  1  8  1  0  1  4]
 [23  2  1 13  0  5 15]
 [ 0  0  0  0  0  1  0]
 [15  4  3  7  0 30  9]
 [40  4  7 17  0 16 18]]

Reading  corpus/output832.json
SVM RBF
Classification_report:
             precision    recall  f1-score   support

          B       0.44      0.54      0.48       256
          C       0.11      0.12      0.12        40
          G       0.30      0.26      0.28        72
          M       0.23      0.24      0.23       104
          O       0.33      0.29      0.31         7
          P       0.55      0.45      0.49       133
          R       0.38      0.31      0.34       219

avg / total       0.38      0.38      0.38       831

[[139   9  32  25   0  12  39]
 [ 18   5   2   3   0   4   8]
 [ 38   4  19   1   0   6   4]
 [ 28   6   2  25   0   8  35]
 [  0   0   0   0   2   2   3]
 [ 28   7   6  13   0  60  19]
 [ 68  15   3  44   4  18  67]]

SVM linear
Classification_report:
             precision    recall  f1-score   support

          B       0.42      0.50      0.46       256
          C       0.12      0.17      0.15        40
          G       0.28      0.26      0.27        72
          M       0.22      0.28      0.25       104
          O       0.25      0.29      0.27         7
          P       0.53      0.42      0.47       133
          R       0.40      0.30      0.34       219

avg / total       0.38      0.37      0.37       831

[[128  15  33  36   1  13  30]
 [ 15   7   2   3   1   4   8]
 [ 39   3  19   1   0   4   6]
 [ 32   3   2  29   0   8  30]
 [  0   0   0   0   2   2   3]
 [ 26   9   6  17   0  56  19]
 [ 64  19   6  43   4  18  65]]
