Reading  corpus/output366.json
SVM RBF
Classification_report:
             precision    recall  f1-score   support

          B       0.29      0.35      0.32        77
          C       0.12      0.15      0.13        20
          G       0.26      0.25      0.25        36
          M       0.21      0.22      0.22        45
          O       0.67      0.33      0.44         6
          P       0.32      0.31      0.31        65
          R       0.46      0.39      0.42       117

avg / total       0.33      0.32      0.32       366

[[27  4 12  7  0 14 13]
 [ 6  3  3  0  0  3  5]
 [10  2  9  2  0  4  9]
 [ 6  1  3 10  0  9 16]
 [ 1  0  0  0  2  2  1]
 [12  6  5 11  0 20 11]
 [30  9  3 18  1 10 46]]

SVM linear
Classification_report:
             precision    recall  f1-score   support

          B       0.27      0.31      0.29        77
          C       0.19      0.20      0.20        20
          G       0.25      0.33      0.29        36
          M       0.17      0.20      0.19        45
          O       0.60      0.50      0.55         6
          P       0.32      0.26      0.29        65
          R       0.46      0.38      0.42       117

avg / total       0.33      0.31      0.32       366

[[24  3 19  9  0  6 16]
 [ 6  4  0  0  0  4  6]
 [15  2 12  0  0  4  3]
 [ 7  0  4  9  0 10 15]
 [ 0  0  0  1  3  1  1]
 [ 9  6 10 11  0 17 12]
 [28  6  3 22  2 11 45]]

Reading  corpus/output466.json
SVM RBF
Classification_report:
             precision    recall  f1-score   support

          B       0.47      0.53      0.50       179
          C       0.08      0.10      0.09        20
          G       0.18      0.17      0.17        36
          M       0.21      0.20      0.21        59
          O       0.00      0.00      0.00         1
          P       0.38      0.38      0.38        68
          R       0.20      0.16      0.18       102

avg / total       0.33      0.34      0.33       465

[[95 11 19 17  1 11 25]
 [ 6  2  1  0  0  6  5]
 [23  2  6  1  0  2  2]
 [17  2  1 12  0  9 18]
 [ 0  0  0  0  0  0  1]
 [15  4  3  7  0 26 13]
 [44  3  4 21  0 14 16]]

SVM linear
Classification_report:
             precision    recall  f1-score   support

          B       0.44      0.54      0.48       179
          C       0.04      0.05      0.04        20
          G       0.27      0.25      0.26        36
          M       0.20      0.19      0.19        59
          O       0.00      0.00      0.00         1
          P       0.40      0.35      0.38        68
          R       0.20      0.14      0.16       102

avg / total       0.32      0.33      0.32       465

[[96 13 20 14  1 13 22]
 [10  1  1  1  0  3  4]
 [19  2  9  2  0  2  2]
 [21  2  0 11  0  6 19]
 [ 0  0  0  0  0  0  1]
 [21  5  2  8  0 24  8]
 [53  2  1 20  0 12 14]]

Reading  corpus/output832.json
SVM RBF
Classification_report:
             precision    recall  f1-score   support

          B       0.44      0.54      0.49       256
          C       0.20      0.17      0.19        40
          G       0.28      0.26      0.27        72
          M       0.25      0.24      0.24       104
          O       0.29      0.29      0.29         7
          P       0.35      0.35      0.35       133
          R       0.33      0.27      0.30       219

avg / total       0.35      0.35      0.35       831

[[137   6  31  17   0  26  39]
 [ 10   7   4   0   0   6  13]
 [ 38   2  19   3   0   3   7]
 [ 24   4   3  25   1  13  34]
 [  1   0   0   0   2   4   0]
 [ 27  10   5  18   1  46  26]
 [ 71   6   6  39   3  35  59]]

SVM linear
Classification_report:
             precision    recall  f1-score   support

          B       0.44      0.59      0.50       256
          C       0.14      0.12      0.13        40
          G       0.37      0.19      0.25        72
          M       0.20      0.16      0.18       104
          O       0.12      0.14      0.13         7
          P       0.48      0.38      0.42       133
          R       0.37      0.37      0.37       219

avg / total       0.37      0.38      0.37       831

[[150   6  18  14   0  15  53]
 [ 18   5   0   1   0   6  10]
 [ 45   3  14   2   0   2   6]
 [ 31   4   1  17   2   7  42]
 [  0   0   0   1   1   2   3]
 [ 33   8   3  12   2  50  25]
 [ 64  10   2  38   3  22  80]]
