Reading  corpus/output366.json
SVM RBF
Classification_report:
             precision    recall  f1-score   support

          B       0.37      0.44      0.40        77
          C       0.27      0.20      0.23        20
          G       0.41      0.31      0.35        36
          M       0.25      0.24      0.25        45
          O       0.00      0.00      0.00         6
          P       0.55      0.52      0.54        65
          R       0.45      0.48      0.46       117

avg / total       0.40      0.41      0.40       366

[[34  2  9  6  0  8 18]
 [ 3  4  1  1  0  2  9]
 [13  3 11  0  0  1  8]
 [10  0  1 11  0  2 21]
 [ 0  0  0  0  0  5  1]
 [ 7  3  3  6  0 34 12]
 [26  3  2 20  0 10 56]]

SVM linear
Classification_report:
             precision    recall  f1-score   support

          B       0.36      0.44      0.40        77
          C       0.20      0.20      0.20        20
          G       0.31      0.25      0.28        36
          M       0.24      0.24      0.24        45
          O       0.50      0.17      0.25         6
          P       0.53      0.52      0.53        65
          R       0.50      0.47      0.48       117

avg / total       0.41      0.40      0.40       366

[[34  3 13  6  0  9 12]
 [ 4  4  1  1  0  3  7]
 [15  4  9  2  0  1  5]
 [ 8  0  1 11  0  4 21]
 [ 0  0  0  0  1  3  2]
 [11  4  3  5  0 34  8]
 [23  5  2 21  1 10 55]]

Reading  corpus/output466.json
SVM RBF
Classification_report:
             precision    recall  f1-score   support

          B       0.53      0.64      0.58       179
          C       0.00      0.00      0.00        20
          G       0.23      0.14      0.17        36
          M       0.27      0.27      0.27        59
          O       0.00      0.00      0.00         1
          P       0.54      0.54      0.54        68
          R       0.28      0.25      0.26       102

avg / total       0.40      0.42      0.41       465

[[114   4  11  16   0   8  26]
 [  8   0   3   2   0   3   4]
 [ 28   0   5   0   0   0   3]
 [ 17   1   1  16   0   5  19]
 [  0   0   0   0   0   0   1]
 [ 13   0   0   7   0  37  11]
 [ 34   7   2  19   0  15  25]]

SVM linear
Classification_report:
             precision    recall  f1-score   support

          B       0.52      0.59      0.55       179
          C       0.06      0.05      0.05        20
          G       0.21      0.17      0.18        36
          M       0.25      0.27      0.26        59
          O       0.00      0.00      0.00         1
          P       0.52      0.49      0.50        68
          R       0.29      0.25      0.27       102

avg / total       0.39      0.40      0.39       465

[[105   6  17  19   0   7  25]
 [  9   1   2   2   0   3   3]
 [ 28   0   6   0   0   0   2]
 [ 15   3   1  16   0   6  18]
 [  0   0   0   0   0   0   1]
 [ 14   0   2   7   0  33  12]
 [ 32   8   1  21   0  15  25]]

Reading  corpus/output832.json
SVM RBF
Classification_report:
             precision    recall  f1-score   support

          B       0.46      0.54      0.50       256
          C       0.10      0.07      0.09        40
          G       0.33      0.28      0.30        72
          M       0.30      0.28      0.29       104
          O       0.33      0.14      0.20         7
          P       0.57      0.53      0.55       133
          R       0.40      0.39      0.39       219

avg / total       0.41      0.42      0.41       831

[[139  10  30  17   0  12  48]
 [ 14   3   2   2   0   9  10]
 [ 40   1  20   2   0   2   7]
 [ 19   1   1  29   0  10  44]
 [  0   1   0   0   1   3   2]
 [ 30   3   4   8   0  70  18]
 [ 63  11   3  38   2  17  85]]

SVM linear
Classification_report:
             precision    recall  f1-score   support

          B       0.48      0.54      0.51       256
          C       0.18      0.17      0.18        40
          G       0.33      0.31      0.32        72
          M       0.30      0.36      0.33       104
          O       0.25      0.14      0.18         7
          P       0.56      0.52      0.54       133
          R       0.44      0.37      0.41       219

avg / total       0.43      0.43      0.43       831

[[139  10  29  29   0  12  37]
 [ 14   7   3   2   0  10   4]
 [ 36   1  22   3   0   2   8]
 [ 21   1   1  37   0   7  37]
 [  0   1   0   0   1   3   2]
 [ 24   5   8  12   0  69  15]
 [ 57  13   3  40   3  21  82]]
