Reading  corpus/output366.json
SVM RBF
Classification_report:
             precision    recall  f1-score   support

          B       0.37      0.44      0.40        77
          C       0.17      0.10      0.12        20
          G       0.38      0.31      0.34        36
          M       0.33      0.31      0.32        45
          O       0.00      0.00      0.00         6
          P       0.55      0.54      0.54        65
          R       0.43      0.47      0.45       117

avg / total       0.40      0.41      0.40       366

[[34  2  8  3  0  5 25]
 [ 2  2  2  0  0  6  8]
 [12  3 11  0  0  3  7]
 [ 6  0  2 14  0  4 19]
 [ 1  0  0  0  0  3  2]
 [ 8  2  3  6  0 35 11]
 [28  3  3 20  0  8 55]]

SVM linear
Classification_report:
             precision    recall  f1-score   support

          B       0.41      0.48      0.44        77
          C       0.08      0.15      0.10        20
          G       0.28      0.25      0.26        36
          M       0.27      0.31      0.29        45
          O       1.00      0.33      0.50         6
          P       0.50      0.48      0.49        65
          R       0.47      0.37      0.41       117

avg / total       0.41      0.38      0.39       366

[[37 10  8  5  0  5 12]
 [ 7  3  2  0  0  3  5]
 [10  9  9  1  0  2  5]
 [ 6  1  3 14  0  6 15]
 [ 1  0  0  0  2  1  2]
 [ 8  5  3  9  0 31  9]
 [21 10  7 22  0 14 43]]

Reading  corpus/output466.json
SVM RBF
Classification_report:
             precision    recall  f1-score   support

          B       0.57      0.67      0.62       179
          C       0.06      0.05      0.05        20
          G       0.25      0.17      0.20        36
          M       0.35      0.37      0.36        59
          O       0.00      0.00      0.00         1
          P       0.44      0.43      0.43        68
          R       0.36      0.30      0.33       102

avg / total       0.43      0.45      0.44       465

[[120   9  10  12   0  11  17]
 [  7   1   2   1   0   4   5]
 [ 22   2   6   1   0   2   3]
 [ 14   2   1  22   0   4  16]
 [  0   0   0   0   0   1   0]
 [ 20   1   1   4   0  29  13]
 [ 28   2   4  22   0  15  31]]

SVM linear
Classification_report:
             precision    recall  f1-score   support

          B       0.52      0.55      0.53       179
          C       0.10      0.10      0.10        20
          G       0.17      0.17      0.17        36
          M       0.27      0.31      0.29        59
          O       0.00      0.00      0.00         1
          P       0.44      0.40      0.42        68
          R       0.29      0.26      0.28       102

avg / total       0.38      0.38      0.38       465

[[98 11 19 13  0 11 27]
 [ 9  2  0  2  0  3  4]
 [22  1  6  1  0  4  2]
 [14  0  3 18  0  3 21]
 [ 0  0  0  0  0  1  0]
 [19  2  1  8  0 27 11]
 [27  4  7 25  0 12 27]]

Reading  corpus/output832.json
SVM RBF
Classification_report:
             precision    recall  f1-score   support

          B       0.48      0.55      0.51       256
          C       0.08      0.05      0.06        40
          G       0.27      0.21      0.23        72
          M       0.34      0.34      0.34       104
          O       0.50      0.14      0.22         7
          P       0.53      0.56      0.54       133
          R       0.40      0.38      0.39       219

avg / total       0.41      0.42      0.42       831

[[142   6  30  18   0  19  41]
 [ 12   2   2   1   0   6  17]
 [ 38   1  15   6   0   2  10]
 [ 19   1   2  35   0  10  37]
 [  0   0   0   0   1   3   3]
 [ 27   7   2   7   0  74  16]
 [ 59   9   5  36   1  26  83]]

SVM linear
Classification_report:
             precision    recall  f1-score   support

          B       0.46      0.52      0.49       256
          C       0.04      0.05      0.05        40
          G       0.23      0.28      0.25        72
          M       0.24      0.31      0.27       104
          O       0.20      0.14      0.17         7
          P       0.53      0.48      0.51       133
          R       0.44      0.31      0.36       219

avg / total       0.40      0.38      0.39       831

[[132  12  42  24   0  14  32]
 [ 18   2   3   3   1   7   6]
 [ 36   5  20   4   0   2   5]
 [ 25   4   6  32   0  10  27]
 [  0   1   0   1   1   2   2]
 [ 24   7   7  16   0  64  15]
 [ 50  16   9  53   3  21  67]]
