Reading  corpus/output366.json
SVM RBF
Classification_report:
             precision    recall  f1-score   support

          B       0.41      0.45      0.43        77
          C       0.17      0.05      0.08        20
          G       0.33      0.22      0.27        36
          M       0.41      0.31      0.35        45
          O       0.00      0.00      0.00         6
          P       0.59      0.63      0.61        65
          R       0.46      0.56      0.50       117

avg / total       0.43      0.45      0.43       366

[[35  0  9  2  0  5 26]
 [ 4  1  1  1  0  4  9]
 [16  2  8  0  0  2  8]
 [ 4  0  0 14  0  3 24]
 [ 0  0  0  0  0  5  1]
 [ 7  1  2  2  1 41 11]
 [20  2  4 15  0 10 66]]

SVM linear
Classification_report:
             precision    recall  f1-score   support

          B       0.42      0.43      0.42        77
          C       0.17      0.15      0.16        20
          G       0.37      0.36      0.37        36
          M       0.28      0.27      0.27        45
          O       0.00      0.00      0.00         6
          P       0.61      0.55      0.58        65
          R       0.45      0.51      0.48       117

avg / total       0.42      0.43      0.42       366

[[33  6 11  3  0  4 20]
 [ 5  3  1  0  0  2  9]
 [10  3 13  2  0  0  8]
 [ 5  0  1 12  0  5 22]
 [ 0  0  0  0  0  4  2]
 [ 8  2  3  5  0 36 11]
 [18  4  6 21  0  8 60]]

Reading  corpus/output466.json
SVM RBF
Classification_report:
             precision    recall  f1-score   support

          B       0.55      0.70      0.61       179
          C       0.00      0.00      0.00        20
          G       0.22      0.11      0.15        36
          M       0.33      0.29      0.31        59
          O       0.00      0.00      0.00         1
          P       0.57      0.50      0.53        68
          R       0.36      0.35      0.36       102

avg / total       0.43      0.46      0.44       465

[[125   3  11  10   0   8  22]
 [  9   0   2   0   0   2   7]
 [ 29   0   4   1   0   0   2]
 [ 17   3   0  17   0   3  19]
 [  0   0   0   0   0   0   1]
 [ 17   2   0   3   0  34  12]
 [ 31   1   1  20   0  13  36]]

SVM linear
Classification_report:
             precision    recall  f1-score   support

          B       0.54      0.60      0.57       179
          C       0.06      0.05      0.06        20
          G       0.26      0.28      0.27        36
          M       0.38      0.36      0.37        59
          O       0.00      0.00      0.00         1
          P       0.47      0.50      0.48        68
          R       0.36      0.29      0.32       102

avg / total       0.43      0.44      0.43       465

[[107   6  21  10   0  16  19]
 [  9   1   1   1   0   3   5]
 [ 22   1  10   1   0   0   2]
 [ 11   2   1  21   0   6  18]
 [  0   0   0   0   0   0   1]
 [ 16   2   2   5   0  34   9]
 [ 33   4   3  18   0  14  30]]

Reading  corpus/output832.json
SVM RBF
Classification_report:
             precision    recall  f1-score   support

          B       0.49      0.62      0.55       256
          C       0.00      0.00      0.00        40
          G       0.38      0.22      0.28        72
          M       0.29      0.22      0.25       104
          O       0.00      0.00      0.00         7
          P       0.61      0.60      0.60       133
          R       0.40      0.45      0.42       219

avg / total       0.42      0.45      0.43       831

[[159   4  21  16   0  13  43]
 [ 15   0   2   0   0   6  17]
 [ 45   0  16   3   0   2   6]
 [ 22   0   0  23   0   7  52]
 [  0   0   0   0   0   3   4]
 [ 23   1   2   4   0  80  23]
 [ 62   4   1  32   1  21  98]]

SVM linear
Classification_report:
             precision    recall  f1-score   support

          B       0.49      0.58      0.53       256
          C       0.10      0.07      0.09        40
          G       0.36      0.31      0.33        72
          M       0.27      0.27      0.27       104
          O       0.20      0.14      0.17         7
          P       0.58      0.56      0.57       133
          R       0.40      0.36      0.38       219

avg / total       0.42      0.43      0.42       831

[[149   8  27  21   0  14  37]
 [ 16   3   0   1   1   6  13]
 [ 39   3  22   1   0   2   5]
 [ 22   2   3  28   0  10  39]
 [  0   1   0   0   1   2   3]
 [ 22   4   3   8   1  75  20]
 [ 56   9   6  46   2  21  79]]
