Reading  corpus/output366.json
SVM RBF
Classification_report:
             precision    recall  f1-score   support

          B       0.35      0.43      0.38        77
          C       0.18      0.20      0.19        20
          G       0.28      0.25      0.26        36
          M       0.23      0.29      0.26        45
          O       1.00      0.33      0.50         6
          P       0.41      0.37      0.39        65
          R       0.41      0.35      0.38       117

avg / total       0.36      0.34      0.35       366

[[33  4  9  7  0  9 15]
 [ 4  4  2  0  0  4  6]
 [ 9  5  9  1  0  2 10]
 [ 7  0  2 13  0  7 16]
 [ 1  0  0  1  2  1  1]
 [10  4  7  9  0 24 11]
 [31  5  3 25  0 12 41]]

SVM linear
Classification_report:
             precision    recall  f1-score   support

          B       0.33      0.36      0.34        77
          C       0.12      0.20      0.15        20
          G       0.28      0.31      0.29        36
          M       0.22      0.29      0.25        45
          O       1.00      0.33      0.50         6
          P       0.36      0.31      0.33        65
          R       0.37      0.29      0.33       117

avg / total       0.33      0.31      0.31       366

[[28  8 12  6  0  7 16]
 [ 8  4  0  1  0  4  3]
 [10  4 11  3  0  4  4]
 [ 6  1  2 13  0  6 17]
 [ 0  0  0  1  2  2  1]
 [ 9  5  6  9  0 20 16]
 [25 12  8 26  0 12 34]]

Reading  corpus/output466.json
SVM RBF
Classification_report:
             precision    recall  f1-score   support

          B       0.50      0.61      0.55       179
          C       0.05      0.05      0.05        20
          G       0.29      0.19      0.23        36
          M       0.33      0.31      0.32        59
          O       0.00      0.00      0.00         1
          P       0.45      0.46      0.45        68
          R       0.23      0.18      0.20       102

avg / total       0.37      0.40      0.38       465

[[109   6  13  13   0   9  29]
 [ 12   1   0   1   0   4   2]
 [ 22   1   7   1   0   1   4]
 [ 15   1   0  18   0   9  16]
 [  0   0   0   0   0   1   0]
 [ 19   6   1   2   0  31   9]
 [ 43   4   3  20   0  14  18]]

SVM linear
Classification_report:
             precision    recall  f1-score   support

          B       0.50      0.58      0.54       179
          C       0.00      0.00      0.00        20
          G       0.26      0.28      0.27        36
          M       0.25      0.22      0.23        59
          O       0.00      0.00      0.00         1
          P       0.37      0.40      0.38        68
          R       0.33      0.24      0.27       102

avg / total       0.37      0.38      0.37       465

[[103   9  21  12   0  15  19]
 [  9   0   1   1   0   6   3]
 [ 18   2  10   1   0   3   2]
 [ 22   1   2  13   0   8  13]
 [  0   0   0   0   0   0   1]
 [ 20   4   0   6   0  27  11]
 [ 33   7   4  20   0  14  24]]

Reading  corpus/output832.json
SVM RBF
Classification_report:
             precision    recall  f1-score   support

          B       0.46      0.53      0.49       256
          C       0.17      0.15      0.16        40
          G       0.32      0.29      0.30        72
          M       0.28      0.29      0.28       104
          O       0.20      0.14      0.17         7
          P       0.45      0.42      0.43       133
          R       0.38      0.34      0.36       219

avg / total       0.38      0.39      0.39       831

[[136   5  27  18   0  21  49]
 [ 12   6   3   2   0   6  11]
 [ 36   4  21   1   0   4   6]
 [ 21   4   0  30   0  16  33]
 [  0   0   0   1   1   2   3]
 [ 29   7   9  11   0  56  21]
 [ 61   9   6  45   4  20  74]]

SVM linear
Classification_report:
             precision    recall  f1-score   support

          B       0.46      0.59      0.52       256
          C       0.11      0.10      0.11        40
          G       0.33      0.21      0.25        72
          M       0.24      0.18      0.21       104
          O       0.33      0.29      0.31         7
          P       0.41      0.38      0.39       133
          R       0.40      0.39      0.39       219

avg / total       0.38      0.39      0.38       831

[[152   6  23  11   0  24  40]
 [ 15   4   1   0   0   8  12]
 [ 42   4  15   0   0   4   7]
 [ 24   2   1  19   0  12  46]
 [  0   0   0   0   2   3   2]
 [ 33   9   3  16   0  50  22]
 [ 63  10   3  32   4  22  85]]
