Reading  corpus/output366.json
SVM RBF
Classification_report:
             precision    recall  f1-score   support

          B       0.41      0.47      0.44        77
          C       0.50      0.05      0.09        20
          G       0.36      0.14      0.20        36
          M       0.41      0.24      0.31        45
          O       0.00      0.00      0.00         6
          P       0.62      0.68      0.65        65
          R       0.46      0.65      0.54       117

avg / total       0.46      0.47      0.44       366

[[36  0  5  2  0  7 27]
 [ 6  1  0  1  0  3  9]
 [18  1  5  0  0  3  9]
 [ 3  0  0 11  0  3 28]
 [ 0  0  0  0  0  3  3]
 [ 6  0  2  1  0 44 12]
 [19  0  2 12  0  8 76]]

SVM linear
Classification_report:
             precision    recall  f1-score   support

          B       0.44      0.48      0.46        77
          C       0.18      0.15      0.16        20
          G       0.42      0.36      0.39        36
          M       0.24      0.24      0.24        45
          O       0.00      0.00      0.00         6
          P       0.70      0.62      0.66        65
          R       0.50      0.56      0.53       117

avg / total       0.46      0.46      0.46       366

[[37  6 10  5  0  4 15]
 [ 4  3  2  1  0  2  8]
 [14  3 13  0  0  1  5]
 [ 5  0  0 11  0  2 27]
 [ 0  1  0  0  0  3  2]
 [ 8  2  2  5  0 40  8]
 [17  2  4 24  0  5 65]]

Reading  corpus/output466.json
SVM RBF
Classification_report:
             precision    recall  f1-score   support

          B       0.53      0.79      0.64       179
          C       0.00      0.00      0.00        20
          G       0.25      0.06      0.09        36
          M       0.38      0.27      0.32        59
          O       0.00      0.00      0.00         1
          P       0.60      0.44      0.51        68
          R       0.36      0.34      0.35       102

avg / total       0.44      0.48      0.44       465

[[141   2   5   6   0   6  19]
 [ 10   0   1   1   0   2   6]
 [ 31   0   2   0   0   0   3]
 [ 21   2   0  16   0   3  17]
 [  0   0   0   0   0   0   1]
 [ 20   0   0   3   0  30  15]
 [ 42   0   0  16   0   9  35]]

SVM linear
Classification_report:
             precision    recall  f1-score   support

          B       0.53      0.65      0.59       179
          C       0.00      0.00      0.00        20
          G       0.31      0.22      0.26        36
          M       0.33      0.36      0.34        59
          O       0.00      0.00      0.00         1
          P       0.50      0.46      0.48        68
          R       0.46      0.39      0.42       102

avg / total       0.45      0.46      0.45       465

[[116   5  14  17   0  12  15]
 [ 10   0   1   2   0   2   5]
 [ 25   0   8   1   0   0   2]
 [ 16   2   0  21   0   6  14]
 [  0   0   0   0   0   0   1]
 [ 22   0   1   4   0  31  10]
 [ 28   3   2  18   0  11  40]]

Reading  corpus/output832.json
SVM RBF
Classification_report:
             precision    recall  f1-score   support

          B       0.52      0.68      0.59       256
          C       0.00      0.00      0.00        40
          G       0.45      0.21      0.29        72
          M       0.40      0.23      0.29       104
          O       0.00      0.00      0.00         7
          P       0.63      0.66      0.65       133
          R       0.43      0.51      0.47       219

avg / total       0.46      0.50      0.47       831

[[174   2  15   8   0  10  47]
 [ 13   0   1   0   0   8  18]
 [ 50   0  15   0   0   1   6]
 [ 20   0   0  24   0   9  51]
 [  0   0   0   0   0   4   3]
 [ 20   1   0   2   0  88  22]
 [ 59   1   2  26   1  19 111]]

SVM linear
Classification_report:
             precision    recall  f1-score   support

          B       0.49      0.56      0.52       256
          C       0.12      0.07      0.09        40
          G       0.38      0.32      0.35        72
          M       0.39      0.35      0.37       104
          O       0.00      0.00      0.00         7
          P       0.65      0.63      0.64       133
          R       0.45      0.46      0.45       219

avg / total       0.46      0.47      0.46       831

[[144   8  32  14   0  10  48]
 [ 18   3   0   1   1   5  12]
 [ 41   2  23   2   0   0   4]
 [ 18   1   2  36   0   6  41]
 [  0   1   0   0   0   4   2]
 [ 23   2   0   6   1  84  17]
 [ 52   7   3  34   2  21 100]]
