Reading  corpus/output366.json
SVM RBF
Classification_report:
             precision    recall  f1-score   support

          B       0.36      0.40      0.38        77
          C       0.17      0.15      0.16        20
          G       0.33      0.33      0.33        36
          M       0.29      0.31      0.30        45
          O       0.50      0.17      0.25         6
          P       0.37      0.35      0.36        65
          R       0.50      0.48      0.49       117

avg / total       0.39      0.38      0.38       366

[[31  4  6  6  0 10 20]
 [ 4  3  4  0  0  5  4]
 [ 5  4 12  2  1  7  5]
 [ 7  0  2 14  0  6 16]
 [ 0  1  0  0  1  3  1]
 [15  3  5  9  0 23 10]
 [25  3  7 17  0  9 56]]

SVM linear
Classification_report:
             precision    recall  f1-score   support

          B       0.38      0.43      0.40        77
          C       0.10      0.15      0.12        20
          G       0.24      0.22      0.23        36
          M       0.24      0.33      0.28        45
          O       0.50      0.33      0.40         6
          P       0.38      0.31      0.34        65
          R       0.42      0.35      0.38       117

avg / total       0.35      0.33      0.34       366

[[33  8  8  8  0  6 14]
 [ 6  3  2  1  0  4  4]
 [17  3  8  2  0  3  3]
 [ 6  1  2 15  0  4 17]
 [ 0  0  0  0  2  3  1]
 [ 9  2  6 10  1 20 17]
 [16 12  8 26  1 13 41]]

Reading  corpus/output466.json
SVM RBF
Classification_report:
             precision    recall  f1-score   support

          B       0.53      0.61      0.57       179
          C       0.00      0.00      0.00        20
          G       0.22      0.17      0.19        36
          M       0.29      0.29      0.29        59
          O       0.00      0.00      0.00         1
          P       0.45      0.47      0.46        68
          R       0.26      0.23      0.24       102

avg / total       0.38      0.40      0.39       465

[[109   9  12  12   0   8  29]
 [  9   0   2   1   0   4   4]
 [ 23   1   6   1   0   3   2]
 [ 16   1   3  17   0   5  17]
 [  0   0   0   0   0   0   1]
 [ 14   3   1   5   0  32  13]
 [ 35   0   3  22   0  19  23]]

SVM linear
Classification_report:
             precision    recall  f1-score   support

          B       0.48      0.58      0.52       179
          C       0.00      0.00      0.00        20
          G       0.21      0.19      0.20        36
          M       0.22      0.22      0.22        59
          O       0.00      0.00      0.00         1
          P       0.40      0.41      0.41        68
          R       0.20      0.14      0.16       102

avg / total       0.33      0.36      0.34       465

[[104   8  20  11   0  14  22]
 [ 11   0   1   1   0   3   4]
 [ 21   2   7   2   0   2   2]
 [ 21   1   3  13   0   8  13]
 [  0   0   0   0   0   0   1]
 [ 17   2   1   6   0  28  14]
 [ 44   2   2  25   0  15  14]]

Reading  corpus/output832.json
SVM RBF
Classification_report:
             precision    recall  f1-score   support

          B       0.45      0.53      0.49       256
          C       0.03      0.03      0.03        40
          G       0.26      0.24      0.25        72
          M       0.28      0.25      0.26       104
          O       0.00      0.00      0.00         7
          P       0.44      0.45      0.45       133
          R       0.38      0.36      0.37       219

avg / total       0.37      0.38      0.37       831

[[135   8  32  18   0  19  44]
 [ 13   1   3   0   0   9  14]
 [ 37   2  17   2   0   6   8]
 [ 26   0   2  26   0  14  36]
 [  1   1   0   0   0   2   3]
 [ 30   5   6  12   0  60  20]
 [ 58  14   6  36   2  25  78]]

SVM linear
Classification_report:
             precision    recall  f1-score   support

          B       0.47      0.61      0.53       256
          C       0.03      0.03      0.03        40
          G       0.23      0.14      0.17        72
          M       0.29      0.27      0.28       104
          O       0.14      0.14      0.14         7
          P       0.46      0.37      0.41       133
          R       0.44      0.42      0.43       219

avg / total       0.39      0.40      0.39       831

[[156   8  21  19   0  12  40]
 [ 19   1   2   0   2   6  10]
 [ 43   5  10   2   0   5   7]
 [ 24   1   1  28   0  12  38]
 [  0   0   0   0   1   4   2]
 [ 33   7   4  19   1  49  20]
 [ 60  11   6  30   3  18  91]]
