SVM RBF
Classification_report:
             precision    recall  f1-score   support

          B       0.35      0.58      0.44        77
          C       0.00      0.00      0.00        20
          G       0.00      0.00      0.00        36
          M       0.00      0.00      0.00        45
          O       0.00      0.00      0.00         6
          P       0.00      0.00      0.00        65
          R       0.41      0.84      0.55       117

avg / total       0.21      0.39      0.27       366

[[45  0  0  0  0  0 32]
 [ 2  0  0  0  0  0 18]
 [16  0  0  0  0  0 20]
 [12  0  0  0  0  0 33]
 [ 0  0  0  0  0  0  6]
 [33  0  0  0  0  0 32]
 [19  0  0  0  0  0 98]]

SVM linear
Classification_report:
             precision    recall  f1-score   support

          B       0.57      0.56      0.57        77
          C       0.17      0.10      0.12        20
          G       0.50      0.36      0.42        36
          M       0.21      0.16      0.18        45
          O       1.00      0.17      0.29         6
          P       0.55      0.57      0.56        65
          R       0.46      0.60      0.52       117

avg / total       0.47      0.47      0.46       366

[[43  2  7  6  0  6 13]
 [ 2  2  0  0  0  3 13]
 [12  1 13  0  0  0 10]
 [ 6  0  1  7  0  7 24]
 [ 0  0  0  0  1  2  3]
 [ 6  1  1  1  0 37 19]
 [ 6  6  4 19  0 12 70]]

KNN
Classification_report:
             precision    recall  f1-score   support

          B       0.41      0.62      0.49        77
          C       0.03      0.05      0.04        20
          G       0.22      0.19      0.21        36
          M       0.09      0.04      0.06        45
          O       0.00      0.00      0.00         6
          P       0.49      0.51      0.50        65
          R       0.48      0.40      0.44       117

avg / total       0.36      0.38      0.36       366

[[48  1  8  4  0  8  8]
 [ 4  1  1  2  0  2 10]
 [18  2  7  1  0  5  3]
 [ 9  6  4  2  0  3 21]
 [ 0  1  2  1  0  1  1]
 [13  2  6  3  0 33  8]
 [26 16  4  9  0 15 47]]

NB
Classification_report:
             precision    recall  f1-score   support

          B       0.48      0.36      0.41        77
          C       0.33      0.20      0.25        20
          G       0.17      0.61      0.27        36
          M       0.33      0.29      0.31        45
          O       0.06      0.17      0.08         6
          P       0.67      0.65      0.66        65
          R       0.33      0.13      0.18       117

avg / total       0.40      0.34      0.34       366

[[28  0 31  2  3  9  4]
 [ 0  4  4  0  2  1  9]
 [ 9  0 22  3  0  0  2]
 [ 3  3 15 13  2  2  7]
 [ 0  0  0  0  1  0  5]
 [ 9  0  3  5  2 42  4]
 [ 9  5 55 16  8  9 15]]

DT
Classification_report:
             precision    recall  f1-score   support

          B       0.46      0.42      0.44        77
          C       0.25      0.20      0.22        20
          G       0.17      0.19      0.18        36
          M       0.15      0.11      0.13        45
          O       0.00      0.00      0.00         6
          P       0.57      0.60      0.59        65
          R       0.45      0.50      0.47       117

avg / total       0.39      0.40      0.39       366

[[32  0 14  8  0  6 17]
 [ 1  4  1  1  0  0 13]
 [ 9  4  7  3  0  1 12]
 [ 9  2  4  5  0  6 19]
 [ 0  0  0  0  0  4  2]
 [ 6  1  3  2  4 39 10]
 [12  5 13 14  2 12 59]]

CRF
Classification_report:
             precision    recall  f1-score   support

          B       0.55      0.56      0.55        77
          C       0.48      0.60      0.53        20
          G       0.44      0.33      0.38        36
          M       0.25      0.18      0.21        45
          O       0.00      0.00      0.00         6
          P       0.64      0.55      0.60        65
          R       0.55      0.69      0.61       117

avg / total       0.51      0.52      0.51       366

CRF 2.0
Classification_report:
             precision    recall  f1-score   support

          B       0.77      0.64      0.70        77
          C       0.38      0.30      0.33        20
          G       0.62      0.56      0.59        36
          M       0.45      0.38      0.41        45
          O       0.00      0.00      0.00         6
          P       0.66      0.58      0.62        65
          R       0.56      0.74      0.64       117

avg / total       0.59      0.59      0.59       366


SVM RBF
Classification_report:
             precision    recall  f1-score   support

          B       0.58      0.96      0.72       179
          C       0.00      0.00      0.00        20
          G       0.00      0.00      0.00        36
          M       0.00      0.00      0.00        59
          O       0.00      0.00      0.00         1
          P       0.00      0.00      0.00        68
          R       0.51      0.82      0.63       102

avg / total       0.33      0.55      0.41       465

[[171   0   0   0   0   1   7]
 [  0   0   0   0   0   0  20]
 [ 36   0   0   0   0   0   0]
 [ 11   0   0   0   0   1  47]
 [  1   0   0   0   0   0   0]
 [ 60   0   0   0   0   0   8]
 [ 18   0   0   0   0   0  84]]

SVM linear
Classification_report:
             precision    recall  f1-score   support

          B       0.70      0.82      0.75       179
          C       0.56      0.45      0.50        20
          G       0.44      0.22      0.30        36
          M       0.47      0.36      0.40        59
          O       0.00      0.00      0.00         1
          P       0.63      0.54      0.58        68
          R       0.51      0.59      0.55       102

avg / total       0.59      0.60      0.59       465

[[146   1  10   0   0  14   8]
 [  0   9   0   0   0   0  11]
 [ 28   0   8   0   0   0   0]
 [  4   2   0  21   0   2  30]
 [  0   0   0   0   0   1   0]
 [ 18   1   0   3   0  37   9]
 [ 13   3   0  21   0   5  60]]

KNN
Classification_report:
             precision    recall  f1-score   support

          B       0.66      0.82      0.73       179
          C       0.32      0.30      0.31        20
          G       0.32      0.33      0.33        36
          M       0.41      0.36      0.38        59
          O       0.00      0.00      0.00         1
          P       0.79      0.49      0.60        68
          R       0.54      0.50      0.52       102

avg / total       0.58      0.58      0.57       465

[[146   0  19   2   0   4   8]
 [  1   6   0   1   0   0  12]
 [ 21   0  12   0   0   3   0]
 [ 14   3   0  21   0   0  21]
 [  0   0   1   0   0   0   0]
 [ 21   2   4   6   0  33   2]
 [ 19   8   1  21   0   2  51]]

NB
Classification_report:
             precision    recall  f1-score   support

          B       0.53      0.17      0.25       179
          C       0.20      0.15      0.17        20
          G       0.17      0.67      0.27        36
          M       0.25      0.56      0.35        59
          O       0.00      0.00      0.00         1
          P       0.39      0.56      0.46        68
          R       0.24      0.06      0.09       102

avg / total       0.37      0.29      0.26       465

[[30  4 85 31  0 26  3]
 [ 3  3  2  5  0  2  5]
 [ 6  0 24  3  0  1  2]
 [ 2  2  6 33  0 11  5]
 [ 1  0  0  0  0  0  0]
 [ 4  1  3 18  0 38  4]
 [11  5 20 40  0 20  6]]

DT
Classification_report:
             precision    recall  f1-score   support

          B       0.74      0.73      0.73       179
          C       0.33      0.35      0.34        20
          G       0.48      0.56      0.51        36
          M       0.35      0.37      0.36        59
          O       0.00      0.00      0.00         1
          P       0.63      0.56      0.59        68
          R       0.52      0.53      0.53       102

avg / total       0.59      0.58      0.58       465

[[130   1  21   5   0  13   9]
 [  1   7   0   3   0   1   8]
 [ 15   0  20   0   0   0   1]
 [  3   6   0  22   0   1  27]
 [  0   0   0   1   0   0   0]
 [ 17   2   1   6   0  38   4]
 [ 10   5   0  26   0   7  54]]

CRF
Classification_report:
             precision    recall  f1-score   support

          B       0.86      0.96      0.91       179
          C       0.78      0.70      0.74        20
          G       0.81      0.61      0.70        36
          M       0.53      0.44      0.48        59
          O       0.00      0.00      0.00         1
          P       0.82      0.75      0.78        68
          R       0.64      0.69      0.66       102

avg / total       0.76      0.76      0.76       465

CRF 2.0
Classification_report:
             precision    recall  f1-score   support

          B       1.00      1.00      1.00       179
          C       0.57      0.40      0.47        20
          G       1.00      1.00      1.00        36
          M       0.92      0.92      0.92        59
          O       0.00      0.00      0.00         1
          P       0.96      0.94      0.95        68
          R       0.83      0.89      0.86       102

avg / total       0.92      0.93      0.93       465


SVM RBF
Classification_report:
             precision    recall  f1-score   support

          B       0.48      0.86      0.61       256
          C       0.00      0.00      0.00        40
          G       0.00      0.00      0.00        72
          M       0.00      0.00      0.00       104
          O       0.00      0.00      0.00         7
          P       0.00      0.00      0.00       133
          R       0.48      0.78      0.59       219

avg / total       0.27      0.47      0.34       831

[[221   0   0   0   0   1  34]
 [  5   0   0   0   0   0  35]
 [ 60   0   0   0   0   0  12]
 [ 31   0   0   0   0   2  71]
 [  4   0   0   0   0   0   3]
 [100   0   0   0   0   0  33]
 [ 44   0   0   0   0   4 171]]

SVM linear
Classification_report:
             precision    recall  f1-score   support

          B       0.62      0.72      0.67       256
          C       0.35      0.28      0.31        40
          G       0.44      0.32      0.37        72
          M       0.31      0.21      0.25       104
          O       0.00      0.00      0.00         7
          P       0.59      0.53      0.56       133
          R       0.47      0.55      0.51       219

avg / total       0.50      0.52      0.51       831

[[185   0  19   9   0  10  33]
 [  4  11   1   0   0   3  21]
 [ 38   2  23   0   0   1   8]
 [ 17   0   1  22   0  10  54]
 [  0   0   0   0   0   5   2]
 [ 29   3   3   8   0  71  19]
 [ 25  15   5  32   0  21 121]]

KNN
Classification_report:
             precision    recall  f1-score   support

          B       0.54      0.73      0.62       256
          C       0.09      0.10      0.09        40
          G       0.33      0.26      0.29        72
          M       0.31      0.22      0.26       104
          O       0.00      0.00      0.00         7
          P       0.61      0.51      0.56       133
          R       0.47      0.41      0.44       219

avg / total       0.46      0.47      0.46       831

[[186   3  25   6   0  11  25]
 [  6   4   1   6   0   4  19]
 [ 37   0  19   3   0  10   3]
 [ 28   8   3  23   0   6  36]
 [  1   1   1   1   0   2   1]
 [ 34   5   3   6   0  68  17]
 [ 55  26   6  30   1  11  90]]

NB
Classification_report:
             precision    recall  f1-score   support

          B       0.48      0.17      0.25       256
          C       0.12      0.33      0.18        40
          G       0.16      0.64      0.25        72
          M       0.27      0.38      0.31       104
          O       0.00      0.00      0.00         7
          P       0.57      0.47      0.52       133
          R       0.32      0.11      0.16       219

avg / total       0.38      0.27      0.27       831

[[ 43  23 124  35   3  19   9]
 [  2  13   9   2   1   4   9]
 [ 14   3  46   4   0   3   2]
 [  9   7  30  39   0   5  14]
 [  1   0   0   0   0   1   5]
 [  8  24   6  18   2  63  12]
 [ 12  35  78  46   8  16  24]]

DT
Classification_report:
             precision    recall  f1-score   support

          B       0.62      0.59      0.61       256
          C       0.12      0.10      0.11        40
          G       0.28      0.31      0.29        72
          M       0.25      0.23      0.24       104
          O       0.25      0.14      0.18         7
          P       0.55      0.61      0.58       133
          R       0.46      0.48      0.47       219

avg / total       0.46      0.47      0.46       831

[[151   2  25  17   0  26  35]
 [  6   4   4   6   0   3  17]
 [ 28   4  22   5   1   3   9]
 [ 15   4   8  24   0  11  42]
 [  0   1   1   0   1   2   2]
 [ 12   6   5   7   2  81  20]
 [ 31  11  14  38   0  20 105]]

CRF
Classification_report:
             precision    recall  f1-score   support

          B       0.71      0.80      0.75       256
          C       0.58      0.47      0.52        40
          G       0.62      0.47      0.54        72
          M       0.34      0.23      0.28       104
          O       1.00      0.14      0.25         7
          P       0.72      0.60      0.66       133
          R       0.55      0.69      0.61       219

avg / total       0.61      0.62      0.61       831

CRF 2.0
Classification_report:
             precision    recall  f1-score   support

          B       0.93      0.88      0.90       256
          C       0.50      0.40      0.44        40
          G       0.78      0.75      0.77        72
          M       0.71      0.69      0.70       104
          O       0.00      0.00      0.00         7
          P       0.83      0.77      0.80       133
          R       0.69      0.83      0.75       219

avg / total       0.78      0.78      0.78       831
