SVM RBF
Classification_report:
             precision    recall  f1-score   support

          B       0.36      0.58      0.45        77
          C       0.00      0.00      0.00        20
          G       0.00      0.00      0.00        36
          M       0.00      0.00      0.00        45
          O       0.00      0.00      0.00         6
          P       0.00      0.00      0.00        65
          R       0.41      0.84      0.55       117

avg / total       0.21      0.39      0.27       366

[[45  0  0  0  0  0 32]
 [ 2  0  0  0  0  0 18]
 [16  0  0  0  0  0 20]
 [11  0  0  0  0  0 34]
 [ 0  0  0  0  0  0  6]
 [32  0  0  0  0  0 33]
 [19  0  0  0  0  0 98]]

SVM linear
Classification_report:
             precision    recall  f1-score   support

          B       0.51      0.49      0.50        77
          C       0.28      0.25      0.26        20
          G       0.42      0.36      0.39        36
          M       0.27      0.22      0.24        45
          O       1.00      0.17      0.29         6
          P       0.52      0.62      0.56        65
          R       0.51      0.56      0.53       117

avg / total       0.47      0.47      0.46       366

[[38  1 12  2  0 11 13]
 [ 1  5  0  0  0  4 10]
 [16  1 13  0  0  1  5]
 [ 6  0  1 10  0  7 21]
 [ 0  1  0  0  1  2  2]
 [ 7  0  2  5  0 40 11]
 [ 7 10  3 20  0 12 65]]

KNN
Classification_report:
             precision    recall  f1-score   support

          B       0.39      0.61      0.47        77
          C       0.03      0.05      0.04        20
          G       0.26      0.25      0.25        36
          M       0.19      0.09      0.12        45
          O       0.00      0.00      0.00         6
          P       0.47      0.49      0.48        65
          R       0.51      0.40      0.45       117

avg / total       0.38      0.38      0.37       366

[[47  2 10  4  0  8  6]
 [ 3  1  1  2  0  2 11]
 [13  3  9  0  0  8  3]
 [10  6  4  4  0  4 17]
 [ 0  1  2  1  0  1  1]
 [16  2  5  3  0 32  7]
 [32 14  4  7  0 13 47]]

NB
Classification_report:
             precision    recall  f1-score   support

          B       0.49      0.38      0.43        77
          C       0.33      0.20      0.25        20
          G       0.17      0.61      0.27        36
          M       0.36      0.33      0.34        45
          O       0.06      0.17      0.08         6
          P       0.67      0.65      0.66        65
          R       0.33      0.13      0.18       117

avg / total       0.41      0.35      0.35       366

[[29  0 30  2  3  9  4]
 [ 0  4  4  0  2  1  9]
 [ 9  0 22  3  0  0  2]
 [ 2  3 14 15  2  2  7]
 [ 0  0  0  0  1  0  5]
 [ 9  0  3  5  2 42  4]
 [10  5 53 17  8  9 15]]

DT
Classification_report:
             precision    recall  f1-score   support

          B       0.40      0.44      0.42        77
          C       0.15      0.15      0.15        20
          G       0.16      0.17      0.16        36
          M       0.17      0.18      0.18        45
          O       0.00      0.00      0.00         6
          P       0.54      0.57      0.56        65
          R       0.44      0.40      0.42       117

avg / total       0.37      0.37      0.37       366

[[34  5 10  6  0  5 17]
 [ 4  3  1  3  0  2  7]
 [11  3  6  7  0  2  7]
 [ 8  3  5  8  0  6 15]
 [ 0  0  0  0  0  4  2]
 [ 7  1  4  3  1 37 12]
 [22  5 11 19  1 12 47]]

CRF
Classification_report:
             precision    recall  f1-score   support

          B       0.56      0.57      0.57        77
          C       0.41      0.45      0.43        20
          G       0.41      0.33      0.37        36
          M       0.19      0.13      0.16        45
          O       0.00      0.00      0.00         6
          P       0.62      0.55      0.59        65
          R       0.55      0.70      0.62       117

avg / total       0.49      0.52      0.50       366

CRF 2.0
Classification_report:
             precision    recall  f1-score   support

          B       0.78      0.65      0.71        77
          C       0.37      0.35      0.36        20
          G       0.60      0.50      0.55        36
          M       0.31      0.24      0.27        45
          O       0.00      0.00      0.00         6
          P       0.63      0.57      0.60        65
          R       0.54      0.74      0.62       117

avg / total       0.57      0.57      0.56       366


SVM RBF
Classification_report:
             precision    recall  f1-score   support

          B       0.57      0.96      0.71       179
          C       0.00      0.00      0.00        20
          G       0.00      0.00      0.00        36
          M       0.00      0.00      0.00        59
          O       0.00      0.00      0.00         1
          P       0.00      0.00      0.00        68
          R       0.52      0.82      0.64       102

avg / total       0.33      0.55      0.41       465

[[172   0   0   0   0   0   7]
 [  0   0   0   0   0   0  20]
 [ 36   0   0   0   0   0   0]
 [ 16   0   0   0   0   0  43]
 [  1   0   0   0   0   0   0]
 [ 60   0   0   0   0   0   8]
 [ 18   0   0   0   0   0  84]]

SVM linear
Classification_report:
             precision    recall  f1-score   support

          B       0.70      0.78      0.74       179
          C       0.52      0.55      0.54        20
          G       0.44      0.31      0.36        36
          M       0.50      0.37      0.43        59
          O       0.00      0.00      0.00         1
          P       0.53      0.51      0.52        68
          R       0.50      0.54      0.52       102

avg / total       0.58      0.59      0.58       465

[[140   1  14   0   0  16   8]
 [  0  11   0   0   0   1   8]
 [ 24   0  11   0   0   1   0]
 [  5   1   0  22   0   3  28]
 [  0   0   0   0   0   1   0]
 [ 21   1   0   1   0  35  10]
 [ 10   7   0  21   0   9  55]]

KNN
Classification_report:
             precision    recall  f1-score   support

          B       0.67      0.83      0.74       179
          C       0.28      0.25      0.26        20
          G       0.39      0.39      0.39        36
          M       0.40      0.34      0.37        59
          O       0.00      0.00      0.00         1
          P       0.73      0.49      0.58        68
          R       0.53      0.49      0.51       102

avg / total       0.57      0.58      0.57       465

[[148   0  16   2   0   6   7]
 [  0   5   0   1   0   0  14]
 [ 19   0  14   0   0   3   0]
 [ 14   1   1  20   0   0  23]
 [  0   0   0   0   0   1   0]
 [ 22   2   4   6   0  33   1]
 [ 18  10   1  21   0   2  50]]

NB
Classification_report:
             precision    recall  f1-score   support

          B       0.55      0.19      0.28       179
          C       0.21      0.15      0.18        20
          G       0.17      0.67      0.27        36
          M       0.25      0.54      0.34        59
          O       0.00      0.00      0.00         1
          P       0.41      0.57      0.48        68
          R       0.23      0.06      0.09       102

avg / total       0.38      0.30      0.27       465

[[34  3 85 30  0 24  3]
 [ 3  3  2  5  0  2  5]
 [ 6  0 24  4  0  0  2]
 [ 3  2  6 32  0 10  6]
 [ 1  0  0  0  0  0  0]
 [ 4  1  3 17  0 39  4]
 [11  5 20 40  0 20  6]]

DT
Classification_report:
             precision    recall  f1-score   support

          B       0.76      0.73      0.74       179
          C       0.21      0.20      0.21        20
          G       0.56      0.67      0.61        36
          M       0.31      0.36      0.33        59
          O       0.00      0.00      0.00         1
          P       0.64      0.56      0.60        68
          R       0.45      0.46      0.46       102

avg / total       0.58      0.57      0.57       465

[[130   1  18   7   0   9  14]
 [  2   4   0   4   0   2   8]
 [ 11   0  24   0   0   0   1]
 [  4   2   0  21   0   3  29]
 [  0   0   0   1   0   0   0]
 [ 14   3   1   5   2  38   5]
 [ 10   9   0  29   0   7  47]]

CRF
Classification_report:
             precision    recall  f1-score   support

          B       0.84      0.94      0.89       179
          C       0.78      0.70      0.74        20
          G       0.81      0.58      0.68        36
          M       0.51      0.44      0.47        59
          O       0.00      0.00      0.00         1
          P       0.81      0.71      0.76        68
          R       0.62      0.69      0.65       102

avg / total       0.74      0.75      0.74       465

CRF 2.0
Classification_report:
             precision    recall  f1-score   support

          B       1.00      1.00      1.00       179
          C       0.69      0.45      0.55        20
          G       1.00      1.00      1.00        36
          M       0.96      0.92      0.94        59
          O       0.00      0.00      0.00         1
          P       0.95      0.93      0.94        68
          R       0.83      0.94      0.88       102

avg / total       0.94      0.94      0.94       465


SVM RBF
Classification_report:
             precision    recall  f1-score   support

          B       0.47      0.87      0.61       256
          C       0.00      0.00      0.00        40
          G       0.00      0.00      0.00        72
          M       0.00      0.00      0.00       104
          O       0.00      0.00      0.00         7
          P       0.00      0.00      0.00       133
          R       0.48      0.78      0.60       219

avg / total       0.27      0.47      0.34       831

[[223   0   0   0   0   0  33]
 [  5   0   0   0   0   0  35]
 [ 60   0   0   0   0   0  12]
 [ 37   0   0   0   0   0  67]
 [  4   0   0   0   0   0   3]
 [100   0   0   0   0   0  33]
 [ 48   0   0   0   0   0 171]]

SVM linear
Classification_report:
             precision    recall  f1-score   support

          B       0.61      0.70      0.65       256
          C       0.30      0.25      0.27        40
          G       0.38      0.32      0.35        72
          M       0.30      0.24      0.27       104
          O       0.00      0.00      0.00         7
          P       0.61      0.58      0.59       133
          R       0.46      0.50      0.48       219

avg / total       0.49      0.51      0.50       831

[[178   1  27  11   0   8  31]
 [  5  10   0   3   0   4  18]
 [ 37   0  23   1   0   3   8]
 [ 16   3   1  25   0  12  47]
 [  0   0   0   0   0   4   3]
 [ 22   4   3   8   0  77  19]
 [ 35  15   6  35   0  19 109]]

KNN
Classification_report:
             precision    recall  f1-score   support

          B       0.52      0.71      0.60       256
          C       0.10      0.12      0.11        40
          G       0.32      0.25      0.28        72
          M       0.36      0.26      0.30       104
          O       0.00      0.00      0.00         7
          P       0.59      0.53      0.56       133
          R       0.48      0.40      0.44       219

avg / total       0.46      0.47      0.46       831

[[181   3  30   6   0  13  23]
 [  6   5   0   4   0   4  21]
 [ 36   0  18   3   0  12   3]
 [ 29   8   3  27   0   5  32]
 [  1   1   1   1   0   2   1]
 [ 36   5   1   4   0  70  17]
 [ 57  28   4  30   0  12  88]]

NB
Classification_report:
             precision    recall  f1-score   support

          B       0.49      0.17      0.25       256
          C       0.13      0.33      0.19        40
          G       0.16      0.64      0.25        72
          M       0.27      0.38      0.32       104
          O       0.00      0.00      0.00         7
          P       0.58      0.51      0.54       133
          R       0.32      0.11      0.17       219

avg / total       0.38      0.28      0.28       831

[[ 43  22 124  35   3  20   9]
 [  2  13   9   2   1   4   9]
 [ 14   3  46   4   0   3   2]
 [  8   6  30  40   0   5  15]
 [  1   0   0   0   0   1   5]
 [  8  22   6  15   2  68  12]
 [ 12  33  76  50   7  16  25]]

DT
Classification_report:
             precision    recall  f1-score   support

          B       0.62      0.59      0.60       256
          C       0.10      0.07      0.09        40
          G       0.30      0.36      0.33        72
          M       0.18      0.19      0.19       104
          O       0.00      0.00      0.00         7
          P       0.57      0.56      0.57       133
          R       0.43      0.45      0.44       219

avg / total       0.45      0.45      0.45       831

[[150   3  32  14   0  23  34]
 [  4   3   2   8   0   3  20]
 [ 21   0  26   6   0   2  17]
 [ 19   9   6  20   0   5  45]
 [  0   0   0   2   0   4   1]
 [ 19   6   4  15   2  75  12]
 [ 29   9  18  45   1  19  98]]

CRF
Classification_report:
             precision    recall  f1-score   support

          B       0.74      0.79      0.76       256
          C       0.57      0.50      0.53        40
          G       0.60      0.47      0.53        72
          M       0.38      0.28      0.32       104
          O       1.00      0.29      0.44         7
          P       0.70      0.63      0.66       133
          R       0.59      0.72      0.65       219

avg / total       0.63      0.64      0.63       831

CRF 2.0
Classification_report:
             precision    recall  f1-score   support

          B       0.93      0.88      0.90       256
          C       0.50      0.38      0.43        40
          G       0.82      0.76      0.79        72
          M       0.71      0.69      0.70       104
          O       0.00      0.00      0.00         7
          P       0.85      0.80      0.83       133
          R       0.69      0.83      0.75       219

avg / total       0.79      0.79      0.79       831
