SVM RBF
Classification_report:
             precision    recall  f1-score   support

          B       0.41      0.51      0.45        77
          C       0.00      0.00      0.00        20
          G       0.00      0.00      0.00        36
          M       0.00      0.00      0.00        45
          O       0.00      0.00      0.00         6
          P       0.00      0.00      0.00        65
          R       0.37      0.86      0.52       117

avg / total       0.21      0.38      0.26       366

[[ 39   0   0   0   0   0  38]
 [  2   0   0   0   0   0  18]
 [ 11   0   0   0   0   0  25]
 [  4   0   0   0   0   0  41]
 [  0   0   0   0   0   0   6]
 [ 24   0   0   0   0   0  41]
 [ 16   0   0   0   0   0 101]]

SVM linear
Classification_report:
             precision    recall  f1-score   support

          B       0.50      0.52      0.51        77
          C       0.21      0.25      0.23        20
          G       0.41      0.33      0.37        36
          M       0.29      0.22      0.25        45
          O       1.00      0.17      0.29         6
          P       0.51      0.58      0.55        65
          R       0.52      0.55      0.53       117

avg / total       0.47      0.46      0.46       366

[[40  2 11  2  0  8 14]
 [ 1  5  1  0  0  2 11]
 [15  1 12  0  0  3  5]
 [ 7  0  1 10  0  8 19]
 [ 0  1  0  0  1  3  1]
 [ 8  2  3  5  0 38  9]
 [ 9 13  1 18  0 12 64]]

KNN
Classification_report:
             precision    recall  f1-score   support

          B       0.39      0.62      0.48        77
          C       0.05      0.10      0.07        20
          G       0.21      0.17      0.19        36
          M       0.19      0.09      0.12        45
          O       0.00      0.00      0.00         6
          P       0.50      0.51      0.50        65
          R       0.51      0.38      0.43       117

avg / total       0.38      0.37      0.36       366

[[48  1  7  6  0  8  7]
 [ 3  2  1  2  0  2 10]
 [14  2  6  1  0  8  5]
 [11  8  5  4  0  4 13]
 [ 1  1  2  0  0  1  1]
 [18  3  3  1  0 33  7]
 [29 23  4  7  0 10 44]]

NB
Classification_report:
             precision    recall  f1-score   support

          B       0.42      0.39      0.41        77
          C       0.36      0.20      0.26        20
          G       0.20      0.53      0.29        36
          M       0.32      0.42      0.37        45
          O       0.06      0.17      0.08         6
          P       0.68      0.66      0.67        65
          R       0.34      0.15      0.20       117

avg / total       0.40      0.36      0.36       366

[[30  0 27  4  3  9  4]
 [ 0  4  4  0  2  1  9]
 [12  0 19  2  0  0  3]
 [ 5  3  7 19  2  2  7]
 [ 0  0  0  0  1  0  5]
 [ 9  0  0  6  2 43  5]
 [15  4 37 28  8  8 17]]

DT
Classification_report:
             precision    recall  f1-score   support

          B       0.40      0.35      0.37        77
          C       0.20      0.20      0.20        20
          G       0.19      0.14      0.16        36
          M       0.16      0.16      0.16        45
          O       0.17      0.17      0.17         6
          P       0.55      0.62      0.58        65
          R       0.43      0.47      0.45       117

avg / total       0.37      0.38      0.37       366

[[27  1  9  7  1 10 22]
 [ 3  4  1  3  0  0  9]
 [ 7  4  5  7  0  4  9]
 [ 8  1  2  7  1  5 21]
 [ 0  0  0  1  1  4  0]
 [ 6  0  2  4  2 40 11]
 [17 10  8 16  1 10 55]]

CRF
Classification_report:
             precision    recall  f1-score   support

          B       0.54      0.57      0.55        77
          C       0.43      0.45      0.44        20
          G       0.37      0.31      0.33        36
          M       0.18      0.13      0.15        45
          O       0.00      0.00      0.00         6
          P       0.60      0.52      0.56        65
          R       0.57      0.69      0.63       117

avg / total       0.48      0.51      0.49       366

CRF 2.0
Classification_report:
             precision    recall  f1-score   support

          B       0.79      0.73      0.76        77
          C       0.41      0.35      0.38        20
          G       0.57      0.56      0.56        36
          M       0.45      0.22      0.30        45
          O       0.00      0.00      0.00         6
          P       0.67      0.60      0.63        65
          R       0.56      0.76      0.64       117

avg / total       0.60      0.60      0.59       366


SVM RBF
Classification_report:
             precision    recall  f1-score   support

          B       0.52      0.96      0.68       179
          C       0.00      0.00      0.00        20
          G       0.00      0.00      0.00        36
          M       0.00      0.00      0.00        59
          O       0.00      0.00      0.00         1
          P       0.00      0.00      0.00        68
          R       0.53      0.70      0.60       102

avg / total       0.32      0.52      0.39       465

[[172   0   0   0   0   0   7]
 [  2   0   0   0   0   0  18]
 [ 36   0   0   0   0   0   0]
 [ 27   0   0   0   0   0  32]
 [  1   0   0   0   0   0   0]
 [ 61   0   0   0   0   0   7]
 [ 31   0   0   0   0   0  71]]

SVM linear
Classification_report:
             precision    recall  f1-score   support

          B       0.72      0.79      0.76       179
          C       0.43      0.30      0.35        20
          G       0.40      0.28      0.33        36
          M       0.55      0.46      0.50        59
          O       0.00      0.00      0.00         1
          P       0.57      0.54      0.56        68
          R       0.53      0.60      0.56       102

avg / total       0.60      0.61      0.60       465

[[142   1  14   0   0  13   9]
 [  0   6   0   0   0   1  13]
 [ 24   0  10   0   0   2   0]
 [  4   0   0  27   0   4  24]
 [  0   0   0   0   0   1   0]
 [ 19   1   0   2   0  37   9]
 [  7   6   1  20   0   7  61]]

KNN
Classification_report:
             precision    recall  f1-score   support

          B       0.67      0.83      0.74       179
          C       0.27      0.20      0.23        20
          G       0.40      0.33      0.36        36
          M       0.32      0.27      0.29        59
          O       0.00      0.00      0.00         1
          P       0.70      0.51      0.59        68
          R       0.53      0.50      0.51       102

avg / total       0.56      0.57      0.56       465

[[149   0  14   3   0   8   5]
 [  0   4   0   1   0   0  15]
 [ 21   0  12   0   0   3   0]
 [ 17   0   1  16   0   0  25]
 [  0   0   0   0   0   1   0]
 [ 22   2   2   6   0  35   1]
 [ 14   9   1  24   0   3  51]]

NB
Classification_report:
             precision    recall  f1-score   support

          B       0.55      0.20      0.30       179
          C       0.21      0.15      0.18        20
          G       0.18      0.67      0.28        36
          M       0.27      0.54      0.36        59
          O       0.00      0.00      0.00         1
          P       0.42      0.66      0.52        68
          R       0.25      0.07      0.11       102

avg / total       0.39      0.32      0.29       465

[[36  3 81 27  0 29  3]
 [ 4  3  2  4  0  2  5]
 [ 7  0 24  3  0  0  2]
 [ 3  2  6 32  0  9  7]
 [ 1  0  0  0  0  0  0]
 [ 4  1  1 13  0 45  4]
 [10  5 20 39  0 21  7]]

DT
Classification_report:
             precision    recall  f1-score   support

          B       0.71      0.74      0.73       179
          C       0.26      0.25      0.26        20
          G       0.41      0.39      0.40        36
          M       0.34      0.36      0.35        59
          O       0.00      0.00      0.00         1
          P       0.54      0.51      0.53        68
          R       0.48      0.46      0.47       102

avg / total       0.55      0.55      0.55       465

[[133   1  16   7   1   9  12]
 [  2   5   0   1   0   2  10]
 [ 22   0  14   0   0   0   0]
 [  6   5   0  21   0   6  21]
 [  0   0   1   0   0   0   0]
 [ 15   1   3   6   1  35   7]
 [  9   7   0  26   0  13  47]]

CRF
Classification_report:
             precision    recall  f1-score   support

          B       0.87      0.96      0.91       179
          C       0.71      0.75      0.73        20
          G       0.81      0.61      0.70        36
          M       0.53      0.44      0.48        59
          O       0.00      0.00      0.00         1
          P       0.84      0.75      0.79        68
          R       0.64      0.69      0.66       102

avg / total       0.76      0.77      0.76       465

CRF 2.0
Classification_report:
             precision    recall  f1-score   support

          B       0.99      1.00      1.00       179
          C       0.50      0.35      0.41        20
          G       1.00      1.00      1.00        36
          M       0.95      0.92      0.93        59
          O       0.00      0.00      0.00         1
          P       0.96      0.94      0.95        68
          R       0.83      0.90      0.86       102

avg / total       0.92      0.93      0.93       465


SVM RBF
Classification_report:
             precision    recall  f1-score   support

          B       0.45      0.88      0.60       256
          C       0.00      0.00      0.00        40
          G       0.00      0.00      0.00        72
          M       0.00      0.00      0.00       104
          O       0.00      0.00      0.00         7
          P       0.00      0.00      0.00       133
          R       0.49      0.75      0.59       219

avg / total       0.27      0.47      0.34       831

[[224   0   0   0   0   0  32]
 [  5   0   0   0   0   0  35]
 [ 60   0   0   0   0   0  12]
 [ 43   0   0   0   0   0  61]
 [  4   0   0   0   0   0   3]
 [102   0   0   0   0   0  31]
 [ 55   0   0   0   0   0 164]]

SVM linear
Classification_report:
             precision    recall  f1-score   support

          B       0.60      0.68      0.64       256
          C       0.38      0.30      0.33        40
          G       0.36      0.29      0.32        72
          M       0.37      0.31      0.34       104
          O       0.00      0.00      0.00         7
          P       0.55      0.58      0.57       133
          R       0.52      0.53      0.52       219

avg / total       0.51      0.52      0.51       831

[[175   2  28  12   0  15  24]
 [  5  12   1   0   0   5  17]
 [ 42   1  21   3   0   1   4]
 [ 15   5   2  32   0  11  39]
 [  0   0   0   0   0   5   2]
 [ 22   3   3   5   0  77  23]
 [ 31   9   3  35   0  25 116]]

KNN
Classification_report:
             precision    recall  f1-score   support

          B       0.54      0.74      0.62       256
          C       0.13      0.17      0.15        40
          G       0.31      0.22      0.26        72
          M       0.27      0.19      0.23       104
          O       0.00      0.00      0.00         7
          P       0.61      0.52      0.56       133
          R       0.48      0.41      0.44       219

avg / total       0.46      0.47      0.46       831

[[189   4  23   8   0  12  20]
 [  2   7   1   5   0   4  21]
 [ 39   1  16   2   0  12   2]
 [ 28  10   6  20   0   4  36]
 [  1   1   1   1   0   2   1]
 [ 38   5   1   4   0  69  16]
 [ 55  27   4  33   0  10  90]]

NB
Classification_report:
             precision    recall  f1-score   support

          B       0.49      0.18      0.26       256
          C       0.16      0.33      0.21        40
          G       0.17      0.62      0.26        72
          M       0.30      0.47      0.37       104
          O       0.00      0.00      0.00         7
          P       0.60      0.59      0.59       133
          R       0.34      0.12      0.18       219

avg / total       0.39      0.31      0.30       831

[[ 45  16 121  36   3  26   9]
 [  2  13   8   3   0   4  10]
 [ 15   3  45   5   0   2   2]
 [  8   5  22  49   0   5  15]
 [  1   0   0   0   0   1   5]
 [  7  15   4  15   2  78  12]
 [ 14  30  72  55   6  15  27]]

DT
Classification_report:
             precision    recall  f1-score   support

          B       0.60      0.57      0.58       256
          C       0.07      0.07      0.07        40
          G       0.32      0.38      0.34        72
          M       0.24      0.23      0.24       104
          O       0.00      0.00      0.00         7
          P       0.58      0.58      0.58       133
          R       0.43      0.45      0.44       219

avg / total       0.45      0.45      0.45       831

[[145   9  34  17   0  19  32]
 [  3   3   1  11   1   2  19]
 [ 17   1  27  10   0   5  12]
 [ 14   6   9  24   1   8  42]
 [  3   1   0   0   0   3   0]
 [ 19   3   0   7   0  77  27]
 [ 39  17  14  30   2  19  98]]

CRF
Classification_report:
             precision    recall  f1-score   support

          B       0.72      0.81      0.76       256
          C       0.59      0.47      0.53        40
          G       0.62      0.49      0.55        72
          M       0.35      0.28      0.31       104
          O       1.00      0.29      0.44         7
          P       0.72      0.62      0.66       133
          R       0.57      0.67      0.62       219

avg / total       0.62      0.63      0.62       831

CRF 2.0
Classification_report:
             precision    recall  f1-score   support

          B       0.91      0.88      0.90       256
          C       0.48      0.40      0.44        40
          G       0.79      0.76      0.77        72
          M       0.72      0.68      0.70       104
          O       0.00      0.00      0.00         7
          P       0.83      0.79      0.81       133
          R       0.70      0.82      0.75       219

avg / total       0.78      0.78      0.78       831
