SVM RBF
Classification_report:
             precision    recall  f1-score   support

          B       0.35      0.58      0.44        77
          C       0.00      0.00      0.00        20
          G       0.00      0.00      0.00        36
          M       0.00      0.00      0.00        45
          O       0.00      0.00      0.00         6
          P       0.00      0.00      0.00        65
          R       0.41      0.83      0.54       117

avg / total       0.20      0.39      0.27       366

[[45  0  0  0  0  0 32]
 [ 2  0  0  0  0  0 18]
 [15  0  0  0  0  0 21]
 [12  0  0  0  0  0 33]
 [ 0  0  0  0  0  0  6]
 [33  0  0  0  0  0 32]
 [20  0  0  0  0  0 97]]

SVM linear
Classification_report:
             precision    recall  f1-score   support

          B       0.53      0.61      0.57        77
          C       1.00      0.05      0.10        20
          G       0.43      0.28      0.34        36
          M       0.56      0.11      0.19        45
          O       1.00      0.17      0.29         6
          P       0.49      0.52      0.50        65
          R       0.53      0.79      0.63       117

avg / total       0.55      0.52      0.48       366

[[47  0  7  1  0  8 14]
 [ 2  1  1  0  0  2 14]
 [16  0 10  0  0  2  8]
 [ 4  0  2  5  0  9 25]
 [ 0  0  0  1  1  1  3]
 [12  0  1  0  0 34 18]
 [ 7  0  2  2  0 14 92]]

KNN
Classification_report:
             precision    recall  f1-score   support

          B       0.40      0.57      0.47        77
          C       0.04      0.05      0.04        20
          G       0.21      0.22      0.21        36
          M       0.12      0.09      0.10        45
          O       0.00      0.00      0.00         6
          P       0.54      0.51      0.52        65
          R       0.44      0.37      0.40       117

avg / total       0.36      0.36      0.36       366

[[44  1 10  6  0  7  9]
 [ 1  1  2  3  0  2 11]
 [16  0  8  2  0  6  4]
 [ 9  6  4  4  0  3 19]
 [ 1  0  1  2  0  1  1]
 [13  2  4  3  0 33 10]
 [25 17 10 13  0  9 43]]

NB
Classification_report:
             precision    recall  f1-score   support

          B       0.48      0.36      0.41        77
          C       0.33      0.20      0.25        20
          G       0.17      0.61      0.27        36
          M       0.33      0.29      0.31        45
          O       0.06      0.17      0.08         6
          P       0.66      0.65      0.65        65
          R       0.33      0.13      0.19       117

avg / total       0.40      0.34      0.34       366

[[28  0 31  2  3  9  4]
 [ 0  4  4  0  2  1  9]
 [ 9  0 22  3  0  0  2]
 [ 3  3 15 13  2  3  6]
 [ 0  0  0  0  1  0  5]
 [ 9  0  3  5  2 42  4]
 [ 9  5 55 16  8  9 15]]

DT
Classification_report:
             precision    recall  f1-score   support

          B       0.39      0.38      0.38        77
          C       0.08      0.10      0.09        20
          G       0.12      0.08      0.10        36
          M       0.16      0.18      0.17        45
          O       0.33      0.17      0.22         6
          P       0.63      0.69      0.66        65
          R       0.47      0.49      0.48       117

avg / total       0.39      0.40      0.39       366

[[29  5 10  9  0  7 17]
 [ 1  2  1  4  1  3  8]
 [ 9  6  3  4  0  4 10]
 [11  2  4  8  0  2 18]
 [ 1  0  0  0  1  3  1]
 [ 8  1  0  2  0 45  9]
 [15  8  7 22  1  7 57]]

CRF
Classification_report:
             precision    recall  f1-score   support

          B       0.54      0.57      0.56        77
          C       0.39      0.45      0.42        20
          G       0.34      0.28      0.31        36
          M       0.22      0.18      0.20        45
          O       0.00      0.00      0.00         6
          P       0.60      0.51      0.55        65
          R       0.57      0.69      0.63       117

avg / total       0.49      0.51      0.49       366

CRF 2.0
Classification_report:
             precision    recall  f1-score   support

          B       0.81      0.66      0.73        77
          C       0.24      0.20      0.22        20
          G       0.68      0.47      0.56        36
          M       0.34      0.33      0.34        45
          O       0.00      0.00      0.00         6
          P       0.68      0.63      0.66        65
          R       0.51      0.68      0.58       117

avg / total       0.58      0.57      0.56       366


SVM RBF
Classification_report:
             precision    recall  f1-score   support

          B       0.57      0.96      0.72       179
          C       0.00      0.00      0.00        20
          G       0.00      0.00      0.00        36
          M       0.00      0.00      0.00        59
          O       0.00      0.00      0.00         1
          P       0.00      0.00      0.00        68
          R       0.51      0.82      0.63       102

avg / total       0.33      0.55      0.41       465

[[171   0   0   0   0   1   7]
 [  0   0   0   0   0   0  20]
 [ 36   0   0   0   0   0   0]
 [ 13   0   0   0   0   1  45]
 [  1   0   0   0   0   0   0]
 [ 59   0   0   0   0   0   9]
 [ 18   0   0   0   0   0  84]]

SVM linear
Classification_report:
             precision    recall  f1-score   support

          B       0.73      0.89      0.80       179
          C       0.50      0.30      0.37        20
          G       0.40      0.11      0.17        36
          M       0.43      0.34      0.38        59
          O       0.00      0.00      0.00         1
          P       0.73      0.56      0.63        68
          R       0.52      0.65      0.57       102

avg / total       0.61      0.63      0.61       465

[[159   1   6   1   0   4   8]
 [  0   6   0   1   0   1  12]
 [ 30   0   4   0   0   2   0]
 [  2   0   0  20   0   1  36]
 [  0   0   0   0   0   1   0]
 [ 18   1   0   5   0  38   6]
 [  8   4   0  19   0   5  66]]

KNN
Classification_report:
             precision    recall  f1-score   support

          B       0.68      0.83      0.75       179
          C       0.24      0.25      0.24        20
          G       0.38      0.33      0.35        36
          M       0.40      0.36      0.38        59
          O       0.00      0.00      0.00         1
          P       0.69      0.49      0.57        68
          R       0.53      0.48      0.51       102

avg / total       0.57      0.58      0.57       465

[[149   0  13   2   0   7   8]
 [  1   5   0   2   0   0  12]
 [ 19   0  12   0   0   5   0]
 [ 12   3   1  21   0   0  22]
 [  0   0   1   0   0   0   0]
 [ 21   2   5   6   0  33   1]
 [ 18  11   0  21   0   3  49]]

NB
Classification_report:
             precision    recall  f1-score   support

          B       0.53      0.17      0.26       179
          C       0.20      0.15      0.17        20
          G       0.17      0.67      0.27        36
          M       0.25      0.56      0.35        59
          O       0.00      0.00      0.00         1
          P       0.40      0.56      0.47        68
          R       0.23      0.06      0.09       102

avg / total       0.37      0.29      0.26       465

[[31  4 85 31  0 25  3]
 [ 4  3  2  5  0  2  4]
 [ 6  0 24  3  0  1  2]
 [ 2  2  6 33  0  9  7]
 [ 1  0  0  0  0  0  0]
 [ 4  1  3 18  0 38  4]
 [11  5 20 40  0 20  6]]

DT
Classification_report:
             precision    recall  f1-score   support

          B       0.76      0.71      0.73       179
          C       0.16      0.20      0.18        20
          G       0.43      0.42      0.42        36
          M       0.44      0.53      0.48        59
          O       0.00      0.00      0.00         1
          P       0.58      0.59      0.58        68
          R       0.45      0.42      0.43       102

avg / total       0.57      0.56      0.56       465

[[127   1  17   6   1  17  10]
 [  2   4   0   2   0   3   9]
 [ 20   0  15   0   0   0   1]
 [  3   4   1  31   0   0  20]
 [  0   0   0   0   0   0   1]
 [ 11   0   1   3   1  40  12]
 [  5  16   1  28   0   9  43]]

CRF
Classification_report:
             precision    recall  f1-score   support

          B       0.87      0.96      0.91       179
          C       0.74      0.70      0.72        20
          G       0.81      0.58      0.68        36
          M       0.53      0.49      0.51        59
          O       0.00      0.00      0.00         1
          P       0.84      0.75      0.79        68
          R       0.65      0.69      0.67       102

avg / total       0.76      0.77      0.76       465

CRF 2.0
Classification_report:
             precision    recall  f1-score   support

          B       0.99      1.00      1.00       179
          C       0.50      0.30      0.37        20
          G       1.00      1.00      1.00        36
          M       0.92      0.92      0.92        59
          O       0.00      0.00      0.00         1
          P       0.94      0.94      0.94        68
          R       0.84      0.90      0.87       102

avg / total       0.92      0.93      0.92       465


SVM RBF
Classification_report:
             precision    recall  f1-score   support

          B       0.48      0.87      0.61       256
          C       0.00      0.00      0.00        40
          G       0.00      0.00      0.00        72
          M       0.00      0.00      0.00       104
          O       0.00      0.00      0.00         7
          P       0.00      0.00      0.00       133
          R       0.48      0.79      0.59       219

avg / total       0.27      0.47      0.35       831

[[222   0   0   0   0   0  34]
 [  5   0   0   0   0   0  35]
 [ 58   0   0   0   0   0  14]
 [ 33   0   0   0   0   1  70]
 [  4   0   0   0   0   0   3]
 [100   0   0   0   0   0  33]
 [ 45   0   0   0   0   2 172]]

SVM linear
Classification_report:
             precision    recall  f1-score   support

          B       0.62      0.77      0.69       256
          C       0.46      0.15      0.23        40
          G       0.44      0.24      0.31        72
          M       0.34      0.14      0.20       104
          O       0.00      0.00      0.00         7
          P       0.65      0.56      0.60       133
          R       0.49      0.68      0.57       219

avg / total       0.53      0.55      0.52       831

[[196   0  17   6   0   9  28]
 [  5   6   0   0   0   3  26]
 [ 44   1  17   0   0   0  10]
 [ 13   0   3  15   0   9  64]
 [  0   0   0   1   0   3   3]
 [ 27   1   0   4   0  74  27]
 [ 29   5   2  18   0  15 150]]

KNN
Classification_report:
             precision    recall  f1-score   support

          B       0.56      0.73      0.63       256
          C       0.12      0.12      0.12        40
          G       0.38      0.38      0.38        72
          M       0.28      0.22      0.25       104
          O       0.00      0.00      0.00         7
          P       0.63      0.49      0.55       133
          R       0.45      0.42      0.43       219

avg / total       0.47      0.48      0.47       831

[[186   2  25   8   0  10  25]
 [  4   5   0   6   0   4  21]
 [ 36   0  27   1   0   6   2]
 [ 19   7   7  23   0   6  42]
 [  0   1   2   1   0   2   1]
 [ 28   5   4  10   0  65  21]
 [ 57  20   7  33   1  10  91]]

NB
Classification_report:
             precision    recall  f1-score   support

          B       0.48      0.16      0.24       256
          C       0.12      0.33      0.18        40
          G       0.16      0.64      0.25        72
          M       0.27      0.37      0.31       104
          O       0.00      0.00      0.00         7
          P       0.57      0.47      0.52       133
          R       0.32      0.11      0.16       219

avg / total       0.38      0.27      0.27       831

[[ 42  23 124  35   3  20   9]
 [  2  13   9   2   1   4   9]
 [ 14   3  46   4   0   3   2]
 [  9   8  30  38   0   5  14]
 [  1   0   0   0   0   1   5]
 [  8  24   6  18   2  63  12]
 [ 12  37  78  45   8  15  24]]

DT
Classification_report:
             precision    recall  f1-score   support

          B       0.58      0.63      0.61       256
          C       0.10      0.10      0.10        40
          G       0.32      0.29      0.31        72
          M       0.21      0.22      0.22       104
          O       0.30      0.43      0.35         7
          P       0.61      0.56      0.59       133
          R       0.42      0.40      0.41       219

avg / total       0.45      0.45      0.45       831

[[162   4  21  19   0  16  34]
 [  8   4   2   5   0   4  17]
 [ 26   4  21   7   0   7   7]
 [ 21   6   5  23   0   7  42]
 [  0   0   0   0   3   2   2]
 [ 16   6   2  11   4  75  19]
 [ 44  16  14  42   3  12  88]]

CRF
Classification_report:
             precision    recall  f1-score   support

          B       0.71      0.79      0.75       256
          C       0.50      0.45      0.47        40
          G       0.58      0.46      0.51        72
          M       0.35      0.28      0.31       104
          O       0.00      0.00      0.00         7
          P       0.68      0.59      0.63       133
          R       0.58      0.67      0.62       219

avg / total       0.60      0.61      0.60       831

CRF 2.0
Classification_report:
             precision    recall  f1-score   support

          B       0.93      0.87      0.90       256
          C       0.67      0.45      0.54        40
          G       0.81      0.75      0.78        72
          M       0.63      0.68      0.66       104
          O       0.00      0.00      0.00         7
          P       0.82      0.77      0.80       133
          R       0.68      0.81      0.74       219

avg / total       0.78      0.78      0.77       831
