SVM RBF
Classification_report:
             precision    recall  f1-score   support

          B       0.35      0.57      0.43        77
          C       0.00      0.00      0.00        20
          G       0.00      0.00      0.00        36
          M       0.00      0.00      0.00        45
          O       0.00      0.00      0.00         6
          P       0.00      0.00      0.00        65
          R       0.40      0.83      0.54       117

avg / total       0.20      0.39      0.26       366

[[44  0  0  0  0  0 33]
 [ 2  0  0  0  0  0 18]
 [15  0  0  0  0  0 21]
 [12  0  0  0  0  0 33]
 [ 0  0  0  0  0  0  6]
 [33  0  0  0  0  0 32]
 [20  0  0  0  0  0 97]]

SVM linear
Classification_report:
             precision    recall  f1-score   support

          B       0.51      0.64      0.56        77
          C       0.00      0.00      0.00        20
          G       0.41      0.19      0.26        36
          M       0.33      0.02      0.04        45
          O       0.00      0.00      0.00         6
          P       0.65      0.54      0.59        65
          R       0.47      0.79      0.59       117

avg / total       0.45      0.50      0.44       366

[[49  0  5  0  0  4 19]
 [ 2  0  0  1  0  0 17]
 [16  0  7  0  0  2 11]
 [ 5  0  1  1  0  4 34]
 [ 0  0  0  1  0  1  4]
 [11  0  1  0  0 35 18]
 [14  0  3  0  0  8 92]]

KNN
Classification_report:
             precision    recall  f1-score   support

          B       0.41      0.61      0.49        77
          C       0.04      0.05      0.04        20
          G       0.26      0.28      0.27        36
          M       0.15      0.11      0.13        45
          O       0.00      0.00      0.00         6
          P       0.54      0.48      0.51        65
          R       0.47      0.38      0.42       117

avg / total       0.38      0.38      0.37       366

[[47  1  7  6  0  7  9]
 [ 2  1  1  2  0  2 12]
 [16  0 10  2  0  4  4]
 [12  6  5  5  0  3 14]
 [ 1  0  1  1  0  1  2]
 [13  2  5  4  0 31 10]
 [24 17  9 13  0  9 45]]

NB
Classification_report:
             precision    recall  f1-score   support

          B       0.49      0.36      0.42        77
          C       0.29      0.20      0.24        20
          G       0.17      0.61      0.27        36
          M       0.32      0.29      0.30        45
          O       0.06      0.17      0.08         6
          P       0.65      0.63      0.64        65
          R       0.33      0.12      0.17       117

avg / total       0.40      0.34      0.34       366

[[28  0 31  2  3  9  4]
 [ 0  4  4  0  2  1  9]
 [ 9  0 22  3  0  0  2]
 [ 3  3 15 13  2  3  6]
 [ 0  0  0  0  1  0  5]
 [ 9  1  3  6  2 41  3]
 [ 8  6 55 17  8  9 14]]

DT
Classification_report:
             precision    recall  f1-score   support

          B       0.51      0.45      0.48        77
          C       0.10      0.10      0.10        20
          G       0.16      0.17      0.16        36
          M       0.16      0.16      0.16        45
          O       0.00      0.00      0.00         6
          P       0.63      0.62      0.62        65
          R       0.41      0.45      0.43       117

avg / total       0.39      0.39      0.39       366

[[35  2  8  6  1  6 19]
 [ 2  2  5  3  0  0  8]
 [ 5  4  6  4  0  2 15]
 [ 7  2  3  7  0  1 25]
 [ 0  0  0  0  0  5  1]
 [ 7  0  6  2  1 40  9]
 [12 10  9 23  1  9 53]]

CRF
Classification_report:
             precision    recall  f1-score   support

          B       0.54      0.56      0.55        77
          C       0.40      0.40      0.40        20
          G       0.38      0.33      0.35        36
          M       0.24      0.18      0.21        45
          O       0.00      0.00      0.00         6
          P       0.60      0.52      0.56        65
          R       0.58      0.72      0.64       117

avg / total       0.50      0.52      0.50       366

CRF 2.0
Classification_report:
             precision    recall  f1-score   support

          B       0.79      0.68      0.73        77
          C       0.31      0.25      0.28        20
          G       0.63      0.47      0.54        36
          M       0.36      0.33      0.34        45
          O       0.00      0.00      0.00         6
          P       0.66      0.63      0.65        65
          R       0.54      0.69      0.61       117

avg / total       0.58      0.58      0.57       366


SVM RBF
Classification_report:
             precision    recall  f1-score   support

          B       0.59      0.95      0.73       179
          C       0.00      0.00      0.00        20
          G       0.00      0.00      0.00        36
          M       0.00      0.00      0.00        59
          O       0.00      0.00      0.00         1
          P       0.00      0.00      0.00        68
          R       0.50      0.86      0.64       102

avg / total       0.34      0.55      0.42       465

[[170   0   0   0   0   1   8]
 [  0   0   0   0   0   0  20]
 [ 36   0   0   0   0   0   0]
 [  8   0   0   0   0   1  50]
 [  1   0   0   0   0   0   0]
 [ 59   0   0   0   0   0   9]
 [ 14   0   0   0   0   0  88]]

SVM linear
Classification_report:
             precision    recall  f1-score   support

          B       0.72      0.92      0.81       179
          C       0.33      0.10      0.15        20
          G       0.50      0.03      0.05        36
          M       0.43      0.27      0.33        59
          O       0.00      0.00      0.00         1
          P       0.71      0.50      0.59        68
          R       0.50      0.70      0.58       102

avg / total       0.60      0.62      0.58       465

[[165   1   0   1   0   6   6]
 [  0   2   0   0   0   0  18]
 [ 34   0   1   0   0   1   0]
 [  3   0   0  16   0   1  39]
 [  0   0   0   0   0   1   0]
 [ 19   1   1   4   0  34   9]
 [  8   2   0  16   0   5  71]]

KNN
Classification_report:
             precision    recall  f1-score   support

          B       0.67      0.80      0.73       179
          C       0.24      0.20      0.22        20
          G       0.33      0.33      0.33        36
          M       0.40      0.32      0.36        59
          O       0.00      0.00      0.00         1
          P       0.67      0.49      0.56        68
          R       0.50      0.49      0.50       102

avg / total       0.55      0.56      0.55       465

[[144   0  15   3   0   9   8]
 [  1   4   0   1   0   0  14]
 [ 19   0  12   0   0   5   0]
 [ 12   1   1  19   0   0  26]
 [  0   0   1   0   0   0   0]
 [ 19   2   6   6   0  33   2]
 [ 21  10   1  18   0   2  50]]

NB
Classification_report:
             precision    recall  f1-score   support

          B       0.53      0.17      0.26       179
          C       0.20      0.15      0.17        20
          G       0.17      0.67      0.27        36
          M       0.25      0.56      0.35        59
          O       0.00      0.00      0.00         1
          P       0.38      0.53      0.44        68
          R       0.24      0.06      0.09       102

avg / total       0.36      0.29      0.26       465

[[31  4 85 31  0 25  3]
 [ 4  3  2  5  0  2  4]
 [ 6  0 24  3  0  1  2]
 [ 2  2  6 33  0 10  6]
 [ 1  0  0  0  0  0  0]
 [ 4  1  3 20  0 36  4]
 [11  5 20 40  0 20  6]]

DT
Classification_report:
             precision    recall  f1-score   support

          B       0.76      0.79      0.78       179
          C       0.09      0.10      0.09        20
          G       0.60      0.42      0.49        36
          M       0.33      0.32      0.32        59
          O       0.00      0.00      0.00         1
          P       0.61      0.63      0.62        68
          R       0.48      0.47      0.47       102

avg / total       0.58      0.58      0.58       465

[[142   1  10   4   0  13   9]
 [  0   2   0   4   0   3  11]
 [ 20   0  15   0   0   1   0]
 [  4   4   0  19   0   4  28]
 [  0   0   0   1   0   0   0]
 [ 11   3   0   6   0  43   5]
 [ 10  13   0  24   0   7  48]]

CRF
Classification_report:
             precision    recall  f1-score   support

          B       0.87      0.96      0.91       179
          C       0.70      0.70      0.70        20
          G       0.81      0.58      0.68        36
          M       0.53      0.46      0.49        59
          O       0.00      0.00      0.00         1
          P       0.84      0.75      0.79        68
          R       0.63      0.68      0.65       102

avg / total       0.76      0.76      0.76       465

CRF 2.0
Classification_report:
             precision    recall  f1-score   support

          B       0.99      1.00      1.00       179
          C       0.43      0.30      0.35        20
          G       1.00      1.00      1.00        36
          M       0.95      0.92      0.93        59
          O       0.00      0.00      0.00         1
          P       0.94      0.93      0.93        68
          R       0.82      0.89      0.85       102

avg / total       0.92      0.92      0.92       465


SVM RBF
Classification_report:
             precision    recall  f1-score   support

          B       0.48      0.86      0.61       256
          C       0.00      0.00      0.00        40
          G       0.00      0.00      0.00        72
          M       0.00      0.00      0.00       104
          O       0.00      0.00      0.00         7
          P       0.00      0.00      0.00       133
          R       0.47      0.79      0.59       219

avg / total       0.27      0.47      0.34       831

[[220   0   0   0   0   1  35]
 [  4   0   0   0   0   0  36]
 [ 58   0   0   0   0   0  14]
 [ 32   0   0   0   0   2  70]
 [  4   0   0   0   0   0   3]
 [100   0   0   0   0   0  33]
 [ 44   0   0   0   0   3 172]]

SVM linear
Classification_report:
             precision    recall  f1-score   support

          B       0.60      0.82      0.69       256
          C       0.00      0.00      0.00        40
          G       0.33      0.03      0.05        72
          M       0.20      0.02      0.04       104
          O       0.00      0.00      0.00         7
          P       0.69      0.54      0.61       133
          R       0.47      0.78      0.59       219

avg / total       0.47      0.55      0.47       831

[[209   0   4   1   0   5  37]
 [  4   0   0   0   0   1  35]
 [ 60   0   2   0   0   0  10]
 [ 17   0   0   2   0  10  75]
 [  0   0   0   0   0   5   2]
 [ 27   0   0   3   0  72  31]
 [ 34   0   0   4   0  11 170]]

KNN
Classification_report:
             precision    recall  f1-score   support

          B       0.56      0.72      0.63       256
          C       0.13      0.12      0.13        40
          G       0.36      0.38      0.36        72
          M       0.25      0.20      0.22       104
          O       0.00      0.00      0.00         7
          P       0.66      0.47      0.55       133
          R       0.47      0.45      0.46       219

avg / total       0.47      0.48      0.47       831

[[185   2  26  10   0  10  23]
 [  4   5   1   5   0   3  22]
 [ 32   0  27   4   0   7   2]
 [ 25   5   6  21   0   5  42]
 [  1   1   2   1   0   1   1]
 [ 29   5   6  12   0  62  19]
 [ 56  20   8  31   0   6  98]]

NB
Classification_report:
             precision    recall  f1-score   support

          B       0.48      0.16      0.24       256
          C       0.12      0.33      0.18        40
          G       0.16      0.64      0.25        72
          M       0.26      0.37      0.31       104
          O       0.00      0.00      0.00         7
          P       0.55      0.46      0.50       133
          R       0.32      0.11      0.16       219

avg / total       0.37      0.27      0.27       831

[[ 42  23 124  34   3  21   9]
 [  2  13   9   2   2   4   8]
 [ 14   3  46   4   0   3   2]
 [  9   8  30  38   0   5  14]
 [  1   0   0   0   0   1   5]
 [  8  24   6  20   2  61  12]
 [ 12  36  78  46   8  15  24]]

DT
Classification_report:
             precision    recall  f1-score   support

          B       0.64      0.61      0.63       256
          C       0.23      0.23      0.23        40
          G       0.34      0.38      0.36        72
          M       0.19      0.21      0.20       104
          O       0.40      0.29      0.33         7
          P       0.61      0.62      0.62       133
          R       0.44      0.42      0.43       219

avg / total       0.48      0.47      0.48       831

[[157   6  22  20   1  19  31]
 [  2   9   0   6   0   3  20]
 [ 23   2  27   7   1   2  10]
 [ 11   7  11  22   0   7  46]
 [  1   0   0   1   2   2   1]
 [ 14   8   2  14   0  83  12]
 [ 37   8  17  44   1  19  93]]

CRF
Classification_report:
             precision    recall  f1-score   support

          B       0.72      0.79      0.76       256
          C       0.52      0.42      0.47        40
          G       0.60      0.49      0.54        72
          M       0.36      0.27      0.31       104
          O       1.00      0.43      0.60         7
          P       0.70      0.59      0.64       133
          R       0.55      0.67      0.61       219

avg / total       0.61      0.62      0.61       831

CRF 2.0
Classification_report:
             precision    recall  f1-score   support

          B       0.91      0.87      0.89       256
          C       0.66      0.47      0.55        40
          G       0.81      0.75      0.78        72
          M       0.67      0.69      0.68       104
          O       0.00      0.00      0.00         7
          P       0.84      0.78      0.81       133
          R       0.70      0.83      0.76       219

avg / total       0.79      0.79      0.78       831
