SVM RBF
Classification_report:
             precision    recall  f1-score   support

          B       0.36      0.57      0.44        77
          C       0.00      0.00      0.00        20
          G       0.00      0.00      0.00        36
          M       0.00      0.00      0.00        45
          O       0.00      0.00      0.00         6
          P       0.00      0.00      0.00        65
          R       0.40      0.85      0.55       117

avg / total       0.21      0.39      0.27       366

[[44  0  0  0  0  0 33]
 [ 2  0  0  0  0  0 18]
 [15  0  0  0  0  0 21]
 [10  0  0  0  0  0 35]
 [ 0  0  0  0  0  0  6]
 [32  0  0  0  0  0 33]
 [18  0  0  0  0  0 99]]

SVM linear
Classification_report:
             precision    recall  f1-score   support

          B       0.56      0.58      0.57        77
          C       1.00      0.05      0.10        20
          G       0.48      0.28      0.35        36
          M       0.32      0.16      0.21        45
          O       0.00      0.00      0.00         6
          P       0.58      0.57      0.57        65
          R       0.50      0.76      0.60       117

avg / total       0.52      0.52      0.48       366

[[45  0  5  3  0  5 19]
 [ 2  1  1  1  0  1 14]
 [15  0 10  0  0  2  9]
 [ 3  0  1  7  0  7 27]
 [ 0  0  0  2  0  1  3]
 [ 8  0  2  1  0 37 17]
 [ 7  0  2  8  0 11 89]]

KNN
Classification_report:
             precision    recall  f1-score   support

          B       0.40      0.58      0.47        77
          C       0.07      0.10      0.08        20
          G       0.23      0.25      0.24        36
          M       0.14      0.11      0.12        45
          O       0.00      0.00      0.00         6
          P       0.50      0.46      0.48        65
          R       0.46      0.35      0.40       117

avg / total       0.36      0.36      0.35       366

[[45  1  7  9  0  8  7]
 [ 1  2  2  3  0  2 10]
 [17  0  9  2  0  4  4]
 [ 9  6  5  5  0  3 17]
 [ 0  0  2  2  0  1  1]
 [14  2  6  3  0 30 10]
 [27 18  8 11  0 12 41]]

NB
Classification_report:
             precision    recall  f1-score   support

          B       0.46      0.38      0.41        77
          C       0.33      0.20      0.25        20
          G       0.19      0.58      0.29        36
          M       0.32      0.38      0.35        45
          O       0.06      0.17      0.08         6
          P       0.66      0.63      0.65        65
          R       0.33      0.14      0.19       117

avg / total       0.40      0.35      0.35       366

[[29  0 28  4  3  9  4]
 [ 0  4  4  0  2  1  9]
 [10  0 21  3  0  0  2]
 [ 3  3 11 17  2  2  7]
 [ 0  0  0  0  1  0  5]
 [10  0  2  5  2 41  5]
 [11  5 44 24  8  9 16]]

DT
Classification_report:
             precision    recall  f1-score   support

          B       0.39      0.36      0.38        77
          C       0.08      0.10      0.09        20
          G       0.09      0.08      0.08        36
          M       0.11      0.13      0.12        45
          O       0.00      0.00      0.00         6
          P       0.64      0.72      0.68        65
          R       0.49      0.44      0.46       117

avg / total       0.38      0.37      0.38       366

[[28  4 14 12  0 10  9]
 [ 3  2  4  2  0  0  9]
 [11  4  3  6  0  1 11]
 [ 7  2  7  6  0  4 19]
 [ 0  0  0  1  0  4  1]
 [ 5  1  2  4  2 47  4]
 [17 12  5 24  1  7 51]]

CRF
Classification_report:
             precision    recall  f1-score   support

          B       0.54      0.56      0.55        77
          C       0.43      0.45      0.44        20
          G       0.32      0.28      0.30        36
          M       0.14      0.11      0.12        45
          O       0.00      0.00      0.00         6
          P       0.56      0.48      0.52        65
          R       0.56      0.68      0.62       117

avg / total       0.47      0.49      0.47       366

CRF 2.0
Classification_report:
             precision    recall  f1-score   support

          B       0.75      0.65      0.69        77
          C       0.31      0.25      0.28        20
          G       0.57      0.47      0.52        36
          M       0.37      0.29      0.33        45
          O       0.00      0.00      0.00         6
          P       0.66      0.58      0.62        65
          R       0.52      0.69      0.60       117

avg / total       0.56      0.56      0.55       366


SVM RBF
Classification_report:
             precision    recall  f1-score   support

          B       0.55      0.96      0.70       179
          C       0.00      0.00      0.00        20
          G       0.00      0.00      0.00        36
          M       0.00      0.00      0.00        59
          O       0.00      0.00      0.00         1
          P       0.00      0.00      0.00        68
          R       0.53      0.80      0.64       102

avg / total       0.33      0.55      0.41       465

[[172   0   0   0   0   0   7]
 [  0   0   0   0   0   0  20]
 [ 36   0   0   0   0   0   0]
 [ 19   0   0   0   0   0  40]
 [  1   0   0   0   0   0   0]
 [ 62   0   0   0   0   0   6]
 [ 20   0   0   0   0   0  82]]

SVM linear
Classification_report:
             precision    recall  f1-score   support

          B       0.75      0.91      0.82       179
          C       0.40      0.20      0.27        20
          G       0.62      0.28      0.38        36
          M       0.48      0.36      0.41        59
          O       0.00      0.00      0.00         1
          P       0.74      0.54      0.63        68
          R       0.54      0.68      0.60       102

avg / total       0.64      0.65      0.63       465

[[162   1   6   2   0   3   5]
 [  0   4   0   0   0   1  15]
 [ 26   0  10   0   0   0   0]
 [  4   1   0  21   0   2  31]
 [  0   0   0   0   0   1   0]
 [ 19   1   0   3   0  37   8]
 [  6   3   0  18   0   6  69]]

KNN
Classification_report:
             precision    recall  f1-score   support

          B       0.67      0.83      0.74       179
          C       0.28      0.25      0.26        20
          G       0.36      0.33      0.35        36
          M       0.39      0.32      0.35        59
          O       0.00      0.00      0.00         1
          P       0.69      0.50      0.58        68
          R       0.51      0.48      0.49       102

avg / total       0.56      0.57      0.56       465

[[148   0  14   1   0   8   8]
 [  0   5   0   2   0   0  13]
 [ 19   0  12   0   0   5   0]
 [ 12   2   1  19   0   0  25]
 [  0   0   1   0   0   0   0]
 [ 22   2   4   5   0  34   1]
 [ 19   9   1  22   0   2  49]]

NB
Classification_report:
             precision    recall  f1-score   support

          B       0.56      0.20      0.29       179
          C       0.21      0.15      0.18        20
          G       0.17      0.67      0.28        36
          M       0.26      0.54      0.35        59
          O       0.00      0.00      0.00         1
          P       0.43      0.62      0.51        68
          R       0.25      0.07      0.11       102

avg / total       0.39      0.31      0.28       465

[[35  3 84 30  0 24  3]
 [ 3  3  2  5  0  2  5]
 [ 6  0 24  4  0  0  2]
 [ 3  2  6 32  0  9  7]
 [ 1  0  0  0  0  0  0]
 [ 4  1  3 14  0 42  4]
 [10  5 19 40  0 21  7]]

DT
Classification_report:
             precision    recall  f1-score   support

          B       0.70      0.68      0.69       179
          C       0.06      0.05      0.05        20
          G       0.25      0.33      0.29        36
          M       0.36      0.36      0.36        59
          O       0.00      0.00      0.00         1
          P       0.58      0.41      0.48        68
          R       0.47      0.54      0.50       102

avg / total       0.52      0.51      0.51       465

[[121   4  30   3   0  13   8]
 [  0   1   0   7   0   0  12]
 [ 23   0  12   0   0   0   1]
 [  5   4   0  21   1   2  26]
 [  0   0   0   0   0   0   1]
 [ 17   0   5   3   0  28  15]
 [  8   8   1  25   0   5  55]]

CRF
Classification_report:
             precision    recall  f1-score   support

          B       0.86      0.97      0.91       179
          C       0.68      0.75      0.71        20
          G       0.84      0.58      0.69        36
          M       0.51      0.42      0.46        59
          O       0.00      0.00      0.00         1
          P       0.84      0.75      0.79        68
          R       0.64      0.67      0.65       102

avg / total       0.75      0.76      0.75       465

CRF 2.0
Classification_report:
             precision    recall  f1-score   support

          B       0.99      1.00      1.00       179
          C       0.43      0.30      0.35        20
          G       1.00      1.00      1.00        36
          M       0.95      0.92      0.93        59
          O       0.00      0.00      0.00         1
          P       0.94      0.93      0.93        68
          R       0.82      0.89      0.85       102

avg / total       0.92      0.92      0.92       465


SVM RBF
Classification_report:
             precision    recall  f1-score   support

          B       0.46      0.88      0.61       256
          C       0.00      0.00      0.00        40
          G       0.00      0.00      0.00        72
          M       0.00      0.00      0.00       104
          O       0.00      0.00      0.00         7
          P       0.00      0.00      0.00       133
          R       0.49      0.76      0.59       219

avg / total       0.27      0.47      0.34       831

[[226   0   0   0   0   0  30]
 [  5   0   0   0   0   0  35]
 [ 60   0   0   0   0   0  12]
 [ 41   0   0   0   0   0  63]
 [  4   0   0   0   0   0   3]
 [102   0   0   0   0   0  31]
 [ 53   0   0   0   0   0 166]]

SVM linear
Classification_report:
             precision    recall  f1-score   support

          B       0.62      0.75      0.68       256
          C       0.46      0.15      0.23        40
          G       0.45      0.26      0.33        72
          M       0.33      0.17      0.23       104
          O       0.00      0.00      0.00         7
          P       0.69      0.63      0.66       133
          R       0.49      0.65      0.56       219

avg / total       0.54      0.56      0.53       831

[[193   0  18   7   0   9  29]
 [  3   6   0   1   0   3  27]
 [ 42   0  19   0   0   1  10]
 [ 17   0   2  18   0   8  59]
 [  0   0   0   0   0   4   3]
 [ 22   2   1   4   0  84  20]
 [ 33   5   2  24   0  12 143]]

KNN
Classification_report:
             precision    recall  f1-score   support

          B       0.56      0.74      0.64       256
          C       0.16      0.17      0.17        40
          G       0.38      0.38      0.38        72
          M       0.30      0.22      0.25       104
          O       0.00      0.00      0.00         7
          P       0.68      0.51      0.58       133
          R       0.45      0.41      0.43       219

avg / total       0.48      0.49      0.48       831

[[189   2  24   8   0  10  23]
 [  4   7   1   5   0   2  21]
 [ 37   0  27   3   0   3   2]
 [ 20   6   6  23   0   6  43]
 [  0   1   2   1   0   2   1]
 [ 30   5   3   6   0  68  21]
 [ 58  22   8  31   1   9  90]]

NB
Classification_report:
             precision    recall  f1-score   support

          B       0.48      0.17      0.25       256
          C       0.15      0.33      0.20        40
          G       0.16      0.64      0.26        72
          M       0.28      0.41      0.33       104
          O       0.00      0.00      0.00         7
          P       0.57      0.53      0.55       133
          R       0.33      0.12      0.17       219

avg / total       0.38      0.29      0.28       831

[[ 43  19 123  35   3  24   9]
 [  2  13   8   3   0   4  10]
 [ 14   3  46   4   0   3   2]
 [  8   5  28  43   0   5  15]
 [  1   0   0   0   0   1   5]
 [  8  16   6  18   2  71  12]
 [ 13  33  71  53   6  17  26]]

DT
Classification_report:
             precision    recall  f1-score   support

          B       0.63      0.61      0.62       256
          C       0.09      0.10      0.09        40
          G       0.35      0.33      0.34        72
          M       0.23      0.23      0.23       104
          O       0.00      0.00      0.00         7
          P       0.55      0.55      0.55       133
          R       0.47      0.49      0.48       219

avg / total       0.47      0.47      0.47       831

[[155   5  21  16   1  24  34]
 [  4   4   3   8   0   4  17]
 [ 20   5  24   7   1   1  14]
 [ 19  10   7  24   1  10  33]
 [  0   0   0   1   0   5   1]
 [ 23   4   4   6   2  73  21]
 [ 26  18   9  44   0  15 107]]

CRF
Classification_report:
             precision    recall  f1-score   support

          B       0.74      0.80      0.77       256
          C       0.45      0.45      0.45        40
          G       0.64      0.49      0.55        72
          M       0.35      0.29      0.32       104
          O       0.00      0.00      0.00         7
          P       0.71      0.60      0.65       133
          R       0.56      0.68      0.61       219

avg / total       0.61      0.62      0.61       831

CRF 2.0
Classification_report:
             precision    recall  f1-score   support

          B       0.94      0.87      0.90       256
          C       0.57      0.40      0.47        40
          G       0.82      0.74      0.77        72
          M       0.70      0.68      0.69       104
          O       0.00      0.00      0.00         7
          P       0.85      0.78      0.82       133
          R       0.67      0.84      0.75       219

avg / total       0.79      0.78      0.78       831
