SVM RBF
Classification_report:
             precision    recall  f1-score   support
          B       0.39      0.31      0.35        77
          C       0.00      0.00      0.00        20
          G       0.71      0.14      0.23        36
          M       0.67      0.04      0.08        45
          O       0.00      0.00      0.00         6
          P       0.49      0.28      0.35        65
          R       0.37      0.81      0.51       117

avg / total       0.44      0.39      0.33       366

[[24  0  1  0  0  5 47]
 [ 2  0  0  0  0  1 17]
 [12  0  5  0  0  1 18]
 [ 2  0  0  2  0  5 36]
 [ 0  0  0  0  0  0  6]
 [ 7  0  1  0  0 18 39]
 [14  0  0  1  0  7 95]]

SVM linear
Classification_report:
             precision    recall  f1-score   support
          B       0.27      0.32      0.30        77
          C       0.12      0.15      0.14        20
          G       0.24      0.25      0.24        36
          M       0.14      0.20      0.17        45
          O       0.60      0.50      0.55         6
          P       0.42      0.37      0.39        65
          R       0.42      0.32      0.36       117

avg / total       0.32      0.30      0.31       366

[[25  7 15 11  0  7 12]
 [ 5  3  2  1  0  4  5]
 [12  5  9  3  0  3  4]
 [11  0  3  9  0  6 16]
 [ 0  0  0  0  3  2  1]
 [10  2  5 11  0 24 13]
 [28  7  4 28  2 11 37]]

KNN
Classification_report:
             precision    recall  f1-score   support
          B       0.29      0.43      0.35        77
          C       0.06      0.05      0.05        20
          G       0.26      0.25      0.26        36
          M       0.27      0.33      0.30        45
          O       0.33      0.17      0.22         6
          P       0.46      0.32      0.38        65
          R       0.40      0.33      0.36       117

avg / total       0.34      0.33      0.33       366

[[33  6  6 10  0  7 15]
 [ 8  1  4  0  0  2  5]
 [12  2  9  2  0  3  8]
 [ 8  1  2 15  0  4 15]
 [ 0  0  1  0  1  2  2]
 [16  1  4  9  1 21 13]
 [37  6  8 19  1  7 39]]

NB
Classification_report:
             precision    recall  f1-score   support
          B       0.37      0.22      0.28        77
          C       0.12      0.20      0.15        20
          G       0.24      0.22      0.23        36
          M       0.18      0.20      0.19        45
          O       0.00      0.00      0.00         6
          P       0.28      0.18      0.22        65
          R       0.39      0.52      0.45       117

avg / total       0.30      0.30      0.29       366

[[17  7 11  7  0  4 31]
 [ 3  4  4  0  0  2  7]
 [10  4  8  0  0  2 12]
 [ 2  3  0  9  0  9 22]
 [ 1  0  0  1  0  1  3]
 [ 4 10  4 14  0 12 21]
 [ 9  6  6 20  2 13 61]]

DT
Classification_report:
             precision    recall  f1-score   support
          B       0.26      0.25      0.25        77
          C       0.17      0.15      0.16        20
          G       0.23      0.19      0.21        36
          M       0.16      0.16      0.16        45
          O       0.00      0.00      0.00         6
          P       0.19      0.22      0.20        65
          R       0.37      0.38      0.37       117

avg / total       0.26      0.26      0.26       366

[[19  3  9  6  1 12 27]
 [ 4  3  2  2  0  6  3]
 [10  2  7  4  1  4  8]
 [ 7  1  0  7  0 14 16]
 [ 0  1  0  1  0  1  3]
 [12  5  3 10  2 14 19]
 [21  3 10 15  2 22 44]]