SVM RBF
Classification_report:
             precision    recall  f1-score   support
          B       0.47      0.35      0.40        77
          C       0.00      0.00      0.00        20
          G       0.00      0.00      0.00        36
          M       1.00      0.02      0.04        45
          O       0.00      0.00      0.00         6
          P       0.47      0.25      0.32        65
          R       0.36      0.85      0.51       117

avg / total       0.42      0.39      0.31       366

[[27  0  1  0  0  5 44]
 [ 2  0  0  0  0  1 17]
 [ 9  0  0  0  0  1 26]
 [ 0  0  0  1  0  6 38]
 [ 0  0  0  0  0  0  6]
 [ 6  0  0  0  0 16 43]
 [13  0  0  0  0  5 99]]

SVM linear
Classification_report:
             precision    recall  f1-score   support
          B       0.38      0.40      0.39        77
          C       0.20      0.20      0.20        20
          G       0.37      0.36      0.37        36
          M       0.16      0.18      0.17        45
          O       0.60      0.50      0.55         6
          P       0.31      0.28      0.29        65
          R       0.43      0.43      0.43       117

avg / total       0.35      0.35      0.35       366

[[31  2 11  4  0  8 21]
 [ 6  4  0  1  0  3  6]
 [ 7  2 13  1  0  7  6]
 [ 6  0  3  8  0 10 18]
 [ 0  0  0  1  3  1  1]
 [ 9  6  6 11  0 18 15]
 [22  6  2 24  2 11 50]]

KNN
Classification_report:
             precision    recall  f1-score   support
          B       0.31      0.45      0.37        77
          C       0.11      0.10      0.10        20
          G       0.23      0.22      0.23        36
          M       0.16      0.20      0.18        45
          O       0.00      0.00      0.00         6
          P       0.42      0.28      0.33        65
          R       0.38      0.32      0.35       117

avg / total       0.31      0.30      0.30       366

[[35  5  7 10  0  4 16]
 [ 8  2  2  2  0  0  6]
 [15  1  8  2  0  2  8]
 [11  1  3  9  0  6 15]
 [ 0  0  1  1  0  2  2]
 [17  2  6  7  1 18 14]
 [28  8  8 24  0 11 38]]

NB
Classification_report:
             precision    recall  f1-score   support
          B       0.35      0.25      0.29        77
          C       0.05      0.10      0.07        20
          G       0.21      0.14      0.17        36
          M       0.17      0.22      0.19        45
          O       0.00      0.00      0.00         6
          P       0.29      0.18      0.22        65
          R       0.38      0.47      0.42       117

avg / total       0.29      0.28      0.28       366

[[19  6  9 13  0  2 28]
 [ 3  2  4  0  0  5  6]
 [ 8  7  5  1  0  2 13]
 [ 6  3  0 10  0  7 19]
 [ 1  0  0  1  0  1  3]
 [ 4 11  5 11  1 12 21]
 [14  9  1 23  2 13 55]]

DT
Classification_report:
             precision    recall  f1-score   support
          B       0.17      0.18      0.17        77
          C       0.09      0.10      0.09        20
          G       0.06      0.06      0.06        36
          M       0.17      0.18      0.17        45
          O       0.00      0.00      0.00         6
          P       0.16      0.14      0.15        65
          R       0.36      0.37      0.37       117

avg / total       0.21      0.21      0.21       366

[[14  7 11  9  1 16 19]
 [ 4  2  3  1  1  4  5]
 [13  2  2  2  0  5 12]
 [ 4  1  2  8  1 11 18]
 [ 2  0  0  0  0  0  4]
 [19  5  7  8  0  9 17]
 [27  6  6 19  3 13 43]]