SVM RBF
Classification_report:
             precision    recall  f1-score   support
          B       0.40      0.16      0.22        77
          C       0.00      0.00      0.00        20
          G       0.00      0.00      0.00        36
          M       0.00      0.00      0.00        45
          O       0.00      0.00      0.00         6
          P       0.66      0.32      0.43        65
          R       0.37      0.96      0.53       117

avg / total       0.32      0.40      0.29       366

[[ 12   0   0   0   0   2  63]
 [  1   0   0   0   0   2  17]
 [ 10   0   0   0   0   2  24]
 [  1   0   0   0   0   1  43]
 [  0   0   0   0   0   2   4]
 [  3   0   0   0   0  21  41]
 [  3   0   0   0   0   2 112]]

SVM linear
Classification_report:
             precision    recall  f1-score   support
          B       0.38      0.45      0.41        77
          C       0.33      0.20      0.25        20
          G       0.55      0.33      0.41        36
          M       0.25      0.27      0.26        45
          O       0.50      0.17      0.25         6
          P       0.68      0.63      0.66        65
          R       0.43      0.48      0.46       117

avg / total       0.45      0.44      0.44       366

[[35  1  6  6  0  3 26]
 [ 4  4  0  1  0  3  8]
 [16  2 12  1  0  0  5]
 [ 9  0  0 12  0  2 22]
 [ 0  0  0  0  1  3  2]
 [ 5  3  2  4  0 41 10]
 [24  2  2 24  1  8 56]]

KNN
Classification_report:
             precision    recall  f1-score   support
          B       0.29      0.43      0.35        77
          C       0.29      0.20      0.24        20
          G       0.24      0.19      0.22        36
          M       0.27      0.42      0.33        45
          O       1.00      0.33      0.50         6
          P       0.45      0.38      0.42        65
          R       0.49      0.34      0.40       117

avg / total       0.39      0.36      0.36       366

[[33  2  1 14  0 12 15]
 [ 6  4  2  2  0  1  5]
 [14  4  7  2  0  3  6]
 [ 9  0  3 19  0  4 10]
 [ 0  0  0  1  2  2  1]
 [14  1  9 11  0 25  5]
 [38  3  7 21  0  8 40]]

NB
Classification_report:
             precision    recall  f1-score   support
          B       0.38      0.21      0.27        77
          C       0.09      0.15      0.11        20
          G       0.27      0.22      0.24        36
          M       0.28      0.24      0.26        45
          O       0.00      0.00      0.00         6
          P       0.42      0.29      0.35        65
          R       0.40      0.59      0.47       117

avg / total       0.35      0.34      0.33       366

[[16  7 10  6  0  7 31]
 [ 2  3  4  1  0  2  8]
 [ 9  4  8  1  0  1 13]
 [ 1  3  1 11  0  3 26]
 [ 1  0  0  0  0  1  4]
 [ 3 10  3  7  0 19 23]
 [10  8  4 14  0 12 69]]

DT
Classification_report:
             precision    recall  f1-score   support
          B       0.21      0.22      0.21        77
          C       0.00      0.00      0.00        20
          G       0.11      0.14      0.12        36
          M       0.07      0.07      0.07        45
          O       0.00      0.00      0.00         6
          P       0.29      0.29      0.29        65
          R       0.31      0.29      0.30       117

avg / total       0.22      0.21      0.21       366

[[17  2 12 11  1 11 23]
 [ 4  0  2  1  0  5  8]
 [14  2  5  3  0  6  6]
 [ 6  2  5  3  1  6 22]
 [ 2  0  1  1  0  1  1]
 [16  1  6  6  2 19 15]
 [23 12 13 16  2 17 34]]
