SVM RBF
Classification_report:
             precision    recall  f1-score   support
          B       0.45      0.27      0.34        77
          C       0.00      0.00      0.00        20
          G       0.00      0.00      0.00        36
          M       0.00      0.00      0.00        45
          O       0.00      0.00      0.00         6
          P       0.69      0.38      0.50        65
          R       0.38      0.92      0.54       117

avg / total       0.34      0.42      0.33       366

[[ 21   0   0   0   0   2  54]
 [  1   0   0   0   0   2  17]
 [ 13   0   0   0   0   1  22]
 [  2   0   0   0   0   1  42]
 [  0   0   0   0   0   2   4]
 [  4   0   1   0   0  25  35]
 [  6   0   0   0   0   3 108]]

SVM linear
Classification_report:
             precision    recall  f1-score   support
          B       0.36      0.45      0.40        77
          C       0.27      0.20      0.23        20
          G       0.48      0.36      0.41        36
          M       0.22      0.22      0.22        45
          O       0.50      0.17      0.25         6
          P       0.64      0.60      0.62        65
          R       0.48      0.49      0.48       117

avg / total       0.44      0.43      0.43       366

[[35  2  8  7  0  4 21]
 [ 6  4  0  0  0  3  7]
 [14  3 13  1  0  1  4]
 [ 8  0  2 10  0  2 23]
 [ 0  0  0  0  1  4  1]
 [ 7  4  3  6  0 39  6]
 [27  2  1 21  1  8 57]]

KNN
Classification_report:
             precision    recall  f1-score   support
          B       0.31      0.45      0.37        77
          C       0.38      0.25      0.30        20
          G       0.38      0.25      0.30        36
          M       0.23      0.36      0.28        45
          O       1.00      0.33      0.50         6
          P       0.42      0.35      0.38        65
          R       0.49      0.37      0.42       117

avg / total       0.40      0.36      0.37       366

[[35  2  4 11  0 13 12]
 [ 5  5  2  1  0  0  7]
 [15  2  9  2  0  4  4]
 [ 8  0  2 16  0  4 15]
 [ 0  0  1  0  2  1  2]
 [19  2  4 13  0 23  4]
 [32  2  2 28  0 10 43]]

NB
Classification_report:
             precision    recall  f1-score   support
          B       0.53      0.30      0.38        77
          C       0.17      0.35      0.23        20
          G       0.32      0.25      0.28        36
          M       0.30      0.31      0.30        45
          O       0.00      0.00      0.00         6
          P       0.42      0.26      0.32        65
          R       0.39      0.56      0.46       117

avg / total       0.39      0.37      0.36       366

[[23  7  7  4  0  6 30]
 [ 2  7  2  1  0  0  8]
 [ 6  3  9  2  0  3 13]
 [ 1  3  1 14  0  2 24]
 [ 0  0  0  0  0  1  5]
 [ 2 12  3  9  0 17 22]
 [ 9  8  6 17  0 11 66]]

DT
Classification_report:
             precision    recall  f1-score   support
          B       0.29      0.32      0.31        77
          C       0.06      0.05      0.06        20
          G       0.11      0.11      0.11        36
          M       0.12      0.11      0.12        45
          O       0.00      0.00      0.00         6
          P       0.31      0.31      0.31        65
          R       0.42      0.40      0.41       117

avg / total       0.28      0.28      0.28       366

[[25  3  8  7  0 11 23]
 [ 3  1  5  3  0  5  3]
 [ 9  1  4  2  2  8 10]
 [ 9  4  1  5  3  5 18]
 [ 3  0  1  2  0  0  0]
 [11  5  6  9  2 20 12]
 [25  2 13 12  3 15 47]]
