SVM RBF
Classification_report:
             precision    recall  f1-score   support
          B       0.42      0.35      0.38        77
          C       0.00      0.00      0.00        20
          G       0.00      0.00      0.00        36
          M       1.00      0.02      0.04        45
          O       0.00      0.00      0.00         6
          P       0.60      0.43      0.50        65
          R       0.40      0.86      0.55       117

avg / total       0.45      0.43      0.35       366

[[ 27   0   1   0   0   5  44]
 [  2   0   0   0   0   3  15]
 [ 16   0   0   0   0   1  19]
 [  3   0   0   1   0   2  39]
 [  0   0   0   0   0   2   4]
 [  6   0   1   0   0  28  30]
 [ 10   0   0   0   0   6 101]]

SVM linear
Classification_report:
             precision    recall  f1-score   support
          B       0.36      0.44      0.40        77
          C       0.20      0.20      0.20        20
          G       0.31      0.25      0.28        36
          M       0.24      0.24      0.24        45
          O       0.50      0.17      0.25         6
          P       0.53      0.52      0.53        65
          R       0.50      0.47      0.48       117

avg / total       0.41      0.40      0.40       366

[[34  3 13  6  0  9 12]
 [ 4  4  1  1  0  3  7]
 [15  4  9  2  0  1  5]
 [ 8  0  1 11  0  4 21]
 [ 0  0  0  0  1  3  2]
 [11  4  3  5  0 34  8]
 [23  5  2 21  1 10 55]]

KNN
Classification_report:
             precision    recall  f1-score   support
          B       0.33      0.45      0.38        77
          C       0.20      0.15      0.17        20
          G       0.27      0.22      0.24        36
          M       0.23      0.33      0.27        45
          O       0.50      0.17      0.25         6
          P       0.49      0.43      0.46        65
          R       0.43      0.33      0.38       117

avg / total       0.37      0.35      0.35       366

[[35  3  4 11  0  9 15]
 [ 9  3  2  0  0  1  5]
 [13  2  8  2  0  5  6]
 [ 6  1  4 15  0  2 17]
 [ 1  0  1  0  1  2  1]
 [ 8  3  6 12  1 28  7]
 [34  3  5 26  0 10 39]]

NB
Classification_report:
             precision    recall  f1-score   support
          B       0.38      0.23      0.29        77
          C       0.13      0.20      0.16        20
          G       0.21      0.19      0.20        36
          M       0.28      0.27      0.27        45
          O       0.00      0.00      0.00         6
          P       0.38      0.26      0.31        65
          R       0.37      0.53      0.44       117

avg / total       0.33      0.33      0.32       366

[[18  4 13  5  0  5 32]
 [ 2  4  3  1  0  2  8]
 [ 7  4  7  1  0  2 15]
 [ 4  3  1 12  0  3 22]
 [ 1  0  0  0  0  1  4]
 [ 4  9  5  7  0 17 23]
 [12  7  4 17  0 15 62]]

DT
Classification_report:
             precision    recall  f1-score   support
          B       0.27      0.26      0.27        77
          C       0.00      0.00      0.00        20
          G       0.19      0.22      0.20        36
          M       0.29      0.31      0.30        45
          O       0.00      0.00      0.00         6
          P       0.34      0.32      0.33        65
          R       0.38      0.38      0.38       117

avg / total       0.30      0.29      0.29       366

[[20  7  4 11  2 13 20]
 [ 6  0  5  1  0  4  4]
 [ 7  0  8  3  1  6 11]
 [ 3  1  4 14  0  5 18]
 [ 1  0  1  1  0  1  2]
 [ 7  6  9  5  1 21 16]
 [29  7 12 13  1 11 44]]
