SVM RBF
Classification_report:
             precision    recall  f1-score   support
          B       0.44      0.87      0.59       179
          C       0.00      0.00      0.00        20
          G       0.00      0.00      0.00        36
          M       0.58      0.12      0.20        59
          O       0.00      0.00      0.00         1
          P       0.62      0.29      0.40        68
          R       0.26      0.18      0.22       103

avg / total       0.39      0.43      0.36       466

[[155   0   0   2   0   3  19]
 [ 16   0   0   0   0   1   3]
 [ 32   0   0   0   0   0   4]
 [ 35   0   0   7   0   1  16]
 [  0   0   0   0   0   0   1]
 [ 37   0   0   1   0  20  10]
 [ 75   0   0   2   0   7  19]]

SVM linear
Classification_report:
             precision    recall  f1-score   support
          B       0.45      0.50      0.48       179
          C       0.00      0.00      0.00        20
          G       0.19      0.22      0.21        36
          M       0.23      0.25      0.24        59
          O       0.00      0.00      0.00         1
          P       0.43      0.43      0.43        68
          R       0.32      0.22      0.26       103

avg / total       0.35      0.35      0.35       466

[[90  9 20 25  0 13 22]
 [ 7  0  4  2  0  3  4]
 [19  1  8  1  0  1  6]
 [26  2  1 15  0  5 10]
 [ 0  0  0  0  0  1  0]
 [18  4  3  6  0 29  8]
 [39  4  6 15  0 16 23]]

KNN
Classification_report:
             precision    recall  f1-score   support
          B       0.44      0.68      0.53       179
          C       0.00      0.00      0.00        20
          G       0.19      0.11      0.14        36
          M       0.29      0.17      0.21        59
          O       0.00      0.00      0.00         1
          P       0.39      0.26      0.32        68
          R       0.17      0.11      0.13       103

avg / total       0.31      0.35      0.32       466

[[122   5   7  10   0  15  20]
 [ 13   0   2   1   0   2   2]
 [ 22   1   4   1   0   1   7]
 [ 34   3   0  10   0   1  11]
 [  0   0   0   0   0   0   1]
 [ 25   7   3   4   0  18  11]
 [ 63   5   5   9   1   9  11]]

NB
Classification_report:
             precision    recall  f1-score   support
          B       0.50      0.47      0.49       179
          C       0.05      0.10      0.07        20
          G       0.18      0.17      0.17        36
          M       0.27      0.41      0.33        59
          O       0.00      0.00      0.00         1
          P       0.37      0.40      0.38        68
          R       0.34      0.20      0.25       103

avg / total       0.37      0.35      0.36       466

[[85 15 18 26  0 16 19]
 [ 8  2  2  3  0  3  2]
 [15  1  6  5  0  4  5]
 [14  6  3 24  0  5  7]
 [ 0  0  0  0  0  0  1]
 [16  6  2 10  0 27  7]
 [31 10  3 20  0 18 21]]

DT
Classification_report:
             precision    recall  f1-score   support
          B       0.42      0.37      0.40       179
          C       0.00      0.00      0.00        20
          G       0.06      0.06      0.06        36
          M       0.22      0.19      0.20        59
          O       0.00      0.00      0.00         1
          P       0.25      0.28      0.26        68
          R       0.27      0.32      0.29       103

avg / total       0.29      0.28      0.29       466

[[67 13 18 16  2 27 36]
 [ 7  0  4  1  0  5  3]
 [21  2  2  2  0  3  6]
 [17  3  2 11  0  7 19]
 [ 0  0  0  0  0  0  1]
 [14  2  2  6  0 19 25]
 [33  1  7 13  0 16 33]]