SVM RBF
Classification_report:
             precision    recall  f1-score   support
          B       0.45      0.96      0.61       179
          C       0.00      0.00      0.00        20
          G       0.00      0.00      0.00        36
          M       1.00      0.02      0.03        59
          O       0.00      0.00      0.00         1
          P       0.72      0.26      0.39        68
          R       0.34      0.20      0.25       103

avg / total       0.48      0.45      0.35       466

[[171   0   0   0   0   1   7]
 [ 16   0   0   0   0   1   3]
 [ 35   0   0   0   0   0   1]
 [ 39   0   0   1   0   1  18]
 [  0   0   0   0   0   0   1]
 [ 39   0   0   0   0  18  11]
 [ 78   0   0   0   0   4  21]]

SVM linear
Classification_report:
             precision    recall  f1-score   support
          B       0.54      0.61      0.57       179
          C       0.00      0.00      0.00        20
          G       0.25      0.22      0.24        36
          M       0.26      0.29      0.27        59
          O       0.00      0.00      0.00         1
          P       0.54      0.50      0.52        68
          R       0.33      0.29      0.31       103

avg / total       0.41      0.42      0.42       466

[[109   6  16  21   0   8  19]
 [  9   0   2   2   0   3   4]
 [ 25   0   8   0   0   0   3]
 [ 14   2   1  17   0   5  20]
 [  0   0   0   0   0   0   1]
 [ 13   1   2   5   0  34  13]
 [ 32   5   3  20   0  13  30]]

KNN
Classification_report:
             precision    recall  f1-score   support
          B       0.44      0.61      0.51       179
          C       0.04      0.05      0.04        20
          G       0.14      0.08      0.10        36
          M       0.12      0.10      0.11        59
          O       0.00      0.00      0.00         1
          P       0.49      0.34      0.40        68
          R       0.22      0.15      0.18       103

avg / total       0.32      0.34      0.32       466

[[110  10  12  14   0   9  24]
 [ 11   1   1   3   0   1   3]
 [ 28   0   3   1   0   1   3]
 [ 31   3   0   6   0   4  15]
 [  0   0   0   0   0   0   1]
 [ 21   6   2   9   0  23   7]
 [ 50   8   4  17   0   9  15]]

NB
Classification_report:
             precision    recall  f1-score   support
          B       0.50      0.50      0.50       179
          C       0.07      0.10      0.08        20
          G       0.27      0.19      0.23        36
          M       0.24      0.34      0.28        59
          O       0.00      0.00      0.00         1
          P       0.35      0.40      0.37        68
          R       0.24      0.17      0.20       103

avg / total       0.35      0.35      0.35       466

[[90 10 16 24  0 18 21]
 [ 9  2  1  2  0  4  2]
 [21  0  7  2  0  1  5]
 [14  4  1 20  0  6 14]
 [ 0  0  0  0  0  0  1]
 [14  7  0  9  0 27 11]
 [32  7  1 25  0 21 17]]

DT
Classification_report:
             precision    recall  f1-score   support
          B       0.45      0.42      0.44       179
          C       0.07      0.05      0.06        20
          G       0.16      0.17      0.16        36
          M       0.10      0.12      0.11        59
          O       0.00      0.00      0.00         1
          P       0.21      0.19      0.20        68
          R       0.24      0.25      0.25       103

avg / total       0.28      0.28      0.28       466

[[76  4 14 28  1 22 34]
 [ 7  1  0  3  0  3  6]
 [14  0  6  5  0  3  8]
 [18  3  6  7  0  8 17]
 [ 0  0  0  0  0  1  0]
 [21  2  5 10  1 13 16]
 [34  5  6 19  0 13 26]]

CRF
Classification_report:
             precision    recall  f1-score   support
          B      0.508     0.888     0.646       179
          C      0.000     0.000     0.000        20
          G      0.000     0.000     0.000        36
          M      0.167     0.017     0.031        59
          O      0.000     0.000     0.000         1
          P      0.288     0.221     0.250        68
          R      0.284     0.262     0.273       103

avg / total      0.321     0.433     0.349       466
