SVM RBF
Classification_report:
             precision    recall  f1-score   support
          B       0.43      0.98      0.60       179
          C       0.00      0.00      0.00        20
          G       0.00      0.00      0.00        36
          M       0.00      0.00      0.00        59
          O       0.00      0.00      0.00         1
          P       0.78      0.21      0.33        68
          R       0.36      0.14      0.20       103

avg / total       0.36      0.44      0.32       466

[[176   0   0   0   0   0   3]
 [ 18   0   0   0   0   1   1]
 [ 36   0   0   0   0   0   0]
 [ 46   0   0   0   0   1  12]
 [  1   0   0   0   0   0   0]
 [ 45   0   0   0   0  14   9]
 [ 87   0   0   0   0   2  14]]

SVM linear
Classification_report:
             precision    recall  f1-score   support
          B       0.55      0.61      0.58       179
          C       0.00      0.00      0.00        20
          G       0.24      0.19      0.22        36
          M       0.27      0.29      0.28        59
          O       0.00      0.00      0.00         1
          P       0.52      0.54      0.53        68
          R       0.40      0.36      0.38       103

avg / total       0.43      0.45      0.44       466

[[110   4  16  18   0  12  19]
 [  9   0   2   2   0   4   3]
 [ 26   0   7   0   0   0   3]
 [ 17   1   0  17   0   5  19]
 [  0   0   0   0   0   1   0]
 [ 12   0   3   4   0  37  12]
 [ 27   3   1  23   0  12  37]]

KNN
Classification_report:
             precision    recall  f1-score   support
          B       0.46      0.67      0.55       179
          C       0.00      0.00      0.00        20
          G       0.09      0.06      0.07        36
          M       0.13      0.10      0.11        59
          O       0.00      0.00      0.00         1
          P       0.44      0.28      0.34        68
          R       0.23      0.16      0.19       103

avg / total       0.32      0.35      0.32       466

[[120   8   8  11   0   9  23]
 [ 12   0   0   4   0   1   3]
 [ 28   0   2   1   0   1   4]
 [ 32   1   2   6   0   3  15]
 [  0   0   0   0   0   0   1]
 [ 24   5   5   8   0  19   7]
 [ 45  11   5  16   0  10  16]]

NB
Classification_report:
             precision    recall  f1-score   support
          B       0.51      0.57      0.54       179
          C       0.04      0.05      0.04        20
          G       0.27      0.17      0.21        36
          M       0.31      0.39      0.34        59
          O       0.00      0.00      0.00         1
          P       0.43      0.43      0.43        68
          R       0.29      0.21      0.25       103

avg / total       0.38      0.39      0.39       466

[[102   6  12  19   0  16  24]
 [ 11   1   1   2   0   2   3]
 [ 20   2   6   1   0   1   6]
 [ 16   3   1  23   0   6  10]
 [  0   0   0   0   0   0   1]
 [ 16   6   0   7   0  29  10]
 [ 34   8   2  23   0  14  22]]

DT
Classification_report:
             precision    recall  f1-score   support
          B       0.41      0.38      0.39       179
          C       0.04      0.05      0.05        20
          G       0.06      0.06      0.06        36
          M       0.14      0.15      0.15        59
          O       0.00      0.00      0.00         1
          P       0.27      0.28      0.28        68
          R       0.20      0.21      0.20       103

avg / total       0.27      0.26      0.26       466

[[68 11 13 28  0 23 36]
 [ 7  1  1  2  0  3  6]
 [16  3  2  2  0  3 10]
 [19  3  6  9  0  7 15]
 [ 0  0  0  1  0  0  0]
 [17  2  2  5  0 19 23]
 [39  3  7 17  0 15 22]]
