SVM RBF
Classification_report:
             precision    recall  f1-score   support
          B       0.45      0.92      0.61       179
          C       0.00      0.00      0.00        20
          G       0.00      0.00      0.00        36
          M       0.67      0.10      0.18        59
          O       0.00      0.00      0.00         1
          P       0.71      0.29      0.42        68
          R       0.26      0.17      0.21       103

avg / total       0.42      0.45      0.36       466

[[164   0   0   1   0   2  12]
 [ 16   0   0   0   0   1   3]
 [ 34   0   0   0   0   0   2]
 [ 30   0   0   6   0   1  22]
 [  0   0   0   0   0   0   1]
 [ 38   0   0   0   0  20  10]
 [ 79   0   0   2   0   4  18]]

SVM linear
Classification_report:
             precision    recall  f1-score   support
          B       0.51      0.58      0.54       179
          C       0.06      0.05      0.05        20
          G       0.21      0.17      0.19        36
          M       0.25      0.27      0.26        59
          O       0.00      0.00      0.00         1
          P       0.52      0.49      0.50        68
          R       0.30      0.26      0.28       103

avg / total       0.39      0.40      0.39       466

[[103   6  17  19   0   9  25]
 [  9   1   2   2   0   3   3]
 [ 28   0   6   0   0   0   2]
 [ 14   3   1  16   0   6  19]
 [  0   0   0   0   0   0   1]
 [ 14   0   1   7   0  33  13]
 [ 33   8   1  21   0  13  27]]

KNN
Classification_report:
             precision    recall  f1-score   support
          B       0.44      0.64      0.52       179
          C       0.00      0.00      0.00        20
          G       0.09      0.06      0.07        36
          M       0.22      0.19      0.20        59
          O       0.00      0.00      0.00         1
          P       0.43      0.26      0.33        68
          R       0.21      0.14      0.17       103

avg / total       0.31      0.34      0.31       466

[[114   9  10  16   0  10  20]
 [ 12   0   1   2   0   1   4]
 [ 29   0   2   1   0   1   3]
 [ 27   0   1  11   0   3  17]
 [  0   0   0   0   0   0   1]
 [ 28   8   3   4   0  18   7]
 [ 52   5   5  17   1   9  14]]

NB
Classification_report:
             precision    recall  f1-score   support
          B       0.49      0.48      0.48       179
          C       0.03      0.05      0.04        20
          G       0.26      0.25      0.26        36
          M       0.26      0.39      0.32        59
          O       0.00      0.00      0.00         1
          P       0.37      0.38      0.37        68
          R       0.28      0.17      0.21       103

avg / total       0.36      0.35      0.35       466

[[86 13 19 26  0 17 18]
 [11  1  2  1  0  3  2]
 [18  0  9  3  0  1  5]
 [13  4  1 23  0  5 13]
 [ 0  0  0  0  0  0  1]
 [18  5  1 10  0 26  8]
 [31  9  2 24  0 19 18]]

DT
Classification_report:
             precision    recall  f1-score   support
          B       0.44      0.40      0.42       179
          C       0.05      0.05      0.05        20
          G       0.09      0.08      0.08        36
          M       0.18      0.19      0.18        59
          O       0.00      0.00      0.00         1
          P       0.21      0.25      0.23        68
          R       0.27      0.26      0.26       103

avg / total       0.29      0.28      0.28       466

[[72  7 18 19  2 29 32]
 [ 6  1  1  5  0  1  6]
 [17  5  3  1  0  4  6]
 [17  1  4 11  0 14 12]
 [ 0  0  0  0  0  0  1]
 [21  4  4  5  0 17 17]
 [31  3  5 21  0 16 27]]