SVM RBF
Classification_report:
             precision    recall  f1-score   support
          B       0.43      0.88      0.58       179
          C       0.00      0.00      0.00        20
          G       0.00      0.00      0.00        36
          M       0.44      0.07      0.12        59
          O       0.00      0.00      0.00         1
          P       0.57      0.24      0.33        68
          R       0.20      0.12      0.15       103

avg / total       0.35      0.41      0.32       466

[[158   0   0   1   0   4  16]
 [ 17   0   0   0   0   2   1]
 [ 31   0   0   0   0   0   5]
 [ 40   0   0   4   0   2  13]
 [  1   0   0   0   0   0   0]
 [ 40   0   0   0   0  16  12]
 [ 83   0   0   4   0   4  12]]

SVM linear
Classification_report:
             precision    recall  f1-score   support
          B       0.46      0.59      0.52       179
          C       0.05      0.05      0.05        20
          G       0.23      0.19      0.21        36
          M       0.20      0.19      0.19        59
          O       0.00      0.00      0.00         1
          P       0.44      0.35      0.39        68
          R       0.21      0.16      0.18       103

avg / total       0.33      0.35      0.34       466

[[106  10  16  14   1  10  22]
 [ 11   1   1   1   0   2   4]
 [ 23   2   7   1   0   1   2]
 [ 21   1   0  11   0   5  21]
 [  0   0   0   0   0   0   1]
 [ 19   6   3   7   0  24   9]
 [ 48   2   4  20   0  13  16]]

KNN
Classification_report:
             precision    recall  f1-score   support
          B       0.45      0.71      0.55       179
          C       0.00      0.00      0.00        20
          G       0.10      0.06      0.07        36
          M       0.25      0.15      0.19        59
          O       0.00      0.00      0.00         1
          P       0.36      0.21      0.26        68
          R       0.20      0.14      0.16       103

avg / total       0.31      0.36      0.32       466

[[127   4   8  10   0   8  22]
 [ 13   0   1   1   0   1   4]
 [ 23   1   2   5   0   3   2]
 [ 31   1   2   9   0   2  14]
 [  0   0   0   0   0   0   1]
 [ 28   7   1   4   0  14  14]
 [ 59   6   6   7   0  11  14]]

NB
Classification_report:
             precision    recall  f1-score   support
          B       0.47      0.53      0.50       179
          C       0.04      0.05      0.05        20
          G       0.19      0.19      0.19        36
          M       0.23      0.29      0.26        59
          O       0.00      0.00      0.00         1
          P       0.30      0.25      0.27        68
          R       0.14      0.10      0.11       103

avg / total       0.30      0.32      0.30       466

[[95  8 19 19  0 15 23]
 [ 9  1  2  1  0  4  3]
 [18  0  7  2  0  2  7]
 [15  3  5 17  0  4 15]
 [ 0  0  0  1  0  0  0]
 [25  3  0  9  0 17 14]
 [42  8  3 25  0 15 10]]

DT
Classification_report:
             precision    recall  f1-score   support
          B       0.43      0.42      0.43       179
          C       0.00      0.00      0.00        20
          G       0.05      0.06      0.05        36
          M       0.13      0.12      0.12        59
          O       0.00      0.00      0.00         1
          P       0.31      0.34      0.32        68
          R       0.26      0.26      0.26       103

avg / total       0.29      0.29      0.29       466

[[75  8 16 18  1 22 39]
 [ 9  0  2  1  0  5  3]
 [22  1  2  3  0  3  5]
 [17  1  6  7  0  9 19]
 [ 1  0  0  0  0  0  0]
 [19  3  5  6  0 23 12]
 [30  6  8 19  0 13 27]]
