SVM RBF
Classification_report:
             precision    recall  f1-score   support
          B       0.46      0.81      0.58       256
          C       0.00      0.00      0.00        40
          G       0.00      0.00      0.00        72
          M       0.00      0.00      0.00       104
          O       0.00      0.00      0.00         7
          P       0.72      0.49      0.58       133
          R       0.43      0.56      0.48       220

avg / total       0.37      0.47      0.40       832

[[207   0   0   0   0   3  46]
 [ 20   0   0   0   0   4  16]
 [ 66   0   0   0   0   0   6]
 [ 37   0   0   0   0   3  64]
 [  0   0   0   0   0   4   3]
 [ 37   0   0   0   0  65  31]
 [ 86   0   0   0   0  11 123]]

SVM linear
Classification_report:
             precision    recall  f1-score   support
          B       0.48      0.59      0.53       256
          C       0.19      0.12      0.15        40
          G       0.41      0.31      0.35        72
          M       0.37      0.37      0.37       104
          O       0.25      0.14      0.18         7
          P       0.68      0.63      0.65       133
          R       0.45      0.43      0.44       220

avg / total       0.47      0.47      0.47       832

[[150   7  26  19   0  10  44]
 [ 15   5   1   2   1   4  12]
 [ 44   0  22   0   0   2   4]
 [ 23   1   1  38   0   4  37]
 [  0   1   0   0   1   3   2]
 [ 23   2   1   7   0  84  16]
 [ 56  10   3  38   2  17  94]]

KNN
Classification_report:
             precision    recall  f1-score   support
          B       0.41      0.52      0.46       256
          C       0.08      0.03      0.04        40
          G       0.15      0.12      0.13        72
          M       0.17      0.19      0.18       104
          O       1.00      0.29      0.44         7
          P       0.42      0.35      0.38       133
          R       0.32      0.29      0.30       220

avg / total       0.32      0.33      0.32       832

[[134   2  20  32   0  23  45]
 [ 16   1   2   5   0   4  12]
 [ 42   1   9   1   0   5  14]
 [ 27   1   6  20   0   8  42]
 [  1   0   0   1   2   1   2]
 [ 33   4  10  20   0  47  19]
 [ 75   4  15  39   0  24  63]]

NB
Classification_report:
             precision    recall  f1-score   support
          B       0.49      0.47      0.48       256
          C       0.06      0.12      0.08        40
          G       0.24      0.31      0.27        72
          M       0.20      0.24      0.22       104
          O       0.00      0.00      0.00         7
          P       0.42      0.32      0.36       133
          R       0.36      0.31      0.34       220

avg / total       0.36      0.34      0.35       832

[[121  23  36  28   0  14  34]
 [ 13   5   5   3   0   5   9]
 [ 30   5  22   4   0   2   9]
 [ 17   3   8  25   0  13  38]
 [  0   0   0   2   0   1   4]
 [ 19  19   7  19   0  42  27]
 [ 45  25  12  46   0  23  69]]

DT
Classification_report:
             precision    recall  f1-score   support
          B       0.34      0.35      0.34       256
          C       0.03      0.03      0.03        40
          G       0.13      0.15      0.14        72
          M       0.14      0.18      0.16       104
          O       0.00      0.00      0.00         7
          P       0.28      0.21      0.24       133
          R       0.32      0.30      0.31       220

avg / total       0.26      0.26      0.26       832

[[89 10 38 34  5 22 58]
 [17  1  4  2  0  6 10]
 [33  2 11  5  1  8 12]
 [30  4  7 19  2 12 30]
 [ 2  0  0  1  0  0  4]
 [28  6  7 30  3 28 31]
 [62  6 16 42  3 24 67]]
