SVM RBF
Classification_report:
             precision    recall  f1-score   support
          B       0.47      0.78      0.58       256
          C       0.00      0.00      0.00        40
          G       0.00      0.00      0.00        72
          M       1.00      0.01      0.02       104
          O       0.00      0.00      0.00         7
          P       0.74      0.53      0.62       133
          R       0.42      0.59      0.49       220

avg / total       0.50      0.48      0.41       832

[[200   0   0   0   0   3  53]
 [ 18   0   0   0   0   4  18]
 [ 67   0   0   0   0   0   5]
 [ 30   0   0   1   0   4  69]
 [  0   0   0   0   0   4   3]
 [ 33   0   0   0   0  70  30]
 [ 81   0   0   0   0   9 130]]

SVM linear
Classification_report:
             precision    recall  f1-score   support
          B       0.48      0.54      0.51       256
          C       0.12      0.07      0.09        40
          G       0.38      0.33      0.35        72
          M       0.36      0.35      0.35       104
          O       0.33      0.14      0.20         7
          P       0.62      0.58      0.60       133
          R       0.43      0.44      0.44       220

avg / total       0.45      0.45      0.45       832

[[139   8  33  20   0  12  44]
 [ 17   3   0   1   0   7  12]
 [ 42   0  24   2   0   0   4]
 [ 20   0   2  36   0   5  41]
 [  0   1   0   0   1   3   2]
 [ 19   5   3   5   0  77  24]
 [ 53   9   2  37   2  20  97]]

KNN
Classification_report:
             precision    recall  f1-score   support
          B       0.42      0.57      0.48       256
          C       0.05      0.03      0.03        40
          G       0.15      0.11      0.13        72
          M       0.18      0.19      0.19       104
          O       0.25      0.14      0.18         7
          P       0.47      0.38      0.42       133
          R       0.33      0.28      0.30       220

avg / total       0.33      0.35      0.33       832

[[147   7  16  23   1  17  45]
 [ 14   1   3   7   0   4  11]
 [ 49   1   8   1   0   2  11]
 [ 28   3   6  20   0   7  40]
 [  0   1   0   0   1   1   4]
 [ 44   4   6  15   1  50  13]
 [ 71   4  15  43   1  25  61]]

NB
Classification_report:
             precision    recall  f1-score   support
          B       0.51      0.48      0.50       256
          C       0.10      0.20      0.13        40
          G       0.23      0.28      0.25        72
          M       0.19      0.25      0.22       104
          O       0.00      0.00      0.00         7
          P       0.43      0.33      0.37       133
          R       0.33      0.28      0.30       220

avg / total       0.36      0.34      0.35       832

[[124  20  37  31   0  13  31]
 [ 11   8   4   1   0   5  11]
 [ 27   5  20   3   0   6  11]
 [ 17   2  10  26   0  10  39]
 [  0   0   0   1   0   1   5]
 [ 20  20   4  19   0  44  26]
 [ 44  25  11  56   0  23  61]]

DT
Classification_report:
             precision    recall  f1-score   support
          B       0.32      0.30      0.31       256
          C       0.09      0.10      0.09        40
          G       0.10      0.10      0.10        72
          M       0.15      0.14      0.14       104
          O       0.00      0.00      0.00         7
          P       0.28      0.32      0.30       133
          R       0.27      0.26      0.27       220

avg / total       0.25      0.24      0.24       832

[[77 16 35 37  1 32 58]
 [12  4  5  2  0  4 13]
 [28  4  7  8  1 16  8]
 [21  2  6 15  1 19 40]
 [ 2  0  0  1  0  2  2]
 [31 10  8  9  0 42 33]
 [68 11 12 31  4 36 58]]
