SVM RBF
Classification_report:
             precision    recall  f1-score   support
          B       0.47      0.75      0.58       256
          C       0.00      0.00      0.00        40
          G       0.00      0.00      0.00        72
          M       1.00      0.02      0.04       104
          O       0.00      0.00      0.00         7
          P       0.73      0.52      0.61       133
          R       0.40      0.60      0.48       220

avg / total       0.49      0.47      0.41       832

[[192   0   0   0   0   5  59]
 [ 17   0   0   0   0   4  19]
 [ 62   0   0   0   0   1   9]
 [ 27   0   0   2   0   5  70]
 [  0   0   0   0   0   3   4]
 [ 32   0   0   0   0  69  32]
 [ 81   0   0   0   0   8 131]]

SVM linear
Classification_report:
             precision    recall  f1-score   support
          B       0.48      0.54      0.51       256
          C       0.18      0.17      0.18        40
          G       0.33      0.31      0.32        72
          M       0.30      0.36      0.32       104
          O       0.25      0.14      0.18         7
          P       0.56      0.52      0.54       133
          R       0.44      0.37      0.40       220

avg / total       0.43      0.43      0.43       832

[[139  10  29  30   0  12  36]
 [ 14   7   3   2   0  10   4]
 [ 35   1  22   3   0   2   9]
 [ 21   1   1  37   0   6  38]
 [  0   1   0   0   1   3   2]
 [ 24   5   8  12   0  69  15]
 [ 57  14   4  40   3  21  81]]

KNN
Classification_report:
             precision    recall  f1-score   support
          B       0.40      0.54      0.46       256
          C       0.09      0.07      0.08        40
          G       0.12      0.08      0.10        72
          M       0.19      0.20      0.20       104
          O       0.25      0.14      0.18         7
          P       0.51      0.44      0.48       133
          R       0.33      0.26      0.29       220

avg / total       0.33      0.34      0.33       832

[[138  12  18  27   1  18  42]
 [ 14   3   2   7   0   5   9]
 [ 47   2   6   3   0   3  11]
 [ 30   2   7  21   0   5  39]
 [  1   0   0   0   1   2   3]
 [ 37   5   3  15   0  59  14]
 [ 79   9  12  37   2  23  58]]

NB
Classification_report:
             precision    recall  f1-score   support
          B       0.47      0.45      0.46       256
          C       0.07      0.12      0.09        40
          G       0.20      0.24      0.22        72
          M       0.22      0.34      0.27       104
          O       0.00      0.00      0.00         7
          P       0.36      0.28      0.31       133
          R       0.36      0.27      0.31       220

avg / total       0.35      0.32      0.33       832

[[115  21  37  37   0  11  35]
 [ 12   5   5   3   0   7   8]
 [ 31   6  17   6   0   5   7]
 [ 14   3   7  35   0  14  31]
 [  2   0   0   2   0   1   2]
 [ 20  19   7  25   0  37  25]
 [ 50  21  12  50   0  27  60]]

DT
Classification_report:
             precision    recall  f1-score   support
          B       0.42      0.37      0.39       256
          C       0.02      0.03      0.02        40
          G       0.14      0.15      0.14        72
          M       0.14      0.15      0.15       104
          O       0.00      0.00      0.00         7
          P       0.23      0.23      0.23       133
          R       0.35      0.35      0.35       220

avg / total       0.29      0.28      0.28       832

[[94 20 31 23  2 29 57]
 [ 6  1  6  8  0  5 14]
 [18  6 11 12  1 14 10]
 [26  6  7 16  0 20 29]
 [ 1  1  0  2  0  2  1]
 [29  8 11 17  0 31 37]
 [49  9 14 34  4 32 78]]
