SVM RBF
Classification_report:
             precision    recall  f1-score   support
          B       0.39      0.71      0.50       256
          C       0.00      0.00      0.00        40
          G       0.00      0.00      0.00        72
          M       0.43      0.03      0.05       104
          O       0.00      0.00      0.00         7
          P       0.60      0.29      0.39       133
          R       0.35      0.47      0.40       220

avg / total       0.36      0.39      0.33       832

[[182   0   0   0   0   6  68]
 [ 26   0   0   0   0   3  11]
 [ 59   0   0   0   0   1  12]
 [ 38   0   0   3   0   5  58]
 [  1   0   0   0   0   2   4]
 [ 56   0   0   1   0  39  37]
 [105   0   0   3   0   9 103]]

SVM linear
Classification_report:
             precision    recall  f1-score   support
          B       0.45      0.60      0.51       256
          C       0.14      0.07      0.10        40
          G       0.42      0.26      0.32        72
          M       0.20      0.16      0.18       104
          O       0.12      0.14      0.13         7
          P       0.45      0.35      0.40       133
          R       0.37      0.38      0.37       220

avg / total       0.38      0.39      0.38       832

[[153   2  17  13   0  18  53]
 [ 18   3   1   1   0   5  12]
 [ 39   1  19   3   0   4   6]
 [ 27   2   2  17   2  10  44]
 [  0   0   0   1   1   2   3]
 [ 36   7   3  12   2  47  26]
 [ 69   7   3  36   3  18  84]]

KNN
Classification_report:
             precision    recall  f1-score   support
          B       0.38      0.53      0.44       256
          C       0.05      0.05      0.05        40
          G       0.07      0.06      0.06        72
          M       0.19      0.16      0.18       104
          O       0.00      0.00      0.00         7
          P       0.47      0.35      0.40       133
          R       0.29      0.25      0.27       220

avg / total       0.30      0.31      0.30       832

[[135  12  19  19   0  25  46]
 [ 19   2   5   3   0   2   9]
 [ 45   5   4   4   0   1  13]
 [ 39   3   3  17   0   5  37]
 [  1   0   0   1   0   2   3]
 [ 37   5   7  11   2  46  25]
 [ 82  11  21  35   0  16  55]]

NB
Classification_report:
             precision    recall  f1-score   support
          B       0.42      0.52      0.47       256
          C       0.07      0.12      0.09        40
          G       0.22      0.22      0.22        72
          M       0.16      0.18      0.17       104
          O       0.12      0.14      0.13         7
          P       0.36      0.23      0.28       133
          R       0.32      0.24      0.27       220

avg / total       0.32      0.31      0.31       832

[[133  19  31  27   1   9  36]
 [ 15   5   5   2   0   6   7]
 [ 34   8  16   3   0   4   7]
 [ 26   4   7  19   0  12  36]
 [  1   0   0   1   1   1   3]
 [ 33  16   9  22   2  31  20]
 [ 71  19   6  44   4  24  52]]

DT
Classification_report:
             precision    recall  f1-score   support
          B       0.41      0.36      0.38       256
          C       0.07      0.07      0.07        40
          G       0.17      0.19      0.18        72
          M       0.21      0.22      0.22       104
          O       0.00      0.00      0.00         7
          P       0.22      0.26      0.24       133
          R       0.28      0.28      0.28       220

avg / total       0.28      0.27      0.28       832

[[91  9 26 26  0 37 67]
 [ 9  3  3  3  0 10 12]
 [27  2 14  8  0  8 13]
 [17  8 11 23  2 15 28]
 [ 0  2  0  1  0  2  2]
 [30  9 11  9  1 34 39]
 [48  9 15 37  2 47 62]]