SVM RBF
Classification_report:
             precision    recall  f1-score   support
          B       0.43      0.89      0.58       179
          C       0.00      0.00      0.00        20
          G       0.00      0.00      0.00        36
          M       0.67      0.03      0.06        59
          O       0.00      0.00      0.00         1
          P       0.52      0.21      0.29        68
          R       0.26      0.17      0.20       103

avg / total       0.38      0.41      0.32       466

[[159   0   0   0   0   3  17]
 [ 17   0   0   0   0   1   2]
 [ 33   0   0   0   0   0   3]
 [ 41   0   0   2   0   3  13]
 [  0   0   0   0   0   0   1]
 [ 42   0   0   0   0  14  12]
 [ 79   0   0   1   0   6  17]]

SVM linear
Classification_report:
             precision    recall  f1-score   support
          B       0.45      0.56      0.50       179
          C       0.00      0.00      0.00        20
          G       0.29      0.22      0.25        36
          M       0.18      0.17      0.17        59
          O       0.00      0.00      0.00         1
          P       0.38      0.34      0.36        68
          R       0.28      0.19      0.23       103

avg / total       0.34      0.35      0.34       466

[[101  11  14  20   0  14  19]
 [  9   0   0   1   0   4   6]
 [ 24   0   8   1   0   1   2]
 [ 21   4   2  10   0   7  15]
 [  0   0   0   1   0   0   0]
 [ 24   5   1   6   0  23   9]
 [ 44   7   3  18   0  11  20]]

KNN
Classification_report:
             precision    recall  f1-score   support
          B       0.45      0.70      0.55       179
          C       0.05      0.05      0.05        20
          G       0.17      0.11      0.14        36
          M       0.26      0.17      0.21        59
          O       0.00      0.00      0.00         1
          P       0.16      0.12      0.14        68
          R       0.26      0.15      0.19       103

avg / total       0.30      0.35      0.31       466

[[126   6   9   9   0  16  13]
 [ 12   1   1   3   0   1   2]
 [ 27   1   4   1   0   0   3]
 [ 32   3   3  10   0   4   7]
 [  1   0   0   0   0   0   0]
 [ 31   5   1   5   0   8  18]
 [ 48   4   5  10   0  21  15]]

NB
Classification_report:
             precision    recall  f1-score   support
          B       0.46      0.52      0.49       179
          C       0.08      0.10      0.09        20
          G       0.20      0.17      0.18        36
          M       0.20      0.25      0.22        59
          O       0.00      0.00      0.00         1
          P       0.27      0.31      0.29        68
          R       0.11      0.06      0.08       103

avg / total       0.28      0.31      0.29       466

[[93  7 19 21  0 20 19]
 [ 9  2  1  2  0  4  2]
 [20  1  6  3  0  4  2]
 [20  2  1 15  0  5 16]
 [ 0  0  0  1  0  0  0]
 [21  5  0  9  0 21 12]
 [38  7  3 24  0 25  6]]

DT
Classification_report:
             precision    recall  f1-score   support
          B       0.41      0.41      0.41       179
          C       0.00      0.00      0.00        20
          G       0.07      0.06      0.06        36
          M       0.20      0.22      0.21        59
          O       0.00      0.00      0.00         1
          P       0.21      0.22      0.22        68
          R       0.26      0.24      0.25       103

avg / total       0.28      0.28      0.28       466

[[74  7 18 19  0 21 40]
 [ 6  0  3  2  0  5  4]
 [18  1  2  6  0  4  5]
 [18  5  1 13  1  7 14]
 [ 0  0  0  1  0  0  0]
 [26  6  3  8  0 15 10]
 [37  3  3 17  0 18 25]]

CRF
Classification_report:
             precision    recall  f1-score   support
          B      0.476     0.894     0.621       179
          C      0.000     0.000     0.000        20
          G      0.000     0.000     0.000        36
          M      0.250     0.034     0.060        59
          O      0.000     0.000     0.000         1
          P      0.231     0.176     0.200        68
          R      0.371     0.252     0.301       103

avg / total      0.330     0.429     0.342       466
