SVM RBF
Classification_report:
             precision    recall  f1-score   support

          B       0.43      0.47      0.45        77
          C       0.00      0.00      0.00        20
          G       0.33      0.19      0.25        36
          M       0.00      0.00      0.00        45
          O       0.00      0.00      0.00         6
          P       0.63      0.48      0.54        65
          R       0.42      0.77      0.55       117

avg / total       0.37      0.45      0.39       366

[[36  0  5  0  0  4 32]
 [ 2  0  0  0  0  1 17]
 [12  0  7  0  0  2 15]
 [ 9  0  3  0  0  4 29]
 [ 1  0  1  0  0  1  3]
 [ 6  0  2  0  0 31 26]
 [17  0  3  1  0  6 90]]

SVM linear
Classification_report:
             precision    recall  f1-score   support

          B       0.40      0.36      0.38        77
          C       0.00      0.00      0.00        20
          G       0.25      0.03      0.05        36
          M       0.00      0.00      0.00        45
          O       0.00      0.00      0.00         6
          P       0.36      0.48      0.41        65
          R       0.43      0.76      0.55       117

avg / total       0.31      0.41      0.33       366

[[28  0  3  0  0 19 27]
 [ 2  0  0  0  0  2 16]
 [11  0  1  0  0  8 16]
 [ 6  0  0  0  0  9 30]
 [ 0  0  0  0  0  3  3]
 [ 8  0  0  0  0 31 26]
 [15  0  0  0  0 13 89]]

KNN
Classification_report:
             precision    recall  f1-score   support

          B       0.31      0.58      0.41        77
          C       0.12      0.15      0.13        20
          G       0.32      0.36      0.34        36
          M       0.23      0.20      0.21        45
          O       0.00      0.00      0.00         6
          P       0.35      0.22      0.27        65
          R       0.42      0.26      0.32       117

avg / total       0.33      0.31      0.30       366

[[45  3  8  6  0  3 12]
 [ 8  3  1  1  0  4  3]
 [11  1 13  2  0  2  7]
 [18  1  5  9  0  3  9]
 [ 3  0  0  1  0  1  1]
 [16  9  7  6  3 14 10]
 [44  8  7 14  1 13 30]]

NB
Classification_report:
             precision    recall  f1-score   support

          B       0.60      0.04      0.07        77
          C       0.05      0.10      0.07        20
          G       0.00      0.00      0.00        36
          M       0.14      0.18      0.15        45
          O       0.00      0.00      0.00         6
          P       0.20      0.46      0.28        65
          R       0.46      0.22      0.30       117

avg / total       0.33      0.19      0.18       366

[[ 3  5  1 16 13 27 12]
 [ 0  2  0  3  4  9  2]
 [ 1  4  0  5  5 16  5]
 [ 0  3  0  8  8 18  8]
 [ 0  2  0  2  0  2  0]
 [ 0 10  1 10 10 30  4]
 [ 1 15  0 15 15 45 26]]

DT
Classification_report:
             precision    recall  f1-score   support

          B       0.33      0.40      0.36        77
          C       0.11      0.10      0.10        20
          G       0.24      0.25      0.25        36
          M       0.24      0.22      0.23        45
          O       0.00      0.00      0.00         6
          P       0.37      0.43      0.40        65
          R       0.42      0.34      0.38       117

avg / total       0.33      0.33      0.33       366

[[31  4  9  5  0 14 14]
 [ 3  2  1  1  0  6  7]
 [ 8  2  9  5  0  2 10]
 [11  0  5 10  1  5 13]
 [ 1  0  1  0  0  2  2]
 [13  6  3  5  0 28 10]
 [27  5  9 16  2 18 40]]

CRF
Classification_report:
             precision    recall  f1-score   support

          B       0.56      0.52      0.54        77
          C       0.33      0.20      0.25        20
          G       0.37      0.28      0.32        36
          M       0.24      0.20      0.22        45
          O       0.00      0.00      0.00         6
          P       0.57      0.48      0.52        65
          R       0.49      0.68      0.57       117

avg / total       0.46      0.48      0.46       366

CRF 2.0
Classification_report:
             precision    recall  f1-score   support

          B       0.69      0.66      0.68        77
          C       0.27      0.15      0.19        20
          G       0.50      0.47      0.49        36
          M       0.24      0.20      0.22        45
          O       0.00      0.00      0.00         6
          P       0.58      0.52      0.55        65
          R       0.52      0.67      0.58       117

avg / total       0.51      0.52      0.51       366


SVM RBF
Classification_report:
             precision    recall  f1-score   support

          B       0.81      0.87      0.84       179
          C       0.00      0.00      0.00        20
          G       0.70      0.58      0.64        36
          M       0.43      0.31      0.36        59
          O       0.00      0.00      0.00         1
          P       0.74      0.59      0.66        68
          R       0.50      0.72      0.59       102

avg / total       0.64      0.66      0.64       465

[[155   0   8   2   0   7   7]
 [  1   0   0   0   0   0  19]
 [ 14   0  21   0   0   1   0]
 [  1   0   0  18   0   2  38]
 [  0   0   0   0   0   1   0]
 [ 14   0   0   4   0  40  10]
 [  7   0   1  18   0   3  73]]

SVM linear
Classification_report:
             precision    recall  f1-score   support

          B       0.64      0.92      0.76       179
          C       0.00      0.00      0.00        20
          G       0.00      0.00      0.00        36
          M       0.39      0.12      0.18        59
          O       0.00      0.00      0.00         1
          P       0.56      0.15      0.23        68
          R       0.49      0.83      0.62       102

avg / total       0.49      0.57      0.48       465

[[164   0   0   1   0   5   9]
 [  0   0   0   1   0   0  19]
 [ 34   0   0   0   0   2   0]
 [  4   0   0   7   0   0  48]
 [  1   0   0   0   0   0   0]
 [ 44   1   0   1   0  10  12]
 [  8   0   0   8   0   1  85]]

KNN
Classification_report:
             precision    recall  f1-score   support

          B       0.71      0.87      0.78       179
          C       0.11      0.10      0.11        20
          G       0.76      0.44      0.56        36
          M       0.41      0.41      0.41        59
          O       0.00      0.00      0.00         1
          P       0.75      0.60      0.67        68
          R       0.45      0.41      0.43       102

avg / total       0.60      0.60      0.59       465

[[156   1   3   2   0  10   7]
 [  1   2   0   2   0   0  15]
 [ 19   0  16   0   0   1   0]
 [  5   2   0  24   0   1  27]
 [  0   0   0   0   0   1   0]
 [ 16   0   1   7   0  41   3]
 [ 22  13   1  23   0   1  42]]

NB
Classification_report:
             precision    recall  f1-score   support

          B       0.51      0.43      0.47       179
          C       0.18      0.80      0.30        20
          G       0.18      0.64      0.28        36
          M       0.31      0.15      0.20        59
          O       0.00      0.00      0.00         1
          P       0.23      0.22      0.23        68
          R       0.00      0.00      0.00       102

avg / total       0.29      0.30      0.27       465

[[77  6 82  0  0 14  0]
 [ 0 16  0  2  0  2  0]
 [13  0 23  0  0  0  0]
 [24 13  0  9  0 12  1]
 [ 0  0  1  0  0  0  0]
 [23  5 18  3  4 15  0]
 [15 47  3 15  0 22  0]]

DT
Classification_report:
             precision    recall  f1-score   support

          B       0.77      0.90      0.83       179
          C       0.25      0.30      0.27        20
          G       0.82      0.50      0.62        36
          M       0.40      0.42      0.41        59
          O       0.00      0.00      0.00         1
          P       0.71      0.60      0.65        68
          R       0.50      0.44      0.47       102

avg / total       0.64      0.64      0.63       465

[[161   1   4   4   0   4   5]
 [  0   6   0   2   0   2  10]
 [ 18   0  18   0   0   0   0]
 [  5   2   0  25   0   3  24]
 [  0   0   0   0   0   1   0]
 [ 13   2   0   6   0  41   6]
 [ 11  13   0  26   0   7  45]]

CRF
Classification_report:
             precision    recall  f1-score   support

          B       0.84      0.94      0.89       179
          C       0.50      0.15      0.23        20
          G       0.79      0.53      0.63        36
          M       0.51      0.39      0.44        59
          O       0.00      0.00      0.00         1
          P       0.85      0.74      0.79        68
          R       0.56      0.72      0.63       102

avg / total       0.72      0.72      0.71       465

CRF 2.0
Classification_report:
             precision    recall  f1-score   support

          B       1.00      1.00      1.00       179
          C       0.67      0.50      0.57        20
          G       1.00      1.00      1.00        36
          M       0.92      0.92      0.92        59
          O       0.00      0.00      0.00         1
          P       0.97      0.90      0.93        68
          R       0.82      0.91      0.87       102

avg / total       0.93      0.93      0.93       465


SVM RBF
Classification_report:
             precision    recall  f1-score   support

          B       0.71      0.77      0.74       256
          C       0.00      0.00      0.00        40
          G       0.59      0.51      0.55        72
          M       0.34      0.12      0.18       104
          O       0.00      0.00      0.00         7
          P       0.70      0.52      0.60       133
          R       0.47      0.75      0.58       219

avg / total       0.55      0.58      0.55       831

[[198   0  10   6   0  11  31]
 [  4   0   0   1   0   1  34]
 [ 19   0  37   1   0   3  12]
 [ 13   0   5  13   0   3  70]
 [  0   0   1   0   0   2   4]
 [ 22   0   3   2   0  69  37]
 [ 23   0   7  15   0   9 165]]

SVM linear
Classification_report:
             precision    recall  f1-score   support

          B       0.52      0.80      0.63       256
          C       0.00      0.00      0.00        40
          G       0.00      0.00      0.00        72
          M       0.00      0.00      0.00       104
          O       0.00      0.00      0.00         7
          P       0.28      0.11      0.15       133
          R       0.47      0.82      0.60       219

avg / total       0.33      0.48      0.38       831

[[206   0   0   0   0  14  36]
 [  3   0   0   0   0   1  36]
 [ 55   0   0   1   0   2  14]
 [ 18   0   0   0   0   8  78]
 [  3   0   0   0   0   1   3]
 [ 86   0   0   0   0  14  33]
 [ 29   0   0   1   0  10 179]]

KNN
Classification_report:
             precision    recall  f1-score   support

          B       0.56      0.71      0.63       256
          C       0.16      0.17      0.17        40
          G       0.44      0.33      0.38        72
          M       0.28      0.24      0.26       104
          O       0.00      0.00      0.00         7
          P       0.56      0.42      0.48       133
          R       0.44      0.42      0.43       219

avg / total       0.46      0.47      0.46       831

[[183   6  12  12   0  17  26]
 [  6   7   0   4   0   2  21]
 [ 31   0  24   5   0   2  10]
 [ 25   1   7  25   1   7  38]
 [  2   0   1   0   0   2   2]
 [ 34   7   2   8   5  56  21]
 [ 47  22   8  35   1  14  92]]

NB
Classification_report:
             precision    recall  f1-score   support

          B       0.00      0.00      0.00       256
          C       0.16      0.70      0.26        40
          G       0.00      0.00      0.00        72
          M       0.19      0.06      0.09       104
          O       0.00      0.00      0.00         7
          P       0.19      0.66      0.30       133
          R       0.00      0.00      0.00       219

avg / total       0.06      0.15      0.07       831

[[  0  17   4  11  54 170   0]
 [  0  28   1   0   4   7   0]
 [  1   5   0   1  14  51   0]
 [  0  16   3   6  22  57   0]
 [  0   1   0   0   0   6   0]
 [  1  16   2   2  24  88   0]
 [  1  93   2  12  38  73   0]]

DT
Classification_report:
             precision    recall  f1-score   support

          B       0.67      0.73      0.70       256
          C       0.20      0.20      0.20        40
          G       0.48      0.46      0.47        72
          M       0.29      0.29      0.29       104
          O       0.00      0.00      0.00         7
          P       0.53      0.53      0.53       133
          R       0.48      0.45      0.47       219

avg / total       0.51      0.51      0.51       831

[[186   1  15  12   0  15  27]
 [  1   8   1   7   0   8  15]
 [ 21   2  33   2   0   5   9]
 [ 18   5   3  30   0  10  38]
 [  1   0   1   0   0   3   2]
 [ 25   7   4  10   1  70  16]
 [ 27  18  12  41   2  20  99]]

CRF
Classification_report:
             precision    recall  f1-score   support

          B       0.73      0.84      0.78       256
          C       0.65      0.28      0.39        40
          G       0.60      0.49      0.54        72
          M       0.42      0.26      0.32       104
          O       0.00      0.00      0.00         7
          P       0.74      0.61      0.67       133
          R       0.52      0.68      0.59       219

avg / total       0.62      0.62      0.61       831

CRF 2.0
Classification_report:
             precision    recall  f1-score   support

          B       0.93      0.89      0.91       256
          C       0.68      0.53      0.59        40
          G       0.81      0.75      0.78        72
          M       0.69      0.67      0.68       104
          O       0.00      0.00      0.00         7
          P       0.81      0.76      0.79       133
          R       0.70      0.82      0.75       219

avg / total       0.79      0.79      0.79       831
