NB corpus366
Classification_report:
             precision    recall  f1-score   support
          B       0.90      0.23      0.37        77
          C       0.26      0.30      0.28        20
          G       0.21      0.64      0.32        36
          M       0.14      0.22      0.17        45
          O       0.07      0.83      0.14         6
          P       0.40      0.12      0.19        65
          R       0.58      0.29      0.39       117

avg / total       0.50      0.28      0.31       366

[[18  1 36  9  4  7  2]
 [ 0  6  2  2  4  0  6]
 [ 1  1 23  5  2  2  2]
 [ 0  0 10 10 13  2 10]
 [ 0  0  0  0  5  0  1]
 [ 0  2 26 18  7  8  4]
 [ 1 13 10 26 32  1 34]]

NB corpus466
Classification_report:
             precision    recall  f1-score   support
          B       0.51      0.43      0.47       179
          C       0.18      0.80      0.30        20
          G       0.18      0.64      0.28        36
          M       0.31      0.15      0.20        59
          O       0.00      0.00      0.00         1
          P       0.23      0.22      0.23        68
          R       0.00      0.00      0.00       102

avg / total       0.29      0.30      0.27       465

[[77  6 82  0  0 14  0]
 [ 0 16  0  2  0  2  0]
 [13  0 23  0  0  0  0]
 [24 13  0  9  0 12  1]
 [ 0  0  1  0  0  0  0]
 [23  5 18  3  4 15  0]
 [15 47  3 15  0 22  0]]

NB corpus832
Classification_report:
             precision    recall  f1-score   support
          B       0.84      0.16      0.27       256
          C       0.14      0.42      0.21        40
          G       0.12      0.14      0.13        72
          M       0.24      0.05      0.08       104
          O       0.01      0.86      0.02         7
          P       0.16      0.02      0.04       133
          R       0.00      0.00      0.00       219

avg / total       0.33      0.10      0.12       831

[[ 42   3  35   4 162  10   0]
 [  0  17   0   0  23   0   0]
 [  3   0  10   0  58   1   0]
 [  0  30   9   5  59   1   0]
 [  0   0   1   0   6   0   0]
 [  3   7  16   2 102   3   0]
 [  2  66  10  10 127   4   0]]
