SVM RBF corpus366
Classification_report:
             precision    recall  f1-score   support
          B       0.82      0.78      0.80        77
          C       0.25      0.05      0.08        20
          G       0.75      0.75      0.75        36
          M       0.58      0.24      0.34        45
          O       1.00      0.33      0.50         6
          P       0.82      0.72      0.77        65
          R       0.56      0.84      0.67       117

avg / total       0.67      0.67      0.65       366

[[60  0  8  1  0  1  7]
 [ 0  1  0  0  0  0 19]
 [ 5  0 27  0  0  0  4]
 [ 1  0  0 11  0  1 32]
 [ 0  2  0  0  2  0  2]
 [ 5  0  0  0  0 47 13]
 [ 2  1  1  7  0  8 98]]

SVM RBF corpus466
Classification_report:
             precision    recall  f1-score   support
          B       0.81      0.87      0.84       179
          C       0.00      0.00      0.00        20
          G       0.70      0.58      0.64        36
          M       0.43      0.31      0.36        59
          O       0.00      0.00      0.00         1
          P       0.74      0.59      0.66        68
          R       0.50      0.72      0.59       102

avg / total       0.64      0.66      0.64       465

[[155   0   8   2   0   7   7]
 [  1   0   0   0   0   0  19]
 [ 14   0  21   0   0   1   0]
 [  1   0   0  18   0   2  38]
 [  0   0   0   0   0   1   0]
 [ 14   0   0   4   0  40  10]
 [  7   0   1  18   0   3  73]]

SVM RBF corpus832
Classification_report:
             precision    recall  f1-score   support
          B       0.81      0.86      0.83       256
          C       0.00      0.00      0.00        40
          G       0.75      0.64      0.69        72
          M       0.63      0.32      0.42       104
          O       1.00      0.29      0.44         7
          P       0.81      0.65      0.72       133
          R       0.55      0.85      0.67       219

avg / total       0.68      0.69      0.67       831

[[219   0  12   1   0   8  16]
 [  2   0   0   0   0   0  38]
 [ 21   0  46   0   0   1   4]
 [  2   0   0  33   0   2  67]
 [  0   1   0   0   2   2   2]
 [ 19   0   1   2   0  87  24]
 [  7   0   2  16   0   8 186]]
