SVM RBF
Classification_report:
             precision    recall  f1-score   support
          B       0.47      0.79      0.59       256
          C       0.00      0.00      0.00        40
          G       0.00      0.00      0.00        72
          M       0.00      0.00      0.00       104
          O       0.00      0.00      0.00         7
          P       0.57      0.38      0.46       133
          R       0.40      0.57      0.47       220

avg / total       0.34      0.45      0.38       832

[[202   0   0   0   0   9  45]
 [ 11   0   0   0   0   4  25]
 [ 61   0   0   0   0   2   9]
 [ 30   0   0   0   0   7  67]
 [  1   0   0   0   0   1   5]
 [ 44   0   0   0   0  51  38]
 [ 78   0   0   1   0  16 125]]

SVM linear
Classification_report:
             precision    recall  f1-score   support
          B       0.51      0.65      0.57       256
          C       0.22      0.25      0.23        40
          G       0.24      0.14      0.18        72
          M       0.34      0.25      0.29       104
          O       0.33      0.43      0.38         7
          P       0.53      0.44      0.48       133
          R       0.49      0.49      0.49       220

avg / total       0.45      0.46      0.45       832

[[167   6  21  13   0  12  37]
 [ 10  10   1   0   1   3  15]
 [ 55   2  10   0   0   1   4]
 [ 22   3   0  26   1  13  39]
 [  0   1   0   0   3   2   1]
 [ 28  12   5  12   1  59  16]
 [ 46  12   4  25   3  22 108]]

KNN
Classification_report:
             precision    recall  f1-score   support
          B       0.40      0.63      0.49       256
          C       0.07      0.05      0.06        40
          G       0.22      0.22      0.22        72
          M       0.17      0.12      0.14       104
          O       0.00      0.00      0.00         7
          P       0.38      0.26      0.31       133
          R       0.28      0.20      0.23       220

avg / total       0.30      0.33      0.30       832

[[162   6  22  10   0  18  38]
 [ 13   2   5   5   0   5  10]
 [ 41   1  16   3   0   3   8]
 [ 38   6   4  13   0   9  34]
 [  2   0   0   2   0   0   3]
 [ 57   3   4  13   0  35  21]
 [ 92   9  21  30   1  23  44]]

NB
Classification_report:
             precision    recall  f1-score   support
          B       0.51      0.35      0.42       256
          C       0.09      0.07      0.08        40
          G       0.32      0.33      0.33        72
          M       0.35      0.53      0.42       104
          O       0.00      0.00      0.00         7
          P       0.36      0.47      0.41       133
          R       0.47      0.44      0.46       220

avg / total       0.42      0.40      0.40       832

[[90 10 39 29  6 53 29]
 [10  3  3  3  0  6 15]
 [28  1 24  3  0  6 10]
 [ 8  4  1 55  0 11 25]
 [ 2  0  0  0  0  0  5]
 [21  5  1 15  3 63 25]
 [17  9  6 52  4 35 97]]

DT
Classification_report:
             precision    recall  f1-score   support
          B       0.52      0.52      0.52       256
          C       0.03      0.03      0.03        40
          G       0.21      0.21      0.21        72
          M       0.20      0.18      0.19       104
          O       0.00      0.00      0.00         7
          P       0.65      0.61      0.63       133
          R       0.38      0.42      0.40       220

avg / total       0.41      0.41      0.41       832

[[134   6  31  15   0  14  56]
 [  9   1   3   7   0   3  17]
 [ 29   3  15   5   0   5  15]
 [ 23   6  10  19   0   5  41]
 [  2   0   0   1   0   1   3]
 [ 14   5   2   8   1  81  22]
 [ 46  13  12  40   1  15  93]]

CRF
Classification_report:
             precision    recall  f1-score   support
          B      0.557     0.758     0.642       256
          C      0.448     0.325     0.377        40
          G      0.143     0.014     0.025        72
          M      0.105     0.019     0.033       104
          O      0.000     0.000     0.000         7
          P      0.585     0.466     0.519       133
          R      0.483     0.709     0.575       220

avg / total      0.440     0.514     0.457       832
