SVM RBF
Classification_report:
             precision    recall  f1-score   support
          B       0.50      0.29      0.36        77
          C       0.00      0.00      0.00        20
          G       0.00      0.00      0.00        36
          M       1.00      0.04      0.09        45
          O       0.00      0.00      0.00         6
          P       0.58      0.52      0.55        65
          R       0.39      0.88      0.54       117

avg / total       0.46      0.44      0.36       366

[[ 22   0   0   0   0   7  48]
 [  1   0   0   0   0   3  16]
 [ 11   0   0   0   0   3  22]
 [  0   0   0   2   0   3  40]
 [  0   0   0   0   0   2   4]
 [  3   0   0   0   0  34  28]
 [  7   0   0   0   0   7 103]]

SVM linear
Classification_report:
             precision    recall  f1-score   support
          B       0.44      0.48      0.46        77
          C       0.18      0.15      0.16        20
          G       0.42      0.36      0.39        36
          M       0.24      0.24      0.24        45
          O       0.00      0.00      0.00         6
          P       0.70      0.62      0.66        65
          R       0.50      0.56      0.53       117

avg / total       0.46      0.46      0.46       366

[[37  6 10  5  0  4 15]
 [ 4  3  2  1  0  2  8]
 [14  3 13  0  0  1  5]
 [ 5  0  0 11  0  2 27]
 [ 0  1  0  0  0  3  2]
 [ 8  2  2  5  0 40  8]
 [17  2  4 24  0  5 65]]

