SVM RBF
Classification_report:
             precision    recall  f1-score   support
          B       0.71      0.06      0.12        77
          C       0.00      0.00      0.00        20
          G       0.00      0.00      0.00        36
          M       0.00      0.00      0.00        45
          O       0.00      0.00      0.00         6
          P       1.00      0.02      0.03        65
          R       0.32      0.98      0.48       117

avg / total       0.43      0.33      0.19       366

[[  5   0   0   0   0   0  72]
 [  0   0   0   0   0   0  20]
 [  0   0   0   0   0   0  36]
 [  0   0   0   0   0   0  45]
 [  0   0   0   0   0   0   6]
 [  0   0   0   0   0   1  64]
 [  2   0   0   0   0   0 115]]

SVM linear
Classification_report:
             precision    recall  f1-score   support
          B       0.39      0.45      0.42        77
          C       0.11      0.15      0.13        20
          G       0.26      0.25      0.26        36
          M       0.23      0.31      0.26        45
          O       0.50      0.33      0.40         6
          P       0.38      0.31      0.34        65
          R       0.40      0.33      0.36       117

avg / total       0.35      0.33      0.34       366

[[35  8  8  6  0  6 14]
 [ 5  3  2  1  0  4  5]
 [15  2  9  2  0  4  4]
 [ 6  1  2 14  0  3 19]
 [ 0  0  0  0  2  3  1]
 [ 9  2  6 12  1 20 15]
 [19 11  7 27  1 13 39]]

