SVM RBF
Classification_report:
             precision    recall  f1-score   support
          B       0.64      0.09      0.16        77
          C       0.00      0.00      0.00        20
          G       0.00      0.00      0.00        36
          M       0.00      0.00      0.00        45
          O       0.00      0.00      0.00         6
          P       1.00      0.06      0.12        65
          R       0.32      0.97      0.48       117

avg / total       0.41      0.34      0.21       366

[[  7   0   0   0   0   0  70]
 [  0   0   0   0   0   0  20]
 [  0   0   0   0   0   0  36]
 [  0   0   0   0   0   0  45]
 [  0   0   0   0   0   0   6]
 [  0   0   0   0   0   4  61]
 [  4   0   0   0   0   0 113]]

SVM linear
Classification_report:
             precision    recall  f1-score   support
          B       0.41      0.48      0.44        77
          C       0.08      0.15      0.10        20
          G       0.28      0.25      0.26        36
          M       0.27      0.31      0.29        45
          O       1.00      0.33      0.50         6
          P       0.50      0.48      0.49        65
          R       0.47      0.37      0.41       117

avg / total       0.41      0.38      0.39       366

[[37 10  8  5  0  5 12]
 [ 7  3  2  0  0  3  5]
 [10  9  9  1  0  2  5]
 [ 6  1  3 14  0  6 15]
 [ 1  0  0  0  2  1  2]
 [ 8  5  3  9  0 31  9]
 [21 10  7 22  0 14 43]]

KNN
Classification_report:
             precision    recall  f1-score   support
          B       0.29      0.42      0.34        77
          C       0.16      0.15      0.15        20
          G       0.19      0.17      0.18        36
          M       0.21      0.24      0.23        45
          O       0.25      0.17      0.20         6
          P       0.37      0.32      0.34        65
          R       0.41      0.32      0.36       117

avg / total       0.31      0.30      0.30       366

[[32  2  8  8  0  9 18]
 [ 4  3  2  2  0  3  6]
 [14  4  6  0  1  5  6]
 [ 7  5  0 11  0  6 16]
 [ 1  0  3  0  1  1  0]
 [20  2  6  7  2 21  7]
 [34  3  7 24  0 12 37]]

NB
Classification_report:
             precision    recall  f1-score   support
          B       0.41      0.17      0.24        77
          C       0.11      0.20      0.14        20
          G       0.35      0.19      0.25        36
          M       0.13      0.16      0.14        45
          O       0.00      0.00      0.00         6
          P       0.30      0.26      0.28        65
          R       0.34      0.48      0.40       117

avg / total       0.30      0.28      0.28       366

[[13  8  6 12  0  7 31]
 [ 0  4  3  0  0  4  9]
 [ 7  4  7  2  0  2 14]
 [ 1  3  0  7  0  6 28]
 [ 0  0  0  0  0  1  5]
 [ 2 11  2  9  1 17 23]
 [ 9  7  2 23  1 19 56]]

DT
Classification_report:
             precision    recall  f1-score   support
          B       0.27      0.25      0.26        77
          C       0.08      0.10      0.09        20
          G       0.26      0.22      0.24        36
          M       0.19      0.20      0.20        45
          O       0.00      0.00      0.00         6
          P       0.21      0.20      0.21        65
          R       0.40      0.41      0.41       117

avg / total       0.28      0.27      0.27       366

[[19  2  5 10  3 17 21]
 [ 6  2  5  1  0  1  5]
 [ 7  4  8  3  0  8  6]
 [ 6  3  3  9  0  6 18]
 [ 2  0  2  0  0  0  2]
 [ 8  7  4 11  2 13 20]
 [22  8  4 13  6 16 48]]
