SVM RBF
Classification_report:
             precision    recall  f1-score   support
          B       0.47      0.25      0.32        77
          C       0.00      0.00      0.00        20
          G       0.00      0.00      0.00        36
          M       0.00      0.00      0.00        45
          O       0.00      0.00      0.00         6
          P       0.79      0.34      0.47        65
          R       0.35      0.89      0.50       117

avg / total       0.35      0.40      0.31       366

[[ 19   0   0   0   0   0  58]
 [  1   0   0   0   0   0  19]
 [  8   0   0   0   0   0  28]
 [  0   0   0   0   0   2  43]
 [  0   0   0   0   0   1   5]
 [  2   0   0   0   0  22  41]
 [ 10   0   0   0   0   3 104]]

SVM linear
Classification_report:
             precision    recall  f1-score   support
          B       0.42      0.43      0.42        77
          C       0.17      0.15      0.16        20
          G       0.37      0.36      0.37        36
          M       0.28      0.27      0.27        45
          O       0.00      0.00      0.00         6
          P       0.61      0.55      0.58        65
          R       0.45      0.51      0.48       117

avg / total       0.42      0.43      0.42       366

[[33  6 11  3  0  4 20]
 [ 5  3  1  0  0  2  9]
 [10  3 13  2  0  0  8]
 [ 5  0  1 12  0  5 22]
 [ 0  0  0  0  0  4  2]
 [ 8  2  3  5  0 36 11]
 [18  4  6 21  0  8 60]]

KNN
Classification_report:
             precision    recall  f1-score   support
          B       0.31      0.38      0.34        77
          C       0.12      0.10      0.11        20
          G       0.24      0.25      0.25        36
          M       0.32      0.36      0.34        45
          O       1.00      0.17      0.29         6
          P       0.43      0.40      0.41        65
          R       0.41      0.38      0.39       117

avg / total       0.36      0.35      0.35       366

[[29  2  8  8  0  7 23]
 [ 4  2  2  1  0  3  8]
 [15  3  9  0  0  3  6]
 [ 6  1  2 16  0  6 14]
 [ 0  0  0  0  1  4  1]
 [14  3  7  4  0 26 11]
 [26  5  9 21  0 12 44]]

NB
Classification_report:
             precision    recall  f1-score   support
          B       0.33      0.14      0.20        77
          C       0.13      0.25      0.17        20
          G       0.25      0.11      0.15        36
          M       0.17      0.18      0.18        45
          O       0.00      0.00      0.00         6
          P       0.34      0.29      0.31        65
          R       0.36      0.55      0.44       117

avg / total       0.30      0.30      0.28       366

[[11  7  7  8  0  8 36]
 [ 2  5  2  0  0  3  8]
 [ 9  5  4  1  0  3 14]
 [ 2  3  0  8  0  4 28]
 [ 0  0  0  0  0  2  4]
 [ 2 12  1  8  0 19 23]
 [ 7  6  2 21  0 17 64]]

DT
Classification_report:
             precision    recall  f1-score   support
          B       0.31      0.25      0.27        77
          C       0.09      0.15      0.11        20
          G       0.16      0.14      0.15        36
          M       0.16      0.18      0.17        45
          O       0.20      0.17      0.18         6
          P       0.26      0.25      0.25        65
          R       0.34      0.36      0.35       117

avg / total       0.26      0.26      0.26       366

[[19  8  7  5  0 13 25]
 [ 2  3  1  1  1  3  9]
 [11  4  5  5  0  2  9]
 [ 5  2  0  8  0 11 19]
 [ 0  2  0  1  1  1  1]
 [ 8  8  6 10  0 16 17]
 [17  7 13 20  3 15 42]]
