SVM RBF
Classification_report:
             precision    recall  f1-score   support
          B       0.45      0.93      0.61       179
          C       0.00      0.00      0.00        20
          G       0.00      0.00      0.00        36
          M       0.75      0.05      0.10        59
          O       0.00      0.00      0.00         1
          P       0.90      0.28      0.43        68
          R       0.30      0.21      0.25       103

avg / total       0.47      0.45      0.36       466

[[167   0   0   0   0   1  11]
 [ 17   0   0   0   0   0   3]
 [ 34   0   0   0   0   0   2]
 [ 35   0   0   3   0   0  21]
 [  0   0   0   0   0   0   1]
 [ 36   0   0   0   0  19  13]
 [ 79   0   0   1   0   1  22]]

SVM linear
Classification_report:
             precision    recall  f1-score   support
          B       0.54      0.64      0.59       179
          C       0.00      0.00      0.00        20
          G       0.31      0.22      0.26        36
          M       0.33      0.34      0.33        59
          O       0.00      0.00      0.00         1
          P       0.50      0.46      0.48        68
          R       0.45      0.41      0.43       103

avg / total       0.44      0.46      0.45       466

[[115   5  14  17   0  11  17]
 [ 10   0   1   1   0   2   6]
 [ 24   0   8   1   0   0   3]
 [ 16   2   0  20   0   6  15]
 [  0   0   0   0   0   0   1]
 [ 22   0   1   4   0  31  10]
 [ 26   3   2  18   0  12  42]]

KNN
Classification_report:
             precision    recall  f1-score   support
          B       0.44      0.63      0.52       179
          C       0.03      0.05      0.04        20
          G       0.09      0.06      0.07        36
          M       0.25      0.19      0.21        59
          O       0.00      0.00      0.00         1
          P       0.42      0.29      0.34        68
          R       0.21      0.15      0.17       103

avg / total       0.32      0.35      0.32       466

[[112  13  10  10   0   9  25]
 [ 13   1   0   1   0   1   4]
 [ 28   3   2   0   0   2   1]
 [ 24   1   4  11   0   4  15]
 [  0   0   0   0   0   0   1]
 [ 28   4   3   4   0  20   9]
 [ 48   7   3  18   0  12  15]]

NB
Classification_report:
             precision    recall  f1-score   support
          B       0.49      0.45      0.47       179
          C       0.15      0.10      0.12        20
          G       0.21      0.25      0.23        36
          M       0.21      0.46      0.29        59
          O       0.00      0.00      0.00         1
          P       0.25      0.24      0.24        68
          R       0.25      0.13      0.17       103

avg / total       0.33      0.32      0.31       466

[[81  4 20 37  0 19 18]
 [ 9  2  2  2  0  4  1]
 [13  2  9  6  0  2  4]
 [15  1  4 27  0  4  8]
 [ 0  0  0  0  0  0  1]
 [22  1  2 19  0 16  8]
 [27  3  5 37  0 18 13]]

DT
Classification_report:
             precision    recall  f1-score   support
          B       0.43      0.40      0.41       179
          C       0.04      0.05      0.05        20
          G       0.14      0.14      0.14        36
          M       0.14      0.17      0.16        59
          O       0.00      0.00      0.00         1
          P       0.28      0.26      0.27        68
          R       0.27      0.27      0.27       103

avg / total       0.29      0.29      0.29       466

[[71  8 13 28  0 20 39]
 [ 6  1  2  3  0  4  4]
 [15  2  5  4  0  3  7]
 [21  2  4 10  1  6 15]
 [ 1  0  0  0  0  0  0]
 [21  6  4  7  0 18 12]
 [31  5  7 18  0 14 28]]
