SVM RBF
Classification_report:
             precision    recall  f1-score   support
          B       0.44      0.96      0.60       179
          C       0.00      0.00      0.00        20
          G       0.00      0.00      0.00        36
          M       0.50      0.02      0.03        59
          O       0.00      0.00      0.00         1
          P       0.82      0.26      0.40        68
          R       0.29      0.16      0.20       103

avg / total       0.42      0.44      0.34       466

[[171   0   0   0   0   1   7]
 [ 16   0   0   0   0   0   4]
 [ 36   0   0   0   0   0   0]
 [ 40   0   0   1   0   0  18]
 [  0   0   0   0   0   0   1]
 [ 41   0   0   0   0  18   9]
 [ 83   0   0   1   0   3  16]]

SVM linear
Classification_report:
             precision    recall  f1-score   support
          B       0.54      0.60      0.57       179
          C       0.07      0.05      0.06        20
          G       0.26      0.28      0.27        36
          M       0.38      0.36      0.37        59
          O       0.00      0.00      0.00         1
          P       0.47      0.51      0.49        68
          R       0.36      0.29      0.32       103

avg / total       0.43      0.44      0.43       466

[[107   6  21  10   0  16  19]
 [  9   1   1   1   0   3   5]
 [ 23   0  10   1   0   0   2]
 [ 11   2   1  21   0   6  18]
 [  0   0   0   0   0   0   1]
 [ 16   2   2   5   0  35   8]
 [ 33   4   3  18   0  15  30]]

