SVM RBF
Classification_report:
             precision    recall  f1-score   support
          B       0.39      0.99      0.56       179
          C       0.00      0.00      0.00        20
          G       0.00      0.00      0.00        36
          M       0.00      0.00      0.00        59
          O       0.00      0.00      0.00         1
          P       0.83      0.07      0.14        68
          R       0.00      0.00      0.00       103

avg / total       0.27      0.39      0.23       466

[[178   0   0   0   0   0   1]
 [ 20   0   0   0   0   0   0]
 [ 36   0   0   0   0   0   0]
 [ 59   0   0   0   0   0   0]
 [  1   0   0   0   0   0   0]
 [ 62   0   0   0   0   5   1]
 [102   0   0   0   0   1   0]]

SVM linear
Classification_report:
             precision    recall  f1-score   support
          B       0.47      0.56      0.51       179
          C       0.12      0.10      0.11        20
          G       0.21      0.17      0.19        36
          M       0.18      0.20      0.19        59
          O       0.00      0.00      0.00         1
          P       0.40      0.40      0.40        68
          R       0.24      0.17      0.20       103

avg / total       0.34      0.36      0.34       466

[[101   7  18  15   0  15  23]
 [ 10   2   1   0   0   3   4]
 [ 21   2   6   2   0   2   3]
 [ 21   1   2  12   0   7  16]
 [  0   0   0   0   0   1   0]
 [ 20   2   0   9   0  27  10]
 [ 41   2   1  28   0  13  18]]

