SVM RBF
Classification_report:
             precision    recall  f1-score   support
          B       0.40      0.99      0.57       179
          C       0.00      0.00      0.00        20
          G       0.00      0.00      0.00        36
          M       0.00      0.00      0.00        59
          O       0.00      0.00      0.00         1
          P       0.70      0.10      0.18        68
          R       0.00      0.00      0.00       103

avg / total       0.25      0.39      0.24       466

[[177   0   0   0   0   0   2]
 [ 19   0   0   0   0   1   0]
 [ 36   0   0   0   0   0   0]
 [ 55   0   0   0   0   0   4]
 [  1   0   0   0   0   0   0]
 [ 59   0   0   0   0   7   2]
 [100   0   0   1   0   2   0]]

SVM linear
Classification_report:
             precision    recall  f1-score   support
          B       0.52      0.56      0.54       179
          C       0.11      0.10      0.11        20
          G       0.17      0.17      0.17        36
          M       0.25      0.29      0.27        59
          O       0.00      0.00      0.00         1
          P       0.44      0.40      0.42        68
          R       0.30      0.26      0.28       103

avg / total       0.38      0.38      0.38       466

[[100  10  19  13   0  12  25]
 [  9   2   0   2   0   3   4]
 [ 22   1   6   2   0   3   2]
 [ 15   0   3  17   0   3  21]
 [  0   0   0   0   0   1   0]
 [ 20   2   1   8   0  27  10]
 [ 28   3   7  26   0  12  27]]

