SVM RBF
Classification_report:
             precision    recall  f1-score   support
          B       0.44      0.79      0.57       256
          C       0.00      0.00      0.00        40
          G       0.00      0.00      0.00        72
          M       0.50      0.02      0.04       104
          O       0.00      0.00      0.00         7
          P       0.78      0.38      0.51       133
          R       0.41      0.57      0.48       220

avg / total       0.43      0.46      0.39       832

[[203   0   0   0   0   1  52]
 [ 22   0   0   0   0   2  16]
 [ 64   0   0   0   0   0   8]
 [ 30   0   0   2   0   3  69]
 [  0   0   0   0   0   3   4]
 [ 54   0   0   0   0  50  29]
 [ 88   0   0   2   0   5 125]]

SVM linear
Classification_report:
             precision    recall  f1-score   support
          B       0.49      0.58      0.53       256
          C       0.10      0.07      0.08        40
          G       0.35      0.31      0.33        72
          M       0.26      0.27      0.27       104
          O       0.20      0.14      0.17         7
          P       0.57      0.56      0.57       133
          R       0.40      0.35      0.37       220

avg / total       0.42      0.43      0.42       832

[[148   9  27  21   0  14  37]
 [ 16   3   0   1   1   6  13]
 [ 39   3  22   1   0   2   5]
 [ 22   2   3  28   0  10  39]
 [  0   1   0   0   1   2   3]
 [ 22   4   3   8   1  75  20]
 [ 56   9   7  47   2  22  77]]

