SVM RBF
Classification_report:
             precision    recall  f1-score   support
          B       0.34      0.89      0.50       256
          C       0.00      0.00      0.00        40
          G       0.00      0.00      0.00        72
          M       0.00      0.00      0.00       104
          O       0.00      0.00      0.00         7
          P       1.00      0.12      0.21       133
          R       0.35      0.24      0.28       220

avg / total       0.36      0.36      0.26       832

[[229   0   0   0   0   0  27]
 [ 37   0   0   0   0   0   3]
 [ 68   0   0   0   0   0   4]
 [ 68   0   0   0   0   0  36]
 [  3   0   0   0   0   0   4]
 [ 92   0   0   0   0  16  25]
 [167   0   0   0   0   0  53]]

SVM linear
Classification_report:
             precision    recall  f1-score   support
          B       0.48      0.62      0.54       256
          C       0.06      0.05      0.06        40
          G       0.22      0.14      0.17        72
          M       0.26      0.22      0.24       104
          O       0.17      0.14      0.15         7
          P       0.45      0.38      0.41       133
          R       0.43      0.42      0.43       220

avg / total       0.39      0.41      0.39       832

[[158   9  22  17   0  12  38]
 [ 18   2   1   0   2   7  10]
 [ 40   5  10   2   0   7   8]
 [ 25   0   1  23   0  13  42]
 [  0   0   0   0   1   4   2]
 [ 30   7   6  17   1  51  21]
 [ 61   9   5  30   2  20  93]]

