SVM RBF
Classification_report:
             precision    recall  f1-score   support
          B       0.45      0.93      0.61       179
          C       0.00      0.00      0.00        20
          G       0.00      0.00      0.00        36
          M       0.75      0.05      0.10        59
          O       0.00      0.00      0.00         1
          P       0.90      0.28      0.43        68
          R       0.30      0.21      0.25       103

avg / total       0.47      0.45      0.36       466

[[167   0   0   0   0   1  11]
 [ 17   0   0   0   0   0   3]
 [ 34   0   0   0   0   0   2]
 [ 35   0   0   3   0   0  21]
 [  0   0   0   0   0   0   1]
 [ 36   0   0   0   0  19  13]
 [ 79   0   0   1   0   1  22]]

SVM linear
Classification_report:
             precision    recall  f1-score   support
          B       0.54      0.64      0.59       179
          C       0.00      0.00      0.00        20
          G       0.31      0.22      0.26        36
          M       0.33      0.34      0.33        59
          O       0.00      0.00      0.00         1
          P       0.50      0.46      0.48        68
          R       0.45      0.41      0.43       103

avg / total       0.44      0.46      0.45       466

[[115   5  14  17   0  11  17]
 [ 10   0   1   1   0   2   6]
 [ 24   0   8   1   0   0   3]
 [ 16   2   0  20   0   6  15]
 [  0   0   0   0   0   0   1]
 [ 22   0   1   4   0  31  10]
 [ 26   3   2  18   0  12  42]]

