SVM RBF
Classification_report:
             precision    recall  f1-score   support
          B       0.38      0.82      0.52       256
          C       0.00      0.00      0.00        40
          G       0.00      0.00      0.00        72
          M       0.00      0.00      0.00       104
          O       0.00      0.00      0.00         7
          P       0.77      0.20      0.32       133
          R       0.38      0.42      0.40       220

avg / total       0.34      0.40      0.32       832

[[209   0   0   0   0   1  46]
 [ 30   0   0   0   0   0  10]
 [ 65   0   0   0   0   0   7]
 [ 44   0   0   0   0   2  58]
 [  3   0   0   0   0   0   4]
 [ 80   0   0   0   0  27  26]
 [121   0   0   1   0   5  93]]

SVM linear
Classification_report:
             precision    recall  f1-score   support
          B       0.48      0.54      0.51       256
          C       0.04      0.05      0.05        40
          G       0.25      0.26      0.26        72
          M       0.23      0.29      0.26       104
          O       0.20      0.14      0.17         7
          P       0.56      0.50      0.53       133
          R       0.43      0.33      0.37       220

avg / total       0.41      0.39      0.40       832

[[137  13  36  24   0  12  34]
 [ 18   2   2   2   1   6   9]
 [ 34   5  19   6   0   2   6]
 [ 26   4   5  30   0  11  28]
 [  0   1   0   1   1   2   2]
 [ 19   6   7  17   0  66  18]
 [ 52  17   7  50   3  18  73]]

