SVM RBF
Classification_report:
             precision    recall  f1-score   support
          B       0.67      0.16      0.25        77
          C       0.00      0.00      0.00        20
          G       0.00      0.00      0.00        36
          M       0.00      0.00      0.00        45
          O       0.00      0.00      0.00         6
          P       0.85      0.17      0.28        65
          R       0.34      0.97      0.50       117

avg / total       0.40      0.37      0.26       366

[[ 12   0   0   0   0   0  65]
 [  1   0   0   0   0   0  19]
 [  1   0   0   0   0   0  35]
 [  0   0   0   0   0   1  44]
 [  0   0   0   0   0   0   6]
 [  2   0   0   0   0  11  52]
 [  2   0   0   0   0   1 114]]

SVM linear
Classification_report:
             precision    recall  f1-score   support
          B       0.36      0.38      0.37        77
          C       0.14      0.15      0.15        20
          G       0.42      0.36      0.39        36
          M       0.30      0.31      0.31        45
          O       1.00      0.33      0.50         6
          P       0.61      0.62      0.61        65
          R       0.48      0.50      0.49       117

avg / total       0.44      0.43      0.43       366

[[29  5 10  7  0  4 22]
 [ 3  3  0  1  0  4  9]
 [13  3 13  0  0  3  4]
 [ 5  1  2 14  0  4 19]
 [ 0  0  0  0  2  3  1]
 [ 8  3  2  5  0 40  7]
 [22  6  4 19  0  8 58]]

KNN
Classification_report:
             precision    recall  f1-score   support
          B       0.33      0.48      0.39        77
          C       0.24      0.20      0.22        20
          G       0.19      0.22      0.21        36
          M       0.26      0.22      0.24        45
          O       0.25      0.17      0.20         6
          P       0.44      0.40      0.42        65
          R       0.43      0.35      0.39       117

avg / total       0.35      0.35      0.35       366

[[37  2  8  6  0  6 18]
 [ 5  4  3  0  0  3  5]
 [15  7  8  0  0  3  3]
 [11  0  0 10  1  6 17]
 [ 1  0  0  0  1  3  1]
 [14  1  7  6  1 26 10]
 [28  3 16 16  1 12 41]]

NB
Classification_report:
             precision    recall  f1-score   support
          B       0.40      0.27      0.33        77
          C       0.03      0.05      0.04        20
          G       0.26      0.25      0.26        36
          M       0.22      0.31      0.26        45
          O       0.00      0.00      0.00         6
          P       0.36      0.25      0.29        65
          R       0.42      0.50      0.46       117

avg / total       0.34      0.33      0.33       366

[[21  6  8 12  0  5 25]
 [ 2  1  5  1  0  3  8]
 [12  6  9  1  0  0  8]
 [ 2  2  2 14  0  5 20]
 [ 0  0  0  0  0  2  4]
 [ 5  9  5 12  0 16 18]
 [10  7  5 23  0 13 59]]

DT
Classification_report:
             precision    recall  f1-score   support
          B       0.33      0.35      0.34        77
          C       0.11      0.10      0.11        20
          G       0.13      0.11      0.12        36
          M       0.20      0.20      0.20        45
          O       0.00      0.00      0.00         6
          P       0.28      0.26      0.27        65
          R       0.38      0.41      0.40       117

avg / total       0.29      0.29      0.29       366

[[27  1  5  8  2 13 21]
 [ 6  2  0  4  0  3  5]
 [ 9  3  4  1  0  6 13]
 [ 9  2  3  9  0  7 15]
 [ 1  0  0  0  0  1  4]
 [ 6  6  8  7  2 17 19]
 [23  4 10 16  3 13 48]]
