SVM RBF
Classification_report:
             precision    recall  f1-score   support
          B       0.51      0.23      0.32        77
          C       0.00      0.00      0.00        20
          G       0.00      0.00      0.00        36
          M       0.00      0.00      0.00        45
          O       0.00      0.00      0.00         6
          P       0.65      0.31      0.42        65
          R       0.35      0.90      0.50       117

avg / total       0.33      0.39      0.30       366

[[ 18   0   0   0   0   2  57]
 [  1   0   0   0   0   0  19]
 [  8   0   0   0   0   1  27]
 [  0   0   0   0   0   1  44]
 [  0   0   0   0   0   1   5]
 [  2   0   0   0   0  20  43]
 [  6   0   0   0   0   6 105]]

SVM linear
Classification_report:
             precision    recall  f1-score   support
          B       0.40      0.44      0.42        77
          C       0.13      0.10      0.11        20
          G       0.50      0.39      0.44        36
          M       0.26      0.24      0.25        45
          O       1.00      0.33      0.50         6
          P       0.64      0.63      0.64        65
          R       0.49      0.54      0.51       117

avg / total       0.46      0.46      0.45       366

[[34  5  7 11  0  4 16]
 [ 5  2  0  1  0  3  9]
 [13  1 14  0  0  1  7]
 [ 6  1  1 11  0  3 23]
 [ 0  0  0  0  2  3  1]
 [ 8  1  2  4  0 41  9]
 [20  5  4 16  0  9 63]]

