SVM RBF
Classification_report:
             precision    recall  f1-score   support
          B       0.80      0.05      0.10        77
          C       0.00      0.00      0.00        20
          G       0.00      0.00      0.00        36
          M       0.00      0.00      0.00        45
          O       0.00      0.00      0.00         6
          P       0.00      0.00      0.00        65
          R       0.32      0.99      0.49       117

avg / total       0.27      0.33      0.18       366

[[  4   0   0   0   0   0  73]
 [  0   0   0   0   0   0  20]
 [  0   0   0   0   0   0  36]
 [  0   0   0   0   0   0  45]
 [  0   0   0   0   0   0   6]
 [  0   0   0   0   0   0  65]
 [  1   0   0   0   0   0 116]]

SVM linear
Classification_report:
             precision    recall  f1-score   support
          B       0.37      0.47      0.41        77
          C       0.03      0.05      0.04        20
          G       0.35      0.33      0.34        36
          M       0.15      0.18      0.16        45
          O       0.50      0.33      0.40         6
          P       0.52      0.49      0.50        65
          R       0.41      0.30      0.34       117

avg / total       0.36      0.34      0.35       366

[[36  7 12  7  0  6  9]
 [ 8  1  1  0  1  2  7]
 [13  3 12  3  0  2  3]
 [13  1  0  8  0  4 19]
 [ 0  0  0  0  2  2  2]
 [ 7  6  3  6  0 32 11]
 [20 11  6 30  1 14 35]]

KNN
Classification_report:
             precision    recall  f1-score   support
          B       0.32      0.48      0.39        77
          C       0.19      0.15      0.17        20
          G       0.26      0.25      0.26        36
          M       0.14      0.13      0.14        45
          O       0.33      0.17      0.22         6
          P       0.40      0.35      0.37        65
          R       0.41      0.35      0.38       117

avg / total       0.33      0.33      0.32       366

[[37  2  7  6  1  7 17]
 [ 7  3  3  0  0  4  3]
 [14  5  9  1  0  3  4]
 [12  2  2  6  0  4 19]
 [ 0  0  1  0  1  3  1]
 [12  1  4 10  1 23 14]
 [32  3  8 19  0 14 41]]

NB
Classification_report:
             precision    recall  f1-score   support
          B       0.39      0.25      0.30        77
          C       0.03      0.05      0.04        20
          G       0.23      0.17      0.19        36
          M       0.23      0.36      0.28        45
          O       0.50      0.17      0.25         6
          P       0.35      0.20      0.25        65
          R       0.36      0.46      0.41       117

avg / total       0.32      0.30      0.30       366

[[19  5  7 12  0  5 29]
 [ 2  1  5  1  0  2  9]
 [10  6  6  1  0  2 11]
 [ 1  1  2 16  0  5 20]
 [ 1  0  0  0  1  1  3]
 [ 3 12  2 13  0 13 22]
 [13 10  4 26  1  9 54]]

DT
Classification_report:
             precision    recall  f1-score   support
          B       0.38      0.39      0.38        77
          C       0.08      0.10      0.09        20
          G       0.08      0.08      0.08        36
          M       0.19      0.16      0.17        45
          O       0.00      0.00      0.00         6
          P       0.22      0.23      0.23        65
          R       0.33      0.32      0.33       117

avg / total       0.26      0.26      0.26       366

[[30  1  5  3  4 15 19]
 [ 4  2  6  1  0  4  3]
 [ 6  3  3  4  0  7 13]
 [ 7  2  2  7  0  9 18]
 [ 0  0  1  0  0  3  2]
 [10  5  6  6  0 15 23]
 [23 11 15 16  0 14 38]]
