SVM RBF
Classification_report:
             precision    recall  f1-score   support
          B       1.00      0.05      0.10        77
          C       0.00      0.00      0.00        20
          G       0.00      0.00      0.00        36
          M       0.00      0.00      0.00        45
          O       0.00      0.00      0.00         6
          P       0.00      0.00      0.00        65
          R       0.32      1.00      0.49       117

avg / total       0.31      0.33      0.18       366

[[  4   0   0   0   0   0  73]
 [  0   0   0   0   0   0  20]
 [  0   0   0   0   0   0  36]
 [  0   0   0   0   0   0  45]
 [  0   0   0   0   0   0   6]
 [  0   0   0   0   0   0  65]
 [  0   0   0   0   0   0 117]]

SVM linear
Classification_report:
             precision    recall  f1-score   support
          B       0.35      0.47      0.40        77
          C       0.12      0.15      0.13        20
          G       0.26      0.31      0.28        36
          M       0.20      0.22      0.21        45
          O       0.50      0.33      0.40         6
          P       0.33      0.25      0.28        65
          R       0.45      0.35      0.39       117

avg / total       0.34      0.33      0.33       366

[[36  3 10  7  0  7 14]
 [ 4  3  4  1  0  3  5]
 [13  4 11  1  0  3  4]
 [11  2  3 10  0  5 14]
 [ 1  0  0  0  2  1  2]
 [15  5  5 12  0 16 12]
 [24  8  9 19  2 14 41]]

KNN
Classification_report:
             precision    recall  f1-score   support
          B       0.27      0.35      0.31        77
          C       0.06      0.05      0.05        20
          G       0.22      0.22      0.22        36
          M       0.15      0.20      0.17        45
          O       0.50      0.17      0.25         6
          P       0.30      0.26      0.28        65
          R       0.29      0.24      0.26       117

avg / total       0.26      0.25      0.25       366

[[27  3  7 14  1  4 21]
 [ 8  1  1  1  0  8  1]
 [11  4  8  2  0  4  7]
 [ 6  2  3  9  0  3 22]
 [ 1  0  1  0  1  1  2]
 [16  4  3 11  0 17 14]
 [30  3 13 23  0 20 28]]

NB
Classification_report:
             precision    recall  f1-score   support
          B       0.35      0.22      0.27        77
          C       0.09      0.15      0.11        20
          G       0.20      0.11      0.14        36
          M       0.19      0.31      0.24        45
          O       0.14      0.17      0.15         6
          P       0.27      0.18      0.22        65
          R       0.35      0.42      0.38       117

avg / total       0.29      0.27      0.27       366

[[17  5  7 13  1  8 26]
 [ 4  3  2  1  0  3  7]
 [ 8  7  4  4  0  1 12]
 [ 1  2  1 14  0  6 21]
 [ 1  0  0  0  1  1  3]
 [ 4 10  5 11  2 12 21]
 [13  8  1 29  3 14 49]]

DT
Classification_report:
             precision    recall  f1-score   support
          B       0.24      0.27      0.26        77
          C       0.03      0.05      0.04        20
          G       0.07      0.08      0.07        36
          M       0.13      0.16      0.14        45
          O       0.00      0.00      0.00         6
          P       0.37      0.26      0.31        65
          R       0.32      0.27      0.30       117

avg / total       0.25      0.22      0.23       366

[[21  8 11 11  1  6 19]
 [ 5  1  1  3  1  4  5]
 [ 7  4  3  7  1  1 13]
 [ 8  2  9  7  2  3 14]
 [ 2  0  0  1  0  1  2]
 [ 9  6 10  9  0 17 14]
 [34 10 10 15  2 14 32]]
