SVM RBF
Classification_report:
             precision    recall  f1-score   support
          B       0.78      0.09      0.16        77
          C       0.00      0.00      0.00        20
          G       0.00      0.00      0.00        36
          M       0.00      0.00      0.00        45
          O       0.00      0.00      0.00         6
          P       1.00      0.05      0.09        65
          R       0.32      0.98      0.49       117

avg / total       0.45      0.34      0.21       366

[[  7   0   0   0   0   0  70]
 [  0   0   0   0   0   0  20]
 [  0   0   0   0   0   0  36]
 [  0   0   0   0   0   0  45]
 [  0   0   0   0   0   0   6]
 [  0   0   0   0   0   3  62]
 [  2   0   0   0   0   0 115]]

SVM linear
Classification_report:
             precision    recall  f1-score   support
          B       0.43      0.48      0.45        77
          C       0.14      0.15      0.15        20
          G       0.48      0.44      0.46        36
          M       0.22      0.27      0.24        45
          O       1.00      0.50      0.67         6
          P       0.61      0.54      0.57        65
          R       0.48      0.46      0.47       117

avg / total       0.45      0.44      0.44       366

[[37  6  5  7  0  5 17]
 [ 5  3  1  2  0  2  7]
 [11  2 16  3  0  1  3]
 [ 9  1  1 12  0  3 19]
 [ 0  0  0  0  3  2  1]
 [ 7  3  5  4  0 35 11]
 [17  6  5 26  0  9 54]]

KNN
Classification_report:
             precision    recall  f1-score   support
          B       0.28      0.44      0.34        77
          C       0.07      0.05      0.06        20
          G       0.24      0.22      0.23        36
          M       0.20      0.20      0.20        45
          O       0.25      0.33      0.29         6
          P       0.38      0.31      0.34        65
          R       0.43      0.33      0.38       117

avg / total       0.32      0.31      0.31       366

[[34  4 10  5  1  5 18]
 [ 6  1  5  1  0  4  3]
 [11  7  8  1  0  3  6]
 [14  0  0  9  1  5 16]
 [ 0  0  0  0  2  3  1]
 [17  0  5 12  3 20  8]
 [39  3  6 16  1 13 39]]

NB
Classification_report:
             precision    recall  f1-score   support
          B       0.35      0.25      0.29        77
          C       0.07      0.10      0.08        20
          G       0.21      0.25      0.23        36
          M       0.26      0.40      0.32        45
          O       0.00      0.00      0.00         6
          P       0.36      0.22      0.27        65
          R       0.42      0.47      0.44       117

avg / total       0.33      0.32      0.32       366

[[19  4 12 14  0  5 23]
 [ 3  2  5  1  0  2  7]
 [11  7  9  1  0  0  8]
 [ 3  3  2 18  0  3 16]
 [ 1  0  0  0  0  1  4]
 [ 3  8  8 13  0 14 19]
 [15  6  6 21  0 14 55]]

DT
Classification_report:
             precision    recall  f1-score   support
          B       0.24      0.19      0.22        77
          C       0.00      0.00      0.00        20
          G       0.18      0.17      0.17        36
          M       0.10      0.11      0.11        45
          O       0.00      0.00      0.00         6
          P       0.19      0.22      0.20        65
          R       0.40      0.42      0.41       117

avg / total       0.24      0.24      0.24       366

[[15  1  9 14  0 14 24]
 [ 5  0  1  4  1  1  8]
 [ 9  2  6  4  0  8  7]
 [ 9  3  3  5  1 12 12]
 [ 1  0  0  1  0  3  1]
 [ 9  4  9  5  2 14 22]
 [14  7  5 17  2 23 49]]
