SVM RBF
Classification_report:
             precision    recall  f1-score   support
          B       0.40      1.00      0.57       179
          C       0.00      0.00      0.00        20
          G       0.00      0.00      0.00        36
          M       0.00      0.00      0.00        59
          O       0.00      0.00      0.00         1
          P       0.83      0.15      0.25        68
          R       0.20      0.01      0.02       103

avg / total       0.32      0.41      0.26       466

[[179   0   0   0   0   0   0]
 [ 20   0   0   0   0   0   0]
 [ 36   0   0   0   0   0   0]
 [ 56   0   0   0   0   0   3]
 [  1   0   0   0   0   0   0]
 [ 57   0   0   0   0  10   1]
 [100   0   0   0   0   2   1]]

SVM linear
Classification_report:
             precision    recall  f1-score   support
          B       0.50      0.53      0.51       179
          C       0.05      0.05      0.05        20
          G       0.20      0.17      0.18        36
          M       0.26      0.27      0.26        59
          O       0.00      0.00      0.00         1
          P       0.42      0.49      0.45        68
          R       0.31      0.26      0.28       103

avg / total       0.37      0.38      0.37       466

[[94  7 18 18  0 17 25]
 [10  1  0  2  0  3  4]
 [22  2  6  1  0  0  5]
 [16  4  0 16  0  7 16]
 [ 0  0  0  0  0  0  1]
 [16  1  2  6  0 33 10]
 [30  5  4 19  0 18 27]]

