SVM RBF
Classification_report:
             precision    recall  f1-score   support
          B       0.38      1.00      0.56       179
          C       0.00      0.00      0.00        20
          G       0.00      0.00      0.00        36
          M       0.00      0.00      0.00        59
          O       0.00      0.00      0.00         1
          P       0.00      0.00      0.00        68
          R       0.00      0.00      0.00       103

avg / total       0.15      0.38      0.21       466

[[179   0   0   0   0   0   0]
 [ 20   0   0   0   0   0   0]
 [ 36   0   0   0   0   0   0]
 [ 59   0   0   0   0   0   0]
 [  1   0   0   0   0   0   0]
 [ 67   0   0   0   0   0   1]
 [103   0   0   0   0   0   0]]

SVM linear
Classification_report:
             precision    recall  f1-score   support
          B       0.47      0.49      0.48       179
          C       0.04      0.05      0.04        20
          G       0.18      0.22      0.20        36
          M       0.26      0.32      0.29        59
          O       0.00      0.00      0.00         1
          P       0.42      0.43      0.42        68
          R       0.33      0.22      0.27       103

avg / total       0.36      0.36      0.36       466

[[87 10 27 22  0 17 16]
 [10  1  1  1  0  2  5]
 [23  1  8  1  0  0  3]
 [18  2  0 19  0  5 15]
 [ 0  0  0  0  0  0  1]
 [15  6  2  9  0 29  7]
 [31  5  7 21  0 16 23]]

