SVM RBF
Classification_report:
             precision    recall  f1-score   support
          B       0.43      0.96      0.59       179
          C       0.00      0.00      0.00        20
          G       0.00      0.00      0.00        36
          M       0.50      0.02      0.03        59
          O       0.00      0.00      0.00         1
          P       0.83      0.22      0.35        68
          R       0.27      0.12      0.16       103

avg / total       0.41      0.43      0.32       466

[[171   0   0   0   0   0   8]
 [ 16   0   0   0   0   1   3]
 [ 36   0   0   0   0   0   0]
 [ 43   0   0   1   0   0  15]
 [  0   0   0   0   0   0   1]
 [ 47   0   0   0   0  15   6]
 [ 88   0   0   1   0   2  12]]

SVM linear
Classification_report:
             precision    recall  f1-score   support
          B       0.51      0.60      0.55       179
          C       0.00      0.00      0.00        20
          G       0.22      0.14      0.17        36
          M       0.32      0.31      0.31        59
          O       0.00      0.00      0.00         1
          P       0.49      0.51      0.50        68
          R       0.30      0.26      0.28       103

avg / total       0.39      0.41      0.40       466

[[107   5  14  12   0  13  28]
 [  8   0   0   1   0   4   7]
 [ 27   1   5   0   0   0   3]
 [ 15   2   1  18   0   6  17]
 [  0   0   0   0   0   0   1]
 [ 16   1   0   8   0  35   8]
 [ 36   6   3  18   0  13  27]]

KNN
Classification_report:
             precision    recall  f1-score   support
          B       0.46      0.74      0.57       179
          C       0.24      0.35      0.29        20
          G       0.20      0.11      0.14        36
          M       0.21      0.15      0.18        59
          O       0.00      0.00      0.00         1
          P       0.42      0.25      0.31        68
          R       0.23      0.11      0.15       103

avg / total       0.34      0.39      0.34       466

[[132   6   8  12   0   6  15]
 [ 10   7   0   1   0   1   1]
 [ 24   4   4   1   0   1   2]
 [ 36   1   2   9   0   4   7]
 [  0   0   0   0   0   0   1]
 [ 26   5   2   7   0  17  11]
 [ 58   6   4  13   0  11  11]]

NB
Classification_report:
             precision    recall  f1-score   support
          B       0.52      0.55      0.53       179
          C       0.08      0.05      0.06        20
          G       0.23      0.25      0.24        36
          M       0.26      0.34      0.30        59
          O       0.00      0.00      0.00         1
          P       0.44      0.41      0.43        68
          R       0.23      0.18      0.21       103

avg / total       0.37      0.38      0.37       466

[[99  3 20 18  0 10 29]
 [ 8  1  2  1  0  5  3]
 [21  0  9  2  0  1  3]
 [15  2  3 20  0  5 14]
 [ 0  0  0  0  0  0  1]
 [13  3  1 10  0 28 13]
 [36  4  5 25  0 14 19]]

DT
Classification_report:
             precision    recall  f1-score   support
          B       0.44      0.36      0.40       179
          C       0.08      0.10      0.09        20
          G       0.07      0.11      0.08        36
          M       0.16      0.19      0.17        59
          O       0.00      0.00      0.00         1
          P       0.21      0.18      0.19        68
          R       0.21      0.22      0.22       103

avg / total       0.28      0.25      0.26       466

[[65  8 29 16  0 18 43]
 [ 6  2  2  4  0  2  4]
 [13  2  4  6  0  3  8]
 [17  0  8 11  0  8 15]
 [ 0  0  0  1  0  0  0]
 [17  5  7 10  0 12 17]
 [29  7  9 21  0 14 23]]
