SVM RBF
Classification_report:
             precision    recall  f1-score   support
          B       0.38      1.00      0.56       179
          C       0.00      0.00      0.00        20
          G       0.00      0.00      0.00        36
          M       0.00      0.00      0.00        59
          O       0.00      0.00      0.00         1
          P       0.00      0.00      0.00        68
          R       0.00      0.00      0.00       103

avg / total       0.15      0.38      0.21       466

[[179   0   0   0   0   0   0]
 [ 20   0   0   0   0   0   0]
 [ 36   0   0   0   0   0   0]
 [ 59   0   0   0   0   0   0]
 [  1   0   0   0   0   0   0]
 [ 68   0   0   0   0   0   0]
 [103   0   0   0   0   0   0]]

SVM linear
Classification_report:
             precision    recall  f1-score   support
          B       0.49      0.58      0.53       179
          C       0.00      0.00      0.00        20
          G       0.19      0.17      0.18        36
          M       0.25      0.24      0.24        59
          O       0.00      0.00      0.00         1
          P       0.40      0.37      0.38        68
          R       0.25      0.18      0.21       103

avg / total       0.35      0.36      0.35       466

[[104  10  15  17   0  10  23]
 [  9   0   3   1   0   3   4]
 [ 20   2   6   0   0   2   6]
 [ 20   2   1  14   0   7  15]
 [  0   0   0   0   0   1   0]
 [ 16   6   2   9   0  25  10]
 [ 42   9   4  15   0  14  19]]

KNN
Classification_report:
             precision    recall  f1-score   support
          B       0.42      0.68      0.52       179
          C       0.10      0.10      0.10        20
          G       0.12      0.08      0.10        36
          M       0.26      0.17      0.20        59
          O       0.00      0.00      0.00         1
          P       0.34      0.15      0.21        68
          R       0.22      0.15      0.17       103

avg / total       0.31      0.35      0.31       466

[[121  10  10  12   0   4  22]
 [ 13   2   2   0   0   1   2]
 [ 25   1   3   1   0   1   5]
 [ 31   2   2  10   0   4  10]
 [  1   0   0   0   0   0   0]
 [ 32   3   0   8   0  10  15]
 [ 62   2   7   8   0   9  15]]

NB
Classification_report:
             precision    recall  f1-score   support
          B       0.45      0.45      0.45       179
          C       0.04      0.05      0.04        20
          G       0.13      0.11      0.12        36
          M       0.26      0.46      0.33        59
          O       0.00      0.00      0.00         1
          P       0.29      0.26      0.28        68
          R       0.21      0.14      0.17       103

avg / total       0.31      0.31      0.30       466

[[80  9 16 31  0 18 25]
 [ 9  1  3  2  0  4  1]
 [15  2  4  5  0  2  8]
 [15  1  3 27  0  6  7]
 [ 0  0  0  0  0  0  1]
 [22  7  0 11  0 18 10]
 [37  5  4 29  0 14 14]]

DT
Classification_report:
             precision    recall  f1-score   support
          B       0.37      0.35      0.36       179
          C       0.00      0.00      0.00        20
          G       0.07      0.08      0.08        36
          M       0.26      0.31      0.28        59
          O       0.00      0.00      0.00         1
          P       0.19      0.19      0.19        68
          R       0.22      0.20      0.21       103

avg / total       0.26      0.25      0.26       466

[[63 15 25 18  0 27 31]
 [ 9  0  2  0  0  5  4]
 [18  1  3  5  0  4  5]
 [18  3  1 18  0  4 15]
 [ 0  0  0  0  0  0  1]
 [19  3  5  9  0 13 19]
 [42  2  5 18  0 15 21]]
