SVM RBF
Classification_report:
             precision    recall  f1-score   support
          B       0.42      0.98      0.59       179
          C       0.00      0.00      0.00        20
          G       0.00      0.00      0.00        36
          M       1.00      0.02      0.03        59
          O       0.00      0.00      0.00         1
          P       0.71      0.22      0.34        68
          R       0.23      0.05      0.08       103

avg / total       0.44      0.42      0.30       466

[[176   0   0   0   0   1   2]
 [ 17   0   0   0   0   1   2]
 [ 36   0   0   0   0   0   0]
 [ 49   0   0   1   0   0   9]
 [  1   0   0   0   0   0   0]
 [ 49   0   0   0   0  15   4]
 [ 94   0   0   0   0   4   5]]

SVM linear
Classification_report:
             precision    recall  f1-score   support
          B       0.49      0.55      0.52       179
          C       0.00      0.00      0.00        20
          G       0.21      0.17      0.19        36
          M       0.24      0.24      0.24        59
          O       0.00      0.00      0.00         1
          P       0.42      0.49      0.45        68
          R       0.36      0.31      0.34       103

avg / total       0.38      0.39      0.39       466

[[99  3 17 19  0 19 22]
 [ 8  0  0  2  0  4  6]
 [23  2  6  1  0  1  3]
 [20  3  0 14  0  7 15]
 [ 0  0  0  0  0  0  1]
 [20  1  0  5  0 33  9]
 [30  4  5 18  0 14 32]]

KNN
Classification_report:
             precision    recall  f1-score   support
          B       0.45      0.71      0.55       179
          C       0.12      0.15      0.13        20
          G       0.24      0.14      0.18        36
          M       0.24      0.19      0.21        59
          O       0.00      0.00      0.00         1
          P       0.44      0.28      0.34        68
          R       0.17      0.08      0.11       103

avg / total       0.33      0.37      0.33       466

[[127   9   7  12   0   8  16]
 [ 12   3   1   1   0   2   1]
 [ 23   3   5   2   0   0   3]
 [ 36   0   1  11   0   2   9]
 [  0   0   0   0   0   0   1]
 [ 26   3   2   9   0  19   9]
 [ 61   7   5  10   0  12   8]]

NB
Classification_report:
             precision    recall  f1-score   support
          B       0.51      0.54      0.53       179
          C       0.07      0.05      0.06        20
          G       0.25      0.31      0.28        36
          M       0.29      0.39      0.33        59
          O       0.00      0.00      0.00         1
          P       0.39      0.41      0.40        68
          R       0.24      0.16      0.19       103

avg / total       0.37      0.38      0.37       466

[[97  5 20 21  0 15 21]
 [ 9  1  0  2  0  5  3]
 [18  0 11  2  0  1  4]
 [17  1  3 23  0  5 10]
 [ 0  0  0  0  0  0  1]
 [16  3  2  8  0 28 11]
 [32  5  8 24  0 18 16]]

DT
Classification_report:
             precision    recall  f1-score   support
          B       0.42      0.41      0.42       179
          C       0.14      0.15      0.14        20
          G       0.09      0.08      0.09        36
          M       0.20      0.20      0.20        59
          O       0.00      0.00      0.00         1
          P       0.24      0.28      0.26        68
          R       0.28      0.25      0.26       103

avg / total       0.30      0.29      0.29       466

[[74 11 18 19  1 28 28]
 [ 6  3  5  3  0  1  2]
 [14  1  3  6  0  4  8]
 [23  2  1 12  1 10 10]
 [ 1  0  0  0  0  0  0]
 [20  2  0  7  0 19 20]
 [38  3  6 13  0 17 26]]
