SVM RBF
Classification_report:
             precision    recall  f1-score   support
          B       0.43      0.77      0.55       256
          C       0.00      0.00      0.00        40
          G       0.00      0.00      0.00        72
          M       0.33      0.01      0.02       104
          O       0.00      0.00      0.00         7
          P       0.74      0.41      0.52       133
          R       0.41      0.55      0.47       220

avg / total       0.40      0.45      0.38       832

[[198   0   0   0   0   4  54]
 [ 21   0   0   0   0   3  16]
 [ 64   0   0   0   0   0   8]
 [ 35   0   0   1   0   2  66]
 [  0   0   0   0   0   3   4]
 [ 53   0   0   1   0  54  25]
 [ 92   0   0   1   0   7 120]]

SVM linear
Classification_report:
             precision    recall  f1-score   support
          B       0.48      0.58      0.53       256
          C       0.10      0.07      0.08        40
          G       0.34      0.28      0.31        72
          M       0.41      0.40      0.41       104
          O       0.33      0.14      0.20         7
          P       0.65      0.60      0.62       133
          R       0.46      0.43      0.45       220

avg / total       0.46      0.47      0.46       832

[[149   9  28  18   0  10  42]
 [ 16   3   1   2   0   5  13]
 [ 43   2  20   1   0   0   6]
 [ 21   2   0  42   0   7  32]
 [  0   0   0   0   1   5   1]
 [ 22   6   3   6   0  80  16]
 [ 59   9   6  33   2  16  95]]

KNN
Classification_report:
             precision    recall  f1-score   support
          B       0.39      0.59      0.47       256
          C       0.09      0.10      0.10        40
          G       0.13      0.11      0.12        72
          M       0.23      0.14      0.18       104
          O       0.00      0.00      0.00         7
          P       0.45      0.34      0.38       133
          R       0.32      0.25      0.28       220

avg / total       0.32      0.33      0.32       832

[[151  13  21  12   0  17  42]
 [ 16   4   2   3   0   3  12]
 [ 49   3   8   2   0   5   5]
 [ 40   2   4  15   0   8  35]
 [  1   0   1   1   0   2   2]
 [ 40   4  13  11   1  45  19]
 [ 93  18  11  21   1  21  55]]

NB
Classification_report:
             precision    recall  f1-score   support
          B       0.50      0.45      0.47       256
          C       0.09      0.15      0.11        40
          G       0.21      0.32      0.26        72
          M       0.23      0.35      0.28       104
          O       0.00      0.00      0.00         7
          P       0.47      0.28      0.35       133
          R       0.36      0.31      0.33       220

avg / total       0.37      0.34      0.35       832

[[115  15  43  34   0  10  39]
 [ 11   6   6   3   0   5   9]
 [ 29   5  23   3   0   2  10]
 [ 14   5   8  36   0   9  32]
 [  0   0   0   1   0   1   5]
 [ 18  14  13  24   0  37  27]
 [ 45  22  15  56   0  14  68]]

DT
Classification_report:
             precision    recall  f1-score   support
          B       0.37      0.38      0.37       256
          C       0.08      0.10      0.09        40
          G       0.07      0.08      0.08        72
          M       0.18      0.18      0.18       104
          O       0.00      0.00      0.00         7
          P       0.27      0.23      0.25       133
          R       0.30      0.30      0.30       220

avg / total       0.27      0.27      0.27       832

[[96 14 43 23  1 24 55]
 [10  4  3  6  0  6 11]
 [24  2  6 10  0 11 19]
 [21  8  8 19  1 13 34]
 [ 1  0  0  0  0  2  4]
 [35 11  9 15  0 31 32]
 [70 13 12 32  2 26 65]]
