SVM RBF
Classification_report:
             precision    recall  f1-score   support
          B       0.40      0.80      0.54       256
          C       0.00      0.00      0.00        40
          G       0.00      0.00      0.00        72
          M       1.00      0.01      0.02       104
          O       0.00      0.00      0.00         7
          P       0.72      0.27      0.39       133
          R       0.40      0.50      0.44       220

avg / total       0.47      0.42      0.35       832

[[205   0   0   0   0   1  50]
 [ 21   0   0   0   0   3  16]
 [ 64   0   0   0   0   1   7]
 [ 41   0   0   1   0   2  60]
 [  2   0   0   0   0   2   3]
 [ 69   0   0   0   0  36  28]
 [106   0   0   0   0   5 109]]

SVM linear
Classification_report:
             precision    recall  f1-score   support
          B       0.47      0.55      0.51       256
          C       0.16      0.12      0.14        40
          G       0.35      0.31      0.33        72
          M       0.32      0.34      0.33       104
          O       0.20      0.14      0.17         7
          P       0.58      0.56      0.57       133
          R       0.44      0.38      0.41       220

avg / total       0.43      0.44      0.43       832

[[142   7  30  26   0  13  38]
 [ 16   5   2   0   1   6  10]
 [ 38   1  22   2   0   3   6]
 [ 23   2   0  35   1  10  33]
 [  0   0   0   0   1   4   2]
 [ 24   8   3   7   0  74  17]
 [ 61   9   6  41   2  18  83]]

