SVM RBF
Classification_report:
             precision    recall  f1-score   support
          B       0.31      0.99      0.48       256
          C       0.00      0.00      0.00        40
          G       0.00      0.00      0.00        72
          M       0.00      0.00      0.00       104
          O       0.00      0.00      0.00         7
          P       1.00      0.02      0.03       133
          R       0.36      0.04      0.07       220

avg / total       0.35      0.32      0.17       832

[[253   0   0   0   0   0   3]
 [ 39   0   0   0   0   0   1]
 [ 71   0   0   0   0   0   1]
 [100   0   0   0   0   0   4]
 [  7   0   0   0   0   0   0]
 [124   0   0   0   0   2   7]
 [211   0   0   0   0   0   9]]

SVM linear
Classification_report:
             precision    recall  f1-score   support
          B       0.45      0.58      0.51       256
          C       0.10      0.07      0.08        40
          G       0.24      0.14      0.18        72
          M       0.30      0.25      0.27       104
          O       0.30      0.43      0.35         7
          P       0.50      0.42      0.46       133
          R       0.39      0.39      0.39       220

avg / total       0.39      0.40      0.39       832

[[149   6  22  18   0  11  50]
 [ 19   3   1   0   1   4  12]
 [ 46   4  10   0   0   4   8]
 [ 25   2   0  26   2  13  36]
 [  0   0   0   0   3   2   2]
 [ 25   8   2  16   1  56  25]
 [ 66   8   7  27   3  23  86]]

KNN
Classification_report:
             precision    recall  f1-score   support
          B       0.37      0.58      0.45       256
          C       0.03      0.03      0.03        40
          G       0.16      0.14      0.15        72
          M       0.21      0.17      0.19       104
          O       0.00      0.00      0.00         7
          P       0.38      0.23      0.29       133
          R       0.25      0.19      0.22       220

avg / total       0.28      0.30      0.28       832

[[148  10  22  17   1  14  44]
 [ 17   1   5   2   0   6   9]
 [ 38   1  10   5   0   5  13]
 [ 40   4   3  18   0   7  32]
 [  2   0   0   2   0   0   3]
 [ 54   8   5   8   0  31  27]
 [100   9  16  33   2  18  42]]

NB
Classification_report:
             precision    recall  f1-score   support
          B       0.42      0.39      0.41       256
          C       0.09      0.15      0.11        40
          G       0.21      0.21      0.21        72
          M       0.19      0.37      0.25       104
          O       0.00      0.00      0.00         7
          P       0.35      0.22      0.27       133
          R       0.35      0.27      0.31       220

avg / total       0.32      0.30      0.30       832

[[100  16  30  49   1  16  44]
 [ 16   6   4   2   1   5   6]
 [ 37   7  15   5   0   2   6]
 [ 20   4   5  38   0  11  26]
 [  1   0   0   3   0   1   2]
 [ 19  14   9  33   1  29  28]
 [ 44  18   9  65   4  20  60]]

DT
Classification_report:
             precision    recall  f1-score   support
          B       0.39      0.39      0.39       256
          C       0.06      0.05      0.05        40
          G       0.06      0.06      0.06        72
          M       0.17      0.17      0.17       104
          O       0.00      0.00      0.00         7
          P       0.30      0.28      0.29       133
          R       0.30      0.32      0.31       220

avg / total       0.28      0.28      0.28       832

[[99 12 28 29  2 21 65]
 [11  2  9  2  0  6 10]
 [37  1  4  5  0  8 17]
 [20  7  6 18  2 17 34]
 [ 0  0  1  2  0  0  4]
 [25  5 10 17  0 37 39]
 [62  8 13 31  2 33 71]]
