SVM RBF
Classification_report:
             precision    recall  f1-score   support
          B       0.32      0.95      0.48       256
          C       0.00      0.00      0.00        40
          G       0.00      0.00      0.00        72
          M       0.00      0.00      0.00       104
          O       0.00      0.00      0.00         7
          P       1.00      0.06      0.11       133
          R       0.37      0.13      0.19       220

avg / total       0.36      0.33      0.22       832

[[242   0   0   0   0   0  14]
 [ 38   0   0   0   0   0   2]
 [ 71   0   0   0   0   0   1]
 [ 94   0   0   0   0   0  10]
 [  6   0   0   0   0   0   1]
 [106   0   0   0   0   8  19]
 [192   0   0   0   0   0  28]]

SVM linear
Classification_report:
             precision    recall  f1-score   support
          B       0.44      0.49      0.46       256
          C       0.09      0.12      0.10        40
          G       0.21      0.21      0.21        72
          M       0.31      0.36      0.33       104
          O       0.12      0.14      0.13         7
          P       0.53      0.50      0.51       133
          R       0.42      0.32      0.36       220

avg / total       0.39      0.38      0.39       832

[[125  20  38  24   0  11  38]
 [ 12   5   4   0   1   7  11]
 [ 42   4  15   3   0   1   7]
 [ 22   7   1  37   3  12  22]
 [  0   1   0   0   1   3   2]
 [ 19  13   3  16   0  66  16]
 [ 63   8  11  41   3  24  70]]

KNN
Classification_report:
             precision    recall  f1-score   support
          B       0.38      0.58      0.46       256
          C       0.03      0.03      0.03        40
          G       0.10      0.08      0.09        72
          M       0.20      0.14      0.17       104
          O       0.20      0.14      0.17         7
          P       0.48      0.29      0.36       133
          R       0.33      0.27      0.30       220

avg / total       0.32      0.33      0.31       832

[[149  10  28  15   1  10  43]
 [ 18   1   7   2   0   4   8]
 [ 42   5   6   4   0   4  11]
 [ 43   2   3  15   0   9  32]
 [  1   0   0   0   1   0   5]
 [ 46   8   4  13   0  39  23]
 [ 90  12  13  26   3  16  60]]

NB
Classification_report:
             precision    recall  f1-score   support
          B       0.45      0.41      0.43       256
          C       0.06      0.10      0.07        40
          G       0.22      0.25      0.24        72
          M       0.18      0.32      0.23       104
          O       0.40      0.29      0.33         7
          P       0.40      0.26      0.31       133
          R       0.31      0.25      0.27       220

avg / total       0.33      0.30      0.31       832

[[106  19  34  48   0   9  40]
 [ 13   4   6   3   0   5   9]
 [ 30   9  18   3   0   2  10]
 [ 15   4   6  33   0  15  31]
 [  2   0   0   0   2   1   2]
 [ 18  16   8  28   0  34  29]
 [ 52  19   9  64   3  19  54]]

DT
Classification_report:
             precision    recall  f1-score   support
          B       0.40      0.41      0.40       256
          C       0.14      0.12      0.13        40
          G       0.14      0.15      0.14        72
          M       0.26      0.24      0.25       104
          O       0.00      0.00      0.00         7
          P       0.31      0.33      0.32       133
          R       0.32      0.31      0.32       220

avg / total       0.31      0.31      0.31       832

[[104   8  31  22   0  27  64]
 [  9   5   5   2   0   7  12]
 [ 29   4  11  10   0   5  13]
 [ 22   2   8  25   1  19  27]
 [  1   1   1   1   0   2   1]
 [ 28   6   8  14   2  44  31]
 [ 65   9  16  21   2  38  69]]
