SVM RBF
Classification_report:
             precision    recall  f1-score   support
          B       0.38      0.83      0.52       256
          C       0.00      0.00      0.00        40
          G       0.00      0.00      0.00        72
          M       0.00      0.00      0.00       104
          O       0.00      0.00      0.00         7
          P       0.79      0.20      0.31       133
          R       0.40      0.43      0.41       220

avg / total       0.35      0.40      0.32       832

[[213   0   0   0   0   0  43]
 [ 30   0   0   0   0   1   9]
 [ 64   0   0   0   0   1   7]
 [ 53   0   0   0   0   2  49]
 [  3   0   0   0   0   1   3]
 [ 75   0   0   0   0  26  32]
 [123   0   0   0   0   2  95]]

SVM linear
Classification_report:
             precision    recall  f1-score   support
          B       0.46      0.54      0.50       256
          C       0.10      0.10      0.10        40
          G       0.27      0.26      0.27        72
          M       0.31      0.35      0.33       104
          O       0.00      0.00      0.00         7
          P       0.53      0.50      0.52       133
          R       0.41      0.33      0.36       220

avg / total       0.40      0.40      0.40       832

[[138  11  32  30   0  12  33]
 [ 17   4   3   1   1   7   7]
 [ 40   3  19   1   0   3   6]
 [ 22   2   4  36   0   7  33]
 [  0   1   0   0   0   4   2]
 [ 22   7   5  10   0  67  22]
 [ 62  11   8  38   2  27  72]]

