SVM RBF
Classification_report:
             precision    recall  f1-score   support

          B       0.00      0.00      0.00        77
          C       0.00      0.00      0.00        20
          G       0.00      0.00      0.00        36
          M       0.00      0.00      0.00        45
          O       0.00      0.00      0.00         6
          P       0.00      0.00      0.00        65
          R       0.32      1.00      0.48       117

avg / total       0.10      0.32      0.15       366

[[  0   0   0   0   0   0  77]
 [  0   0   0   0   0   0  20]
 [  0   0   0   0   0   0  36]
 [  0   0   0   0   0   0  45]
 [  0   0   0   0   0   0   6]
 [  0   0   0   0   0   0  65]
 [  0   0   0   0   0   0 117]]

SVM linear
Classification_report:
             precision    recall  f1-score   support

          B       0.37      0.38      0.37        77
          C       0.00      0.00      0.00        20
          G       0.27      0.17      0.21        36
          M       0.28      0.20      0.23        45
          O       0.40      0.33      0.36         6
          P       0.48      0.46      0.47        65
          R       0.43      0.59      0.49       117

avg / total       0.37      0.40      0.38       366

[[29  1  9  7  1  6 24]
 [ 6  0  0  0  0  4 10]
 [18  1  6  0  0  2  9]
 [ 5  0  0  9  0  4 27]
 [ 0  0  0  0  2  2  2]
 [ 6  1  2  4  1 30 21]
 [15  1  5 12  1 14 69]]

KNN
Classification_report:
             precision    recall  f1-score   support

          B       0.31      0.38      0.34        77
          C       0.08      0.25      0.12        20
          G       0.37      0.31      0.33        36
          M       0.27      0.27      0.27        45
          O       0.00      0.00      0.00         6
          P       0.33      0.35      0.34        65
          R       0.50      0.26      0.35       117

avg / total       0.36      0.30      0.32       366

[[29 11  6  6  0 15 10]
 [ 5  5  1  0  0  6  3]
 [11  9 11  1  0  3  1]
 [12  5  3 12  0  2 11]
 [ 0  4  0  1  0  1  0]
 [16 14  0  5  1 23  6]
 [20 18  9 19  1 19 31]]

NB
Classification_report:
             precision    recall  f1-score   support

          B       0.45      0.38      0.41        77
          C       0.15      0.20      0.17        20
          G       0.38      0.36      0.37        36
          M       0.32      0.42      0.37        45
          O       0.00      0.00      0.00         6
          P       0.42      0.54      0.47        65
          R       0.44      0.38      0.41       117

avg / total       0.40      0.39      0.39       366

[[29  3 12  7  0 10 16]
 [ 4  4  1  0  0  7  4]
 [10  6 13  1  0  1  5]
 [ 1  0  2 19  0  6 17]
 [ 0  0  0  0  0  2  4]
 [ 2  6  3 10  0 35  9]
 [18  7  3 22  0 23 44]]

DT
Classification_report:
             precision    recall  f1-score   support

          B       0.32      0.32      0.32        77
          C       0.04      0.05      0.04        20
          G       0.16      0.14      0.15        36
          M       0.09      0.07      0.08        45
          O       0.17      0.17      0.17         6
          P       0.22      0.25      0.23        65
          R       0.34      0.34      0.34       117

avg / total       0.25      0.25      0.25       366

[[25  8  9  2  0 14 19]
 [ 2  1  4  0  0  5  8]
 [ 9  3  5  4  0  5 10]
 [ 9  0  2  3  0  8 23]
 [ 0  1  0  1  1  2  1]
 [11  3  9  9  0 16 17]
 [23 11  2 14  5 22 40]]

CRF
Classification_report:
             precision    recall  f1-score   support

          B       0.58      0.18      0.28        77
          C       0.00      0.00      0.00        20
          G       0.33      0.08      0.13        36
          M       0.00      0.00      0.00        45
          O       0.00      0.00      0.00         6
          P       0.46      0.37      0.41        65
          R       0.41      0.97      0.57       117

avg / total       0.37      0.42      0.33       366

CRF 2.0
Classification_report:
             precision    recall  f1-score   support

          B       0.43      0.61      0.51        77
          C       0.29      0.10      0.15        20
          G       0.22      0.17      0.19        36
          M       0.29      0.22      0.25        45
          O       0.00      0.00      0.00         6
          P       0.57      0.45      0.50        65
          R       0.49      0.57      0.53       117

avg / total       0.42      0.44      0.42       366


SVM RBF
Classification_report:
             precision    recall  f1-score   support

          B       0.38      1.00      0.56       179
          C       0.00      0.00      0.00        20
          G       0.00      0.00      0.00        36
          M       0.00      0.00      0.00        59
          O       0.00      0.00      0.00         1
          P       0.00      0.00      0.00        68
          R       0.00      0.00      0.00       102

avg / total       0.15      0.38      0.21       465

[[179   0   0   0   0   0   0]
 [ 20   0   0   0   0   0   0]
 [ 36   0   0   0   0   0   0]
 [ 59   0   0   0   0   0   0]
 [  1   0   0   0   0   0   0]
 [ 68   0   0   0   0   0   0]
 [102   0   0   0   0   0   0]]

SVM linear
Classification_report:
             precision    recall  f1-score   support

          B       0.50      0.70      0.58       179
          C       0.00      0.00      0.00        20
          G       0.18      0.06      0.09        36
          M       0.29      0.20      0.24        59
          O       0.00      0.00      0.00         1
          P       0.46      0.37      0.41        68
          R       0.33      0.34      0.34       102

avg / total       0.38      0.43      0.39       465

[[125   0   6  14   0   8  26]
 [ 11   0   1   1   0   3   4]
 [ 29   0   2   1   0   0   4]
 [ 24   0   0  12   0   5  18]
 [  0   0   0   0   0   0   1]
 [ 21   1   1   3   0  25  17]
 [ 41   2   1  10   0  13  35]]

KNN
Classification_report:
             precision    recall  f1-score   support

          B       0.48      0.61      0.54       179
          C       0.00      0.00      0.00        20
          G       0.10      0.08      0.09        36
          M       0.22      0.14      0.17        59
          O       0.00      0.00      0.00         1
          P       0.27      0.24      0.25        68
          R       0.23      0.21      0.22       102

avg / total       0.31      0.34      0.32       465

[[109   8  14   6   0  16  26]
 [ 11   0   2   0   0   2   5]
 [ 26   0   3   1   0   3   3]
 [ 19   4   3   8   0   9  16]
 [  1   0   0   0   0   0   0]
 [ 15   7   3   8   0  16  19]
 [ 44   3   6  14   0  14  21]]

NB
Classification_report:
             precision    recall  f1-score   support

          B       0.50      0.39      0.44       179
          C       0.07      0.10      0.08        20
          G       0.20      0.33      0.25        36
          M       0.32      0.39      0.35        59
          O       0.00      0.00      0.00         1
          P       0.40      0.51      0.45        68
          R       0.29      0.23      0.25       102

avg / total       0.38      0.35      0.36       465

[[70 11 33 16  0 21 28]
 [ 7  2  2  1  0  4  4]
 [15  2 12  5  0  0  2]
 [10  1  3 23  0 10 12]
 [ 0  0  0  1  0  0  0]
 [10  4  3  6  0 35 10]
 [27  8  8 19  0 17 23]]

DT
Classification_report:
             precision    recall  f1-score   support

          B       0.45      0.41      0.43       179
          C       0.05      0.05      0.05        20
          G       0.06      0.06      0.06        36
          M       0.16      0.15      0.15        59
          O       0.00      0.00      0.00         1
          P       0.27      0.28      0.28        68
          R       0.24      0.26      0.25       102

avg / total       0.29      0.28      0.29       465

[[74  7 17 22  1 22 36]
 [ 4  1  1  1  0  5  8]
 [18  2  2  5  0  4  5]
 [15  4  6  9  0  5 20]
 [ 0  0  0  0  0  1  0]
 [17  3  3  8  0 19 18]
 [38  2  7 13  1 14 27]]

CRF
Classification_report:
             precision    recall  f1-score   support

          B       0.54      0.93      0.68       179
          C       0.00      0.00      0.00        20
          G       0.00      0.00      0.00        36
          M       0.40      0.03      0.06        59
          O       0.00      0.00      0.00         1
          P       0.25      0.19      0.22        68
          R       0.38      0.37      0.37       102

avg / total       0.38      0.47      0.38       465

CRF 2.0
Classification_report:
             precision    recall  f1-score   support

          B       0.57      0.68      0.62       179
          C       0.42      0.25      0.31        20
          G       0.22      0.11      0.15        36
          M       0.36      0.34      0.35        59
          O       0.00      0.00      0.00         1
          P       0.45      0.40      0.42        68
          R       0.39      0.41      0.40       102

avg / total       0.45      0.47      0.46       465


SVM RBF
Classification_report:
             precision    recall  f1-score   support

          B       0.32      1.00      0.49       256
          C       0.00      0.00      0.00        40
          G       0.00      0.00      0.00        72
          M       0.00      0.00      0.00       104
          O       0.00      0.00      0.00         7
          P       0.00      0.00      0.00       133
          R       0.46      0.08      0.14       219

avg / total       0.22      0.33      0.19       831

[[255   0   0   0   0   0   1]
 [ 39   0   0   0   0   0   1]
 [ 72   0   0   0   0   0   0]
 [ 95   0   0   0   0   0   9]
 [  7   0   0   0   0   0   0]
 [123   0   0   0   0   0  10]
 [201   0   0   0   0   0  18]]

SVM linear
Classification_report:
             precision    recall  f1-score   support

          B       0.47      0.66      0.55       256
          C       0.20      0.03      0.04        40
          G       0.36      0.11      0.17        72
          M       0.27      0.13      0.18       104
          O       0.00      0.00      0.00         7
          P       0.55      0.49      0.52       133
          R       0.40      0.49      0.44       219

avg / total       0.41      0.44      0.41       831

[[168   0  12  15   1  10  50]
 [ 17   1   0   0   0   5  17]
 [ 53   1   8   1   0   1   8]
 [ 25   0   0  14   0  10  55]
 [  0   0   0   0   0   4   3]
 [ 31   0   1   5   1  65  30]
 [ 66   3   1  16   2  24 107]]

KNN
Classification_report:
             precision    recall  f1-score   support

          B       0.44      0.55      0.49       256
          C       0.04      0.07      0.06        40
          G       0.28      0.24      0.26        72
          M       0.21      0.14      0.17       104
          O       0.00      0.00      0.00         7
          P       0.37      0.40      0.39       133
          R       0.35      0.26      0.30       219

avg / total       0.34      0.34      0.34       831

[[140  18  21  14   1  29  33]
 [ 11   3   4   3   1   8  10]
 [ 36   1  17   1   0   9   8]
 [ 31   9   3  15   1  12  33]
 [  0   1   0   3   0   1   2]
 [ 25  17   5   9   1  53  23]
 [ 75  19  10  25   2  30  58]]

NB
Classification_report:
             precision    recall  f1-score   support

          B       0.50      0.39      0.44       256
          C       0.14      0.25      0.18        40
          G       0.25      0.40      0.31        72
          M       0.24      0.28      0.26       104
          O       0.00      0.00      0.00         7
          P       0.40      0.56      0.47       133
          R       0.37      0.23      0.28       219

avg / total       0.37      0.35      0.35       831

[[100  15  55  28   0  29  29]
 [  6  10   6   2   0  10   6]
 [ 24   8  29   3   0   2   6]
 [ 19   3   4  29   1  21  27]
 [  1   1   0   0   0   2   3]
 [ 10  10  10  15   0  75  13]
 [ 40  24  12  43   1  49  50]]

DT
Classification_report:
             precision    recall  f1-score   support

          B       0.35      0.35      0.35       256
          C       0.11      0.12      0.12        40
          G       0.15      0.17      0.16        72
          M       0.19      0.16      0.18       104
          O       0.00      0.00      0.00         7
          P       0.31      0.33      0.32       133
          R       0.31      0.30      0.30       219

avg / total       0.28      0.28      0.28       831

[[89 15 34 25  3 36 54]
 [10  5  4  3  0  4 14]
 [33  2 12  5  0  7 13]
 [24  7  8 17  1 16 31]
 [ 1  1  0  0  0  2  3]
 [33  4  9 10  0 44 33]
 [63 12 14 30  1 34 65]]

CRF
Classification_report:
             precision    recall  f1-score   support

          B       0.47      0.63      0.54       256
          C       0.00      0.00      0.00        40
          G       0.00      0.00      0.00        72
          M       0.00      0.00      0.00       104
          O       0.00      0.00      0.00         7
          P       0.34      0.26      0.30       133
          R       0.38      0.65      0.48       219

avg / total       0.30      0.41      0.34       831

CRF 2.0
Classification_report:
             precision    recall  f1-score   support

          B       0.53      0.63      0.58       256
          C       0.35      0.20      0.25        40
          G       0.18      0.12      0.15        72
          M       0.42      0.31      0.35       104
          O       0.00      0.00      0.00         7
          P       0.54      0.44      0.49       133
          R       0.47      0.58      0.52       219

avg / total       0.46      0.48      0.46       831
