SVM RBF
Classification_report:
             precision    recall  f1-score   support

          B       0.00      0.00      0.00        77
          C       0.00      0.00      0.00        20
          G       0.00      0.00      0.00        36
          M       0.00      0.00      0.00        45
          O       0.00      0.00      0.00         6
          P       0.00      0.00      0.00        65
          R       0.32      1.00      0.48       117

avg / total       0.10      0.32      0.15       366

[[  0   0   0   0   0   0  77]
 [  0   0   0   0   0   0  20]
 [  0   0   0   0   0   0  36]
 [  0   0   0   0   0   0  45]
 [  0   0   0   0   0   0   6]
 [  0   0   0   0   0   0  65]
 [  0   0   0   0   0   0 117]]

SVM linear
Classification_report:
             precision    recall  f1-score   support

          B       0.41      0.43      0.42        77
          C       0.00      0.00      0.00        20
          G       0.47      0.39      0.42        36
          M       0.26      0.20      0.23        45
          O       0.60      0.50      0.55         6
          P       0.53      0.51      0.52        65
          R       0.47      0.56      0.52       117

avg / total       0.42      0.43      0.42       366

[[33  3 10  7  1  7 16]
 [ 2  0  0  1  0  5 12]
 [14  2 14  0  0  2  4]
 [ 4  1  0  9  0  6 25]
 [ 0  0  0  0  3  2  1]
 [ 8  2  3  3  1 33 15]
 [20  6  3 15  0  7 66]]

KNN
Classification_report:
             precision    recall  f1-score   support

          B       0.32      0.34      0.33        77
          C       0.09      0.40      0.14        20
          G       0.40      0.33      0.36        36
          M       0.21      0.20      0.20        45
          O       0.33      0.17      0.22         6
          P       0.35      0.34      0.35        65
          R       0.45      0.21      0.29       117

avg / total       0.35      0.28      0.30       366

[[26 20  7  6  0 13  5]
 [ 4  8  1  0  0  3  4]
 [12  5 12  2  0  4  1]
 [ 8  7  3  9  0  3 15]
 [ 0  4  0  0  1  1  0]
 [13 17  1  6  1 22  5]
 [18 31  6 20  1 16 25]]

NB
Classification_report:
             precision    recall  f1-score   support

          B       0.43      0.39      0.41        77
          C       0.13      0.15      0.14        20
          G       0.34      0.42      0.37        36
          M       0.33      0.38      0.35        45
          O       0.00      0.00      0.00         6
          P       0.45      0.58      0.51        65
          R       0.47      0.38      0.42       117

avg / total       0.40      0.40      0.40       366

[[30  2 15  7  0 10 13]
 [ 2  3  1  0  0  7  7]
 [11  2 15  0  0  3  5]
 [ 4  2  2 17  0  5 15]
 [ 0  1  0  0  0  1  4]
 [ 3  5  5  8  0 38  6]
 [19  8  6 20  0 20 44]]

DT
Classification_report:
             precision    recall  f1-score   support

          B       0.23      0.27      0.25        77
          C       0.06      0.10      0.07        20
          G       0.12      0.08      0.10        36
          M       0.13      0.13      0.13        45
          O       0.00      0.00      0.00         6
          P       0.26      0.23      0.25        65
          R       0.38      0.34      0.36       117

avg / total       0.25      0.24      0.24       366

[[21  7  7  7  0 14 21]
 [ 7  2  0  2  1  3  5]
 [12  5  3  4  1  3  8]
 [ 8  4  4  6  3  6 14]
 [ 1  0  0  0  0  2  3]
 [17  5  3 11  1 15 13]
 [24 12  8 17  2 14 40]]

CRF
Classification_report:
             precision    recall  f1-score   support

          B       1.00      0.03      0.05        77
          C       0.00      0.00      0.00        20
          G       0.00      0.00      0.00        36
          M       0.00      0.00      0.00        45
          O       0.00      0.00      0.00         6
          P       0.48      0.38      0.43        65
          R       0.38      1.00      0.55       117

avg / total       0.42      0.39      0.26       366

CRF 2.0
Classification_report:
             precision    recall  f1-score   support

          B       0.57      0.60      0.59        77
          C       0.20      0.10      0.13        20
          G       0.29      0.22      0.25        36
          M       0.32      0.18      0.23        45
          O       0.00      0.00      0.00         6
          P       0.65      0.62      0.63        65
          R       0.53      0.74      0.62       117

avg / total       0.48      0.52      0.49       366


SVM RBF
Classification_report:
             precision    recall  f1-score   support

          B       0.38      1.00      0.56       179
          C       0.00      0.00      0.00        20
          G       0.00      0.00      0.00        36
          M       0.00      0.00      0.00        59
          O       0.00      0.00      0.00         1
          P       0.00      0.00      0.00        68
          R       0.00      0.00      0.00       102

avg / total       0.15      0.38      0.21       465

[[179   0   0   0   0   0   0]
 [ 20   0   0   0   0   0   0]
 [ 36   0   0   0   0   0   0]
 [ 59   0   0   0   0   0   0]
 [  1   0   0   0   0   0   0]
 [ 68   0   0   0   0   0   0]
 [102   0   0   0   0   0   0]]

SVM linear
Classification_report:
             precision    recall  f1-score   support

          B       0.50      0.61      0.55       179
          C       0.12      0.05      0.07        20
          G       0.21      0.11      0.15        36
          M       0.32      0.31      0.31        59
          O       0.00      0.00      0.00         1
          P       0.47      0.49      0.48        68
          R       0.26      0.25      0.25       102

avg / total       0.38      0.41      0.39       465

[[109   1  13  15   0  14  27]
 [  9   1   0   1   0   2   7]
 [ 26   0   4   1   0   0   5]
 [ 16   1   1  18   0   5  18]
 [  0   0   0   0   0   0   1]
 [ 16   2   0   5   0  33  12]
 [ 40   3   1  17   0  16  25]]

KNN
Classification_report:
             precision    recall  f1-score   support

          B       0.48      0.58      0.53       179
          C       0.00      0.00      0.00        20
          G       0.08      0.06      0.07        36
          M       0.38      0.17      0.24        59
          O       0.00      0.00      0.00         1
          P       0.28      0.34      0.31        68
          R       0.23      0.24      0.23       102

avg / total       0.33      0.35      0.33       465

[[104   5  10   3   0  21  36]
 [  7   0   1   1   0   3   8]
 [ 25   0   2   1   0   3   5]
 [ 21   0   4  10   0  11  13]
 [  1   0   0   0   0   0   0]
 [ 15   6   3   4   0  23  17]
 [ 44   2   5   7   0  20  24]]

NB
Classification_report:
             precision    recall  f1-score   support

          B       0.51      0.42      0.46       179
          C       0.00      0.00      0.00        20
          G       0.20      0.36      0.25        36
          M       0.29      0.32      0.31        59
          O       0.00      0.00      0.00         1
          P       0.36      0.46      0.40        68
          R       0.23      0.18      0.20       102

avg / total       0.35      0.34      0.34       465

[[75  5 35 17  0 20 27]
 [ 6  0  1  1  0  4  8]
 [15  2 13  2  0  1  3]
 [11  2  2 19  0  9 16]
 [ 0  0  0  0  0  0  1]
 [11  6  4  9  0 31  7]
 [30  5 11 17  0 21 18]]

DT
Classification_report:
             precision    recall  f1-score   support

          B       0.41      0.40      0.40       179
          C       0.05      0.05      0.05        20
          G       0.08      0.08      0.08        36
          M       0.26      0.27      0.26        59
          O       0.00      0.00      0.00         1
          P       0.31      0.34      0.32        68
          R       0.27      0.25      0.26       102

avg / total       0.30      0.30      0.30       465

[[71  8 18 24  0 27 31]
 [ 9  1  1  2  0  0  7]
 [21  1  3  1  0  3  7]
 [14  1  5 16  0 11 12]
 [ 0  0  0  0  0  1  0]
 [17  4  3  7  1 23 13]
 [40  5  8 12  1 10 26]]

CRF
Classification_report:
             precision    recall  f1-score   support

          B       0.50      0.89      0.64       179
          C       0.00      0.00      0.00        20
          G       0.00      0.00      0.00        36
          M       0.00      0.00      0.00        59
          O       0.00      0.00      0.00         1
          P       0.23      0.18      0.20        68
          R       0.40      0.33      0.37       102

avg / total       0.31      0.44      0.35       465

CRF 2.0
Classification_report:
             precision    recall  f1-score   support

          B       0.56      0.77      0.65       179
          C       0.78      0.35      0.48        20
          G       0.26      0.14      0.18        36
          M       0.59      0.41      0.48        59
          O       0.00      0.00      0.00         1
          P       0.48      0.43      0.45        68
          R       0.46      0.40      0.43       102

avg / total       0.51      0.52      0.51       465


SVM RBF
Classification_report:
             precision    recall  f1-score   support

          B       0.31      1.00      0.47       256
          C       0.00      0.00      0.00        40
          G       0.00      0.00      0.00        72
          M       0.00      0.00      0.00       104
          O       0.00      0.00      0.00         7
          P       0.00      0.00      0.00       133
          R       0.00      0.00      0.00       219

avg / total       0.09      0.31      0.15       831

[[256   0   0   0   0   0   0]
 [ 40   0   0   0   0   0   0]
 [ 72   0   0   0   0   0   0]
 [104   0   0   0   0   0   0]
 [  7   0   0   0   0   0   0]
 [133   0   0   0   0   0   0]
 [219   0   0   0   0   0   0]]

SVM linear
Classification_report:
             precision    recall  f1-score   support

          B       0.48      0.62      0.54       256
          C       0.07      0.03      0.04        40
          G       0.35      0.19      0.25        72
          M       0.35      0.27      0.31       104
          O       0.00      0.00      0.00         7
          P       0.59      0.57      0.58       133
          R       0.45      0.48      0.47       219

avg / total       0.44      0.46      0.44       831

[[159   4  18  16   0  14  45]
 [ 16   1   2   1   0   6  14]
 [ 45   2  14   2   0   2   7]
 [ 25   0   0  28   0   9  42]
 [  0   2   0   0   0   3   2]
 [ 27   3   0   7   1  76  19]
 [ 60   2   6  25   2  18 106]]

KNN
Classification_report:
             precision    recall  f1-score   support

          B       0.42      0.47      0.44       256
          C       0.03      0.10      0.05        40
          G       0.24      0.19      0.22        72
          M       0.21      0.14      0.17       104
          O       0.00      0.00      0.00         7
          P       0.37      0.39      0.38       133
          R       0.36      0.25      0.29       219

avg / total       0.33      0.31      0.32       831

[[121  36  27  11   0  31  30]
 [ 14   4   0   4   1   7  10]
 [ 33   5  14   5   0   9   6]
 [ 30   8   6  15   0  14  31]
 [  2   2   0   2   0   1   0]
 [ 21  23   5  10   1  52  21]
 [ 69  37   6  23   2  28  54]]

NB
Classification_report:
             precision    recall  f1-score   support

          B       0.50      0.38      0.43       256
          C       0.11      0.17      0.13        40
          G       0.24      0.46      0.31        72
          M       0.27      0.30      0.28       104
          O       0.00      0.00      0.00         7
          P       0.44      0.61      0.51       133
          R       0.38      0.24      0.29       219

avg / total       0.39      0.36      0.36       831

[[97 13 64 24  0 27 31]
 [ 8  7  8  2  0  9  6]
 [22  7 33  1  0  5  4]
 [16  2  7 31  0 18 30]
 [ 0  1  0  0  0  3  3]
 [10 11 10 10  0 81 11]
 [40 23 18 46  0 40 52]]

DT
Classification_report:
             precision    recall  f1-score   support

          B       0.32      0.30      0.31       256
          C       0.06      0.07      0.06        40
          G       0.16      0.15      0.16        72
          M       0.27      0.19      0.22       104
          O       0.00      0.00      0.00         7
          P       0.27      0.29      0.28       133
          R       0.33      0.36      0.34       219

avg / total       0.28      0.28      0.28       831

[[78 19 31 14  4 39 71]
 [18  3  2  1  2  4 10]
 [29  4 11  4  0  6 18]
 [29  5  5 20  2 17 26]
 [ 1  1  0  1  0  1  3]
 [29  8  9 13  5 39 30]
 [58 13 10 22  0 38 78]]

CRF
Classification_report:
             precision    recall  f1-score   support

          B       0.44      0.66      0.53       256
          C       0.00      0.00      0.00        40
          G       0.00      0.00      0.00        72
          M       0.00      0.00      0.00       104
          O       0.00      0.00      0.00         7
          P       0.38      0.29      0.33       133
          R       0.38      0.59      0.47       219

avg / total       0.30      0.41      0.34       831

CRF 2.0
Classification_report:
             precision    recall  f1-score   support

          B       0.58      0.66      0.62       256
          C       0.30      0.20      0.24        40
          G       0.23      0.17      0.19        72
          M       0.38      0.31      0.34       104
          O       0.00      0.00      0.00         7
          P       0.58      0.51      0.54       133
          R       0.45      0.53      0.49       219

avg / total       0.47      0.49      0.48       831
