SVM RBF
Classification_report:
             precision    recall  f1-score   support

          B       0.00      0.00      0.00        77
          C       0.00      0.00      0.00        20
          G       0.00      0.00      0.00        36
          M       0.00      0.00      0.00        45
          O       0.00      0.00      0.00         6
          P       0.00      0.00      0.00        65
          R       0.32      1.00      0.48       117

avg / total       0.10      0.32      0.15       366

[[  0   0   0   0   0   0  77]
 [  0   0   0   0   0   0  20]
 [  0   0   0   0   0   0  36]
 [  0   0   0   0   0   0  45]
 [  0   0   0   0   0   0   6]
 [  0   0   0   0   0   0  65]
 [  0   0   0   0   0   0 117]]

SVM linear
Classification_report:
             precision    recall  f1-score   support

          B       0.45      0.44      0.45        77
          C       0.19      0.20      0.20        20
          G       0.47      0.44      0.46        36
          M       0.33      0.29      0.31        45
          O       0.33      0.17      0.22         6
          P       0.57      0.60      0.59        65
          R       0.48      0.52      0.50       117

avg / total       0.46      0.46      0.46       366

[[34  5  9  7  1  4 17]
 [ 2  4  0  1  0  4  9]
 [10  2 16  0  0  1  7]
 [ 4  1  2 13  0  5 20]
 [ 0  0  0  0  1  4  1]
 [ 6  2  3  3  1 39 11]
 [19  7  4 15  0 11 61]]

KNN
Classification_report:
             precision    recall  f1-score   support

          B       0.28      0.27      0.28        77
          C       0.08      0.55      0.14        20
          G       0.23      0.22      0.23        36
          M       0.27      0.20      0.23        45
          O       0.00      0.00      0.00         6
          P       0.35      0.26      0.30        65
          R       0.49      0.17      0.25       117

avg / total       0.34      0.23      0.25       366

[[21 29  8  4  0 13  2]
 [ 6 11  1  0  0  1  1]
 [10 13  8  1  0  2  2]
 [ 5 12  5  9  0  2 12]
 [ 0  5  0  0  0  0  1]
 [11 24  3  6  1 17  3]
 [21 38 10 13  1 14 20]]

NB
Classification_report:
             precision    recall  f1-score   support

          B       0.38      0.32      0.35        77
          C       0.14      0.10      0.12        20
          G       0.31      0.39      0.35        36
          M       0.27      0.29      0.28        45
          O       0.00      0.00      0.00         6
          P       0.46      0.54      0.50        65
          R       0.42      0.42      0.42       117

avg / total       0.37      0.38      0.37       366

[[25  2 15  9  0  9 17]
 [ 2  2  3  1  0  3  9]
 [10  2 14  0  0  2  8]
 [ 2  0  3 13  0  8 19]
 [ 0  0  0  0  0  1  5]
 [ 3  3  6  8  0 35 10]
 [24  5  4 17  0 18 49]]

DT
Classification_report:
             precision    recall  f1-score   support

          B       0.29      0.30      0.29        77
          C       0.14      0.20      0.16        20
          G       0.25      0.25      0.25        36
          M       0.17      0.18      0.17        45
          O       0.00      0.00      0.00         6
          P       0.25      0.23      0.24        65
          R       0.33      0.32      0.33       117

avg / total       0.27      0.27      0.26       366

[[23  8  7  8  1 13 17]
 [ 5  4  1  0  0  2  8]
 [12  1  9  2  0  3  9]
 [ 4  2  1  8  0 10 20]
 [ 0  1  1  2  0  0  2]
 [15  4  7  4  0 15 20]
 [20  9 10 24  0 16 38]]

CRF
Classification_report:
             precision    recall  f1-score   support

          B       0.00      0.00      0.00        77
          C       0.00      0.00      0.00        20
          G       0.00      0.00      0.00        36
          M       0.00      0.00      0.00        45
          O       0.00      0.00      0.00         6
          P       0.46      0.37      0.41        65
          R       0.37      1.00      0.54       117

avg / total       0.20      0.39      0.25       366

CRF 2.0
Classification_report:
             precision    recall  f1-score   support

          B       0.53      0.65      0.58        77
          C       0.27      0.15      0.19        20
          G       0.40      0.22      0.29        36
          M       0.35      0.13      0.19        45
          O       0.00      0.00      0.00         6
          P       0.68      0.58      0.63        65
          R       0.53      0.76      0.63       117

avg / total       0.50      0.53      0.50       366


SVM RBF
Classification_report:
             precision    recall  f1-score   support

          B       0.38      1.00      0.56       179
          C       0.00      0.00      0.00        20
          G       0.00      0.00      0.00        36
          M       0.00      0.00      0.00        59
          O       0.00      0.00      0.00         1
          P       0.00      0.00      0.00        68
          R       0.00      0.00      0.00       102

avg / total       0.15      0.38      0.21       465

[[179   0   0   0   0   0   0]
 [ 20   0   0   0   0   0   0]
 [ 36   0   0   0   0   0   0]
 [ 59   0   0   0   0   0   0]
 [  1   0   0   0   0   0   0]
 [ 68   0   0   0   0   0   0]
 [102   0   0   0   0   0   0]]

SVM linear
Classification_report:
             precision    recall  f1-score   support

          B       0.52      0.59      0.55       179
          C       0.00      0.00      0.00        20
          G       0.16      0.11      0.13        36
          M       0.28      0.25      0.27        59
          O       0.00      0.00      0.00         1
          P       0.49      0.47      0.48        68
          R       0.32      0.32      0.32       102

avg / total       0.39      0.41      0.40       465

[[106   2  17  16   0  12  26]
 [  9   0   0   0   0   4   7]
 [ 26   0   4   1   0   0   5]
 [ 15   3   1  15   0   5  20]
 [  0   0   0   0   0   0   1]
 [ 16   2   1   5   0  32  12]
 [ 32   7   2  16   0  12  33]]

KNN
Classification_report:
             precision    recall  f1-score   support

          B       0.48      0.50      0.49       179
          C       0.09      0.05      0.06        20
          G       0.12      0.08      0.10        36
          M       0.43      0.17      0.24        59
          O       0.00      0.00      0.00         1
          P       0.28      0.40      0.33        68
          R       0.24      0.30      0.27       102

avg / total       0.35      0.35      0.34       465

[[89  3 14  2  0 30 41]
 [ 8  1  0  0  0  3  8]
 [19  1  3  0  0  4  9]
 [17  0  3 10  0  6 23]
 [ 1  0  0  0  0  0  0]
 [16  5  1  3  0 27 16]
 [34  1  3  8  0 25 31]]

NB
Classification_report:
             precision    recall  f1-score   support

          B       0.53      0.49      0.51       179
          C       0.06      0.05      0.06        20
          G       0.17      0.28      0.21        36
          M       0.28      0.32      0.30        59
          O       0.00      0.00      0.00         1
          P       0.47      0.50      0.49        68
          R       0.29      0.24      0.26       102

avg / total       0.39      0.38      0.38       465

[[88  3 32 18  0 12 26]
 [ 8  1  3  1  0  4  3]
 [18  2 10  3  0  0  3]
 [13  1  1 19  0  7 18]
 [ 0  0  0  0  0  0  1]
 [11  4  3  7  0 34  9]
 [29  5  9 20  0 15 24]]

DT
Classification_report:
             precision    recall  f1-score   support

          B       0.42      0.37      0.39       179
          C       0.05      0.10      0.07        20
          G       0.00      0.00      0.00        36
          M       0.12      0.12      0.12        59
          O       0.00      0.00      0.00         1
          P       0.32      0.32      0.32        68
          R       0.23      0.25      0.24       102

avg / total       0.28      0.26      0.27       465

[[66 17 16 19  0 16 45]
 [ 6  2  1  2  0  5  4]
 [18  3  0  8  0  2  5]
 [19  5  4  7  0 11 13]
 [ 1  0  0  0  0  0  0]
 [17  6  1  6  0 22 16]
 [32  6 10 16  1 12 25]]

CRF
Classification_report:
             precision    recall  f1-score   support

          B       0.47      0.96      0.63       179
          C       0.00      0.00      0.00        20
          G       0.00      0.00      0.00        36
          M       1.00      0.02      0.03        59
          O       0.00      0.00      0.00         1
          P       0.19      0.15      0.17        68
          R       0.36      0.17      0.23       102

avg / total       0.42      0.43      0.32       465

CRF 2.0
Classification_report:
             precision    recall  f1-score   support

          B       0.62      0.91      0.74       179
          C       0.38      0.25      0.30        20
          G       0.23      0.08      0.12        36
          M       0.57      0.34      0.43        59
          O       0.00      0.00      0.00         1
          P       0.60      0.44      0.51        68
          R       0.52      0.47      0.49       102

avg / total       0.55      0.58      0.54       465


SVM RBF
Classification_report:
             precision    recall  f1-score   support

          B       0.31      1.00      0.47       256
          C       0.00      0.00      0.00        40
          G       0.00      0.00      0.00        72
          M       0.00      0.00      0.00       104
          O       0.00      0.00      0.00         7
          P       0.00      0.00      0.00       133
          R       0.00      0.00      0.00       219

avg / total       0.09      0.31      0.15       831

[[256   0   0   0   0   0   0]
 [ 40   0   0   0   0   0   0]
 [ 72   0   0   0   0   0   0]
 [104   0   0   0   0   0   0]
 [  7   0   0   0   0   0   0]
 [133   0   0   0   0   0   0]
 [219   0   0   0   0   0   0]]

SVM linear
Classification_report:
             precision    recall  f1-score   support

          B       0.46      0.54      0.50       256
          C       0.13      0.07      0.10        40
          G       0.37      0.26      0.31        72
          M       0.38      0.37      0.37       104
          O       0.20      0.14      0.17         7
          P       0.55      0.53      0.54       133
          R       0.43      0.44      0.44       219

avg / total       0.43      0.44      0.43       831

[[139   5  25  20   0  19  48]
 [ 18   3   0   1   0   4  14]
 [ 41   4  19   1   0   2   5]
 [ 19   2   1  38   0   7  37]
 [  0   0   0   0   1   4   2]
 [ 28   4   1   7   2  71  20]
 [ 57   5   6  32   2  21  96]]

KNN
Classification_report:
             precision    recall  f1-score   support

          B       0.39      0.38      0.38       256
          C       0.06      0.25      0.10        40
          G       0.11      0.10      0.10        72
          M       0.26      0.12      0.16       104
          O       0.25      0.14      0.18         7
          P       0.32      0.35      0.33       133
          R       0.37      0.25      0.30       219

avg / total       0.31      0.28      0.29       831

[[98 50 34  6  0 36 32]
 [11 10  3  1  0  6  9]
 [36 12  7  3  0  9  5]
 [25 15  8 12  0 14 30]
 [ 0  3  0  0  1  2  1]
 [28 29  5  7  2 46 16]
 [56 49  8 17  1 33 55]]

NB
Classification_report:
             precision    recall  f1-score   support

          B       0.55      0.43      0.48       256
          C       0.11      0.17      0.13        40
          G       0.23      0.49      0.31        72
          M       0.25      0.25      0.25       104
          O       0.00      0.00      0.00         7
          P       0.48      0.61      0.53       133
          R       0.40      0.26      0.31       219

avg / total       0.41      0.38      0.38       831

[[109  12  64  25   0  21  25]
 [  7   7  10   2   0   9   5]
 [ 20   7  35   2   0   3   5]
 [ 17   5   6  26   0  15  35]
 [  0   1   0   0   0   3   3]
 [  8  10  13   9   0  81  12]
 [ 37  24  23  41   0  38  56]]

DT
Classification_report:
             precision    recall  f1-score   support

          B       0.38      0.39      0.38       256
          C       0.09      0.12      0.11        40
          G       0.12      0.12      0.12        72
          M       0.15      0.14      0.15       104
          O       0.00      0.00      0.00         7
          P       0.32      0.30      0.31       133
          R       0.32      0.29      0.30       219

avg / total       0.28      0.28      0.28       831

[[100  13  28  30   1  23  61]
 [  9   5   2   5   0   6  13]
 [ 28   6   9   3   1  14  11]
 [ 26  10   5  15   0  17  31]
 [  2   0   1   1   0   2   1]
 [ 37   9  10  17   2  40  18]
 [ 64  11  23  31   3  24  63]]

CRF
Classification_report:
             precision    recall  f1-score   support

          B       0.36      0.46      0.40       256
          C       0.00      0.00      0.00        40
          G       0.00      0.00      0.00        72
          M       0.00      0.00      0.00       104
          O       0.00      0.00      0.00         7
          P       0.35      0.27      0.30       133
          R       0.30      0.55      0.39       219

avg / total       0.25      0.33      0.28       831

CRF 2.0
Classification_report:
             precision    recall  f1-score   support

          B       0.60      0.79      0.68       256
          C       0.30      0.17      0.22        40
          G       0.26      0.15      0.19        72
          M       0.41      0.30      0.34       104
          O       0.00      0.00      0.00         7
          P       0.67      0.53      0.59       133
          R       0.51      0.57      0.54       219

avg / total       0.51      0.54      0.52       831
