SVM RBF
Classification_report:
             precision    recall  f1-score   support

          B       0.00      0.00      0.00        77
          C       0.00      0.00      0.00        20
          G       0.00      0.00      0.00        36
          M       0.00      0.00      0.00        45
          O       0.00      0.00      0.00         6
          P       0.00      0.00      0.00        65
          R       0.32      1.00      0.48       117

avg / total       0.10      0.32      0.15       366

[[  0   0   0   0   0   0  77]
 [  0   0   0   0   0   0  20]
 [  0   0   0   0   0   0  36]
 [  0   0   0   0   0   0  45]
 [  0   0   0   0   0   0   6]
 [  0   0   0   0   0   0  65]
 [  0   0   0   0   0   0 117]]

SVM linear
Classification_report:
             precision    recall  f1-score   support

          B       0.41      0.44      0.42        77
          C       0.19      0.20      0.20        20
          G       0.45      0.42      0.43        36
          M       0.29      0.24      0.27        45
          O       0.50      0.33      0.40         6
          P       0.52      0.49      0.51        65
          R       0.48      0.52      0.50       117

avg / total       0.43      0.43      0.43       366

[[34  5 10  4  1  6 17]
 [ 3  4  0  1  0  3  9]
 [10  2 15  0  0  2  7]
 [ 7  1  2 11  0  4 20]
 [ 0  0  0  0  2  3  1]
 [ 9  2  3  7  1 32 11]
 [20  7  3 15  0 11 61]]

KNN
Classification_report:
             precision    recall  f1-score   support

          B       0.35      0.32      0.34        77
          C       0.09      0.50      0.16        20
          G       0.38      0.39      0.38        36
          M       0.27      0.29      0.28        45
          O       0.00      0.00      0.00         6
          P       0.30      0.23      0.26        65
          R       0.40      0.18      0.25       117

avg / total       0.33      0.27      0.28       366

[[25 25  4  4  0 14  5]
 [ 4 10  0  0  0  3  3]
 [10  7 14  2  0  2  1]
 [ 3  6  5 13  0  3 15]
 [ 0  4  0  0  0  1  1]
 [11 21  2  9  1 15  6]
 [18 33 12 20  1 12 21]]

NB
Classification_report:
             precision    recall  f1-score   support

          B       0.42      0.40      0.41        77
          C       0.11      0.10      0.11        20
          G       0.33      0.39      0.35        36
          M       0.28      0.29      0.28        45
          O       0.00      0.00      0.00         6
          P       0.44      0.57      0.49        65
          R       0.43      0.37      0.40       117

avg / total       0.38      0.38      0.38       366

[[31  3 14  9  0 10 10]
 [ 3  2  3  0  0  5  7]
 [ 9  1 14  0  0  4  8]
 [ 2  0  3 13  0  7 20]
 [ 0  0  0  0  0  1  5]
 [ 6  5  3  7  0 37  7]
 [22  7  6 18  0 21 43]]

DT
Classification_report:
             precision    recall  f1-score   support

          B       0.30      0.35      0.32        77
          C       0.12      0.15      0.13        20
          G       0.22      0.22      0.22        36
          M       0.21      0.20      0.21        45
          O       0.00      0.00      0.00         6
          P       0.19      0.20      0.19        65
          R       0.29      0.24      0.26       117

avg / total       0.24      0.24      0.24       366

[[27  4  7 13  1  9 16]
 [ 7  3  1  1  0  2  6]
 [ 7  2  8  2  1  7  9]
 [ 9  1  1  9  0  9 16]
 [ 0  0  0  0  0  2  4]
 [15  7  6  5  3 13 16]
 [26  9 13 12  1 28 28]]

CRF
Classification_report:
             precision    recall  f1-score   support

          B       0.53      0.12      0.19        77
          C       0.00      0.00      0.00        20
          G       0.20      0.03      0.05        36
          M       0.00      0.00      0.00        45
          O       0.00      0.00      0.00         6
          P       0.46      0.37      0.41        65
          R       0.38      0.96      0.55       117

avg / total       0.34      0.40      0.29       366

CRF 2.0
Classification_report:
             precision    recall  f1-score   support

          B       0.48      0.56      0.52        77
          C       0.38      0.15      0.21        20
          G       0.29      0.17      0.21        36
          M       0.30      0.16      0.21        45
          O       0.00      0.00      0.00         6
          P       0.61      0.54      0.57        65
          R       0.52      0.75      0.62       117

avg / total       0.46      0.50      0.47       366


SVM RBF
Classification_report:
             precision    recall  f1-score   support

          B       0.38      1.00      0.56       179
          C       0.00      0.00      0.00        20
          G       0.00      0.00      0.00        36
          M       0.00      0.00      0.00        59
          O       0.00      0.00      0.00         1
          P       0.00      0.00      0.00        68
          R       0.00      0.00      0.00       102

avg / total       0.15      0.38      0.21       465

[[179   0   0   0   0   0   0]
 [ 20   0   0   0   0   0   0]
 [ 36   0   0   0   0   0   0]
 [ 59   0   0   0   0   0   0]
 [  1   0   0   0   0   0   0]
 [ 68   0   0   0   0   0   0]
 [102   0   0   0   0   0   0]]

SVM linear
Classification_report:
             precision    recall  f1-score   support

          B       0.50      0.55      0.52       179
          C       0.00      0.00      0.00        20
          G       0.23      0.17      0.19        36
          M       0.27      0.27      0.27        59
          O       0.00      0.00      0.00         1
          P       0.42      0.46      0.44        68
          R       0.27      0.25      0.26       102

avg / total       0.36      0.38      0.37       465

[[99  2 15 16  0 17 30]
 [ 9  0  0  1  0  3  7]
 [23  0  6  0  0  2  5]
 [16  2  1 16  0  8 16]
 [ 0  0  0  0  0  0  1]
 [19  2  1  5  0 31 10]
 [33  5  3 22  0 13 26]]

KNN
Classification_report:
             precision    recall  f1-score   support

          B       0.49      0.51      0.50       179
          C       0.20      0.15      0.17        20
          G       0.14      0.11      0.12        36
          M       0.30      0.12      0.17        59
          O       0.00      0.00      0.00         1
          P       0.27      0.37      0.31        68
          R       0.22      0.25      0.23       102

avg / total       0.33      0.34      0.33       465

[[92  3 13  0  0 28 43]
 [ 5  3  0  1  0  2  9]
 [22  0  4  0  0  4  6]
 [17  1  4  7  0 10 20]
 [ 0  0  0  0  0  0  1]
 [15  5  1  7  0 25 15]
 [36  3  7  8  0 22 26]]

NB
Classification_report:
             precision    recall  f1-score   support

          B       0.56      0.50      0.53       179
          C       0.06      0.05      0.05        20
          G       0.18      0.31      0.22        36
          M       0.33      0.37      0.35        59
          O       0.00      0.00      0.00         1
          P       0.45      0.51      0.48        68
          R       0.33      0.26      0.29       102

avg / total       0.41      0.40      0.40       465

[[90  3 28 17  0 15 26]
 [ 6  1  2  2  0  4  5]
 [17  2 11  3  0  0  3]
 [13  2  0 22  0  7 15]
 [ 0  0  0  0  0  0  1]
 [10  5  7  6  0 35  5]
 [24  5 14 16  0 16 27]]

DT
Classification_report:
             precision    recall  f1-score   support

          B       0.41      0.38      0.40       179
          C       0.04      0.05      0.05        20
          G       0.12      0.14      0.13        36
          M       0.13      0.14      0.13        59
          O       0.00      0.00      0.00         1
          P       0.17      0.16      0.17        68
          R       0.28      0.29      0.29       102

avg / total       0.27      0.26      0.27       465

[[68  7 16 22  1 26 39]
 [ 8  1  1  3  0  6  1]
 [20  3  5  3  0  2  3]
 [17  7  5  8  0  6 16]
 [ 0  0  0  0  0  0  1]
 [24  3  8  6  0 11 16]
 [27  3  6 21  1 14 30]]

CRF
Classification_report:
             precision    recall  f1-score   support

          B       0.51      0.89      0.65       179
          C       0.00      0.00      0.00        20
          G       0.00      0.00      0.00        36
          M       0.26      0.10      0.15        59
          O       0.00      0.00      0.00         1
          P       0.29      0.22      0.25        68
          R       0.36      0.26      0.31       102

avg / total       0.35      0.45      0.37       465

CRF 2.0
Classification_report:
             precision    recall  f1-score   support

          B       0.59      0.80      0.68       179
          C       0.38      0.15      0.21        20
          G       0.13      0.06      0.08        36
          M       0.43      0.32      0.37        59
          O       0.00      0.00      0.00         1
          P       0.56      0.43      0.48        68
          R       0.41      0.42      0.42       102

avg / total       0.48      0.51      0.49       465


SVM RBF
Classification_report:
             precision    recall  f1-score   support

          B       0.31      1.00      0.47       256
          C       0.00      0.00      0.00        40
          G       0.00      0.00      0.00        72
          M       0.00      0.00      0.00       104
          O       0.00      0.00      0.00         7
          P       0.00      0.00      0.00       133
          R       0.00      0.00      0.00       219

avg / total       0.09      0.31      0.15       831

[[256   0   0   0   0   0   0]
 [ 40   0   0   0   0   0   0]
 [ 72   0   0   0   0   0   0]
 [104   0   0   0   0   0   0]
 [  7   0   0   0   0   0   0]
 [133   0   0   0   0   0   0]
 [219   0   0   0   0   0   0]]

SVM linear
Classification_report:
             precision    recall  f1-score   support

          B       0.47      0.57      0.51       256
          C       0.17      0.07      0.10        40
          G       0.34      0.22      0.27        72
          M       0.36      0.31      0.33       104
          O       0.00      0.00      0.00         7
          P       0.54      0.55      0.54       133
          R       0.46      0.47      0.47       219

avg / total       0.43      0.45      0.44       831

[[145   5  24  18   0  22  42]
 [ 15   3   1   0   0   6  15]
 [ 45   2  16   1   0   3   5]
 [ 23   2   0  32   0   8  39]
 [  0   1   0   0   0   4   2]
 [ 26   2   0  10   1  73  21]
 [ 56   3   6  28   2  20 104]]

KNN
Classification_report:
             precision    recall  f1-score   support

          B       0.43      0.44      0.43       256
          C       0.06      0.23      0.09        40
          G       0.22      0.19      0.21        72
          M       0.26      0.14      0.19       104
          O       0.00      0.00      0.00         7
          P       0.32      0.32      0.32       133
          R       0.35      0.25      0.29       219

avg / total       0.33      0.30      0.31       831

[[113  44  28   9   1  31  30]
 [ 11   9   1   2   0   5  12]
 [ 30   8  14   2   0  11   7]
 [ 26  13   6  15   0  11  33]
 [  0   3   0   2   0   1   1]
 [ 23  28   5  12   2  42  21]
 [ 62  45  10  16   1  30  55]]

NB
Classification_report:
             precision    recall  f1-score   support

          B       0.52      0.40      0.45       256
          C       0.15      0.25      0.19        40
          G       0.23      0.46      0.31        72
          M       0.23      0.25      0.24       104
          O       0.00      0.00      0.00         7
          P       0.45      0.60      0.52       133
          R       0.40      0.25      0.31       219

avg / total       0.39      0.37      0.37       831

[[102  14  62  27   0  25  26]
 [  7  10   7   0   0   9   7]
 [ 22   7  33   4   0   3   3]
 [ 18   3   7  26   0  17  33]
 [  0   1   0   0   0   2   4]
 [  8   8  14  12   0  80  11]
 [ 38  24  20  42   0  40  55]]

DT
Classification_report:
             precision    recall  f1-score   support

          B       0.39      0.36      0.38       256
          C       0.03      0.03      0.03        40
          G       0.15      0.15      0.15        72
          M       0.16      0.16      0.16       104
          O       0.00      0.00      0.00         7
          P       0.30      0.32      0.31       133
          R       0.33      0.34      0.33       219

avg / total       0.29      0.29      0.29       831

[[93  8 21 32  2 38 62]
 [ 7  1  7  5  0  6 14]
 [22  2 11  8  1 13 15]
 [25  7  7 17  1 13 34]
 [ 0  0  0  3  0  3  1]
 [25 13 13 11  1 43 27]
 [64  6 15 31  2 27 74]]

CRF
Classification_report:
             precision    recall  f1-score   support

          B       0.39      0.55      0.46       256
          C       0.00      0.00      0.00        40
          G       0.00      0.00      0.00        72
          M       0.00      0.00      0.00       104
          O       0.00      0.00      0.00         7
          P       0.34      0.26      0.30       133
          R       0.31      0.53      0.39       219

avg / total       0.26      0.35      0.29       831

CRF 2.0
Classification_report:
             precision    recall  f1-score   support

          B       0.59      0.80      0.68       256
          C       0.21      0.10      0.14        40
          G       0.16      0.08      0.11        72
          M       0.33      0.23      0.27       104
          O       0.00      0.00      0.00         7
          P       0.61      0.52      0.56       133
          R       0.50      0.54      0.52       219

avg / total       0.47      0.51      0.49       831
