SVM RBF
Classification_report:
             precision    recall  f1-score   support

          B       1.00      0.01      0.03        77
          C       0.00      0.00      0.00        20
          G       0.00      0.00      0.00        36
          M       0.00      0.00      0.00        45
          O       0.00      0.00      0.00         6
          P       1.00      0.02      0.03        65
          R       0.32      1.00      0.49       117

avg / total       0.49      0.33      0.17       366

[[  1   0   0   0   0   0  76]
 [  0   0   0   0   0   0  20]
 [  0   0   0   0   0   0  36]
 [  0   0   0   0   0   0  45]
 [  0   0   0   0   0   0   6]
 [  0   0   0   0   0   1  64]
 [  0   0   0   0   0   0 117]]

SVM linear
Classification_report:
             precision    recall  f1-score   support

          B       0.40      0.44      0.42        77
          C       0.15      0.20      0.17        20
          G       0.42      0.39      0.41        36
          M       0.29      0.31      0.30        45
          O       0.75      0.50      0.60         6
          P       0.64      0.54      0.58        65
          R       0.50      0.49      0.49       117

avg / total       0.45      0.44      0.45       366

[[34  8 10  4  0  6 15]
 [ 5  4  0  1  0  2  8]
 [15  2 14  0  0  0  5]
 [ 9  1  2 14  0  2 17]
 [ 0  0  0  0  3  2  1]
 [ 7  2  4  5  1 35 11]
 [15 10  3 24  0  8 57]]

KNN
Classification_report:
             precision    recall  f1-score   support

          B       0.32      0.42      0.36        77
          C       0.12      0.40      0.18        20
          G       0.43      0.33      0.38        36
          M       0.19      0.20      0.19        45
          O       0.00      0.00      0.00         6
          P       0.43      0.37      0.40        65
          R       0.53      0.28      0.37       117

avg / total       0.39      0.32      0.34       366

[[32 14  4  9  1 10  7]
 [ 4  8  2  1  0  2  3]
 [12  5 12  2  0  3  2]
 [11  3  2  9  0  8 12]
 [ 2  2  0  1  0  1  0]
 [12 13  1  8  2 24  5]
 [26 23  7 18  2  8 33]]

NB
Classification_report:
             precision    recall  f1-score   support

          B       0.46      0.35      0.40        77
          C       0.13      0.10      0.11        20
          G       0.29      0.44      0.35        36
          M       0.17      0.20      0.18        45
          O       0.00      0.00      0.00         6
          P       0.43      0.65      0.52        65
          R       0.47      0.34      0.40       117

avg / total       0.38      0.37      0.36       366

[[27  2 18  9  0 11 10]
 [ 0  2  3  1  0  8  6]
 [11  2 16  1  0  2  4]
 [ 3  0  4  9  0 13 16]
 [ 0  0  0  1  0  2  3]
 [ 2  2  7  6  0 42  6]
 [16  7  8 26  0 20 40]]

DT
Classification_report:
             precision    recall  f1-score   support

          B       0.35      0.35      0.35        77
          C       0.08      0.10      0.09        20
          G       0.16      0.14      0.15        36
          M       0.13      0.13      0.13        45
          O       0.00      0.00      0.00         6
          P       0.30      0.34      0.32        65
          R       0.33      0.30      0.31       117

avg / total       0.27      0.27      0.27       366

[[27  5  6  4  1 13 21]
 [ 5  2  1  1  0  6  5]
 [10  4  5  1  0  5 11]
 [ 7  3  3  6  2  5 19]
 [ 2  1  0  1  0  2  0]
 [ 6  2  7 12  1 22 15]
 [21  7 10 21  3 20 35]]

CRF
Classification_report:
             precision    recall  f1-score   support

          B       0.20      0.01      0.02        77
          C       0.00      0.00      0.00        20
          G       0.67      0.06      0.10        36
          M       0.00      0.00      0.00        45
          O       0.00      0.00      0.00         6
          P       0.43      0.34      0.38        65
          R       0.38      0.91      0.53       117

avg / total       0.30      0.36      0.25       366

CRF 2.0
Classification_report:
             precision    recall  f1-score   support

          B       0.46      0.51      0.48        77
          C       0.40      0.20      0.27        20
          G       0.24      0.22      0.23        36
          M       0.29      0.22      0.25        45
          O       0.00      0.00      0.00         6
          P       0.56      0.57      0.56        65
          R       0.56      0.67      0.61       117

avg / total       0.46      0.48      0.47       366


SVM RBF
Classification_report:
             precision    recall  f1-score   support

          B       0.39      0.99      0.56       179
          C       0.00      0.00      0.00        20
          G       0.00      0.00      0.00        36
          M       0.00      0.00      0.00        59
          O       0.00      0.00      0.00         1
          P       1.00      0.13      0.23        68
          R       0.25      0.01      0.02       102

avg / total       0.35      0.40      0.26       465

[[178   0   0   0   0   0   1]
 [ 20   0   0   0   0   0   0]
 [ 36   0   0   0   0   0   0]
 [ 58   0   0   0   0   0   1]
 [  1   0   0   0   0   0   0]
 [ 58   0   0   0   0   9   1]
 [101   0   0   0   0   0   1]]

SVM linear
Classification_report:
             precision    recall  f1-score   support

          B       0.53      0.55      0.54       179
          C       0.04      0.05      0.04        20
          G       0.25      0.17      0.20        36
          M       0.23      0.25      0.24        59
          O       0.00      0.00      0.00         1
          P       0.44      0.51      0.48        68
          R       0.28      0.24      0.26       102

avg / total       0.38      0.38      0.38       465

[[98 14 14 17  0 13 23]
 [10  1  1  1  0  5  2]
 [23  1  6  1  0  1  4]
 [15  1  0 15  0  8 20]
 [ 0  0  0  0  0  0  1]
 [ 9  3  2  7  0 35 12]
 [29  7  1 24  0 17 24]]

KNN
Classification_report:
             precision    recall  f1-score   support

          B       0.53      0.57      0.55       179
          C       0.10      0.10      0.10        20
          G       0.04      0.03      0.03        36
          M       0.27      0.15      0.20        59
          O       0.00      0.00      0.00         1
          P       0.32      0.35      0.34        68
          R       0.24      0.27      0.25       102

avg / total       0.34      0.36      0.35       465

[[102   6  13   3   0  16  39]
 [  3   2   2   2   0   3   8]
 [ 20   1   1   0   0   2  12]
 [ 14   2   4   9   0   9  21]
 [  0   0   0   1   0   0   0]
 [ 20   6   2   5   0  24  11]
 [ 34   3   4  13   0  20  28]]

NB
Classification_report:
             precision    recall  f1-score   support

          B       0.54      0.37      0.44       179
          C       0.03      0.05      0.04        20
          G       0.19      0.42      0.27        36
          M       0.30      0.39      0.34        59
          O       0.00      0.00      0.00         1
          P       0.43      0.51      0.47        68
          R       0.28      0.21      0.24       102

avg / total       0.39      0.35      0.36       465

[[67 11 39 21  0 18 23]
 [ 6  1  2  2  0  3  6]
 [12  2 15  4  0  0  3]
 [10  2  3 23  0  8 13]
 [ 0  0  0  1  0  0  0]
 [ 6  8  5  4  0 35 10]
 [23  5 13 22  0 18 21]]

DT
Classification_report:
             precision    recall  f1-score   support

          B       0.42      0.38      0.40       179
          C       0.00      0.00      0.00        20
          G       0.08      0.08      0.08        36
          M       0.12      0.14      0.13        59
          O       0.00      0.00      0.00         1
          P       0.34      0.31      0.32        68
          R       0.27      0.29      0.28       102

avg / total       0.29      0.28      0.29       465

[[68 13 20 23  0 19 36]
 [ 7  0  2  2  0  2  7]
 [17  4  3  7  0  2  3]
 [17  4  4  8  0  4 22]
 [ 0  0  0  1  0  0  0]
 [21  5  3  5  0 21 13]
 [30  5  5 18  0 14 30]]

CRF
Classification_report:
             precision    recall  f1-score   support

          B       0.49      0.94      0.65       179
          C       0.00      0.00      0.00        20
          G       0.00      0.00      0.00        36
          M       0.00      0.00      0.00        59
          O       0.00      0.00      0.00         1
          P       0.27      0.21      0.23        68
          R       0.30      0.19      0.23       102

avg / total       0.29      0.43      0.33       465

CRF 2.0
Classification_report:
             precision    recall  f1-score   support

          B       0.63      0.74      0.68       179
          C       0.57      0.20      0.30        20
          G       0.27      0.22      0.24        36
          M       0.33      0.29      0.31        59
          O       0.00      0.00      0.00         1
          P       0.55      0.50      0.52        68
          R       0.49      0.50      0.50       102

avg / total       0.52      0.53      0.52       465


SVM RBF
Classification_report:
             precision    recall  f1-score   support

          B       0.44      0.79      0.56       256
          C       0.00      0.00      0.00        40
          G       0.00      0.00      0.00        72
          M       0.00      0.00      0.00       104
          O       0.00      0.00      0.00         7
          P       0.78      0.35      0.48       133
          R       0.43      0.60      0.50       219

avg / total       0.37      0.46      0.38       831

[[202   0   0   0   0   2  52]
 [ 23   0   0   0   0   1  16]
 [ 68   0   0   0   0   0   4]
 [ 35   0   0   0   0   3  66]
 [  0   0   0   0   0   2   5]
 [ 53   0   0   0   0  46  34]
 [ 82   0   0   0   0   5 132]]

SVM linear
Classification_report:
             precision    recall  f1-score   support

          B       0.47      0.53      0.49       256
          C       0.09      0.10      0.10        40
          G       0.27      0.25      0.26        72
          M       0.33      0.31      0.32       104
          O       0.33      0.29      0.31         7
          P       0.59      0.59      0.59       133
          R       0.47      0.42      0.45       219

avg / total       0.44      0.44      0.44       831

[[135  14  40  20   0  12  35]
 [ 15   4   2   1   0   6  12]
 [ 45   2  18   0   0   2   5]
 [ 22   2   1  32   0   8  39]
 [  0   1   0   0   2   3   1]
 [ 18   5   4  13   2  79  12]
 [ 55  15   1  30   2  23  93]]

KNN
Classification_report:
             precision    recall  f1-score   support

          B       0.45      0.51      0.48       256
          C       0.07      0.17      0.10        40
          G       0.25      0.22      0.24        72
          M       0.23      0.18      0.20       104
          O       0.00      0.00      0.00         7
          P       0.42      0.41      0.41       133
          R       0.39      0.28      0.33       219

avg / total       0.36      0.35      0.35       831

[[131  25  33  17   1  17  32]
 [ 10   7   1   4   0   9   9]
 [ 36   4  16   1   0   6   9]
 [ 26  10   3  19   0  16  30]
 [  1   4   0   0   0   1   1]
 [ 24  20   4  12   1  54  18]
 [ 65  26   6  29   4  27  62]]

NB
Classification_report:
             precision    recall  f1-score   support

          B       0.55      0.34      0.42       256
          C       0.16      0.23      0.19        40
          G       0.22      0.51      0.30        72
          M       0.23      0.26      0.24       104
          O       0.00      0.00      0.00         7
          P       0.44      0.60      0.51       133
          R       0.42      0.28      0.34       219

avg / total       0.41      0.36      0.37       831

[[86 10 74 32  0 28 26]
 [ 3  9 11  2  0  8  7]
 [19  7 37  1  0  2  6]
 [13  4 10 27  0 18 32]
 [ 0  0  0  0  0  3  4]
 [ 6 10 16 10  0 80 11]
 [28 17 24 46  0 42 62]]

DT
Classification_report:
             precision    recall  f1-score   support

          B       0.37      0.34      0.36       256
          C       0.10      0.07      0.09        40
          G       0.20      0.15      0.17        72
          M       0.20      0.21      0.20       104
          O       0.14      0.14      0.14         7
          P       0.29      0.33      0.31       133
          R       0.33      0.36      0.34       219

avg / total       0.29      0.30      0.30       831

[[88 11 23 30  0 30 74]
 [13  3  3  2  0 10  9]
 [35  3 11  6  0  8  9]
 [21  3  9 22  1 20 28]
 [ 0  0  0  0  1  3  3]
 [25  2  7 17  2 44 36]
 [57  8  3 35  3 35 78]]

CRF
Classification_report:
             precision    recall  f1-score   support

          B       0.37      0.55      0.45       256
          C       0.00      0.00      0.00        40
          G       0.00      0.00      0.00        72
          M       0.00      0.00      0.00       104
          O       0.00      0.00      0.00         7
          P       0.34      0.26      0.30       133
          R       0.33      0.52      0.40       219

avg / total       0.26      0.35      0.29       831

CRF 2.0
Classification_report:
             precision    recall  f1-score   support

          B       0.65      0.75      0.70       256
          C       0.26      0.20      0.23        40
          G       0.40      0.32      0.36        72
          M       0.40      0.34      0.36       104
          O       0.00      0.00      0.00         7
          P       0.57      0.60      0.59       133
          R       0.54      0.54      0.54       219

avg / total       0.53      0.55      0.54       831
