SVM RBF
Classification_report:
             precision    recall  f1-score   support

          B       0.00      0.00      0.00        77
          C       0.00      0.00      0.00        20
          G       0.00      0.00      0.00        36
          M       0.00      0.00      0.00        45
          O       0.00      0.00      0.00         6
          P       0.00      0.00      0.00        65
          R       0.32      1.00      0.48       117

avg / total       0.10      0.32      0.15       366

[[  0   0   0   0   0   0  77]
 [  0   0   0   0   0   0  20]
 [  0   0   0   0   0   0  36]
 [  0   0   0   0   0   0  45]
 [  0   0   0   0   0   0   6]
 [  0   0   0   0   0   0  65]
 [  0   0   0   0   0   0 117]]

SVM linear
Classification_report:
             precision    recall  f1-score   support

          B       0.41      0.40      0.41        77
          C       0.00      0.00      0.00        20
          G       0.39      0.19      0.26        36
          M       0.28      0.11      0.16        45
          O       0.00      0.00      0.00         6
          P       0.48      0.48      0.48        65
          R       0.41      0.67      0.51       117

avg / total       0.37      0.42      0.38       366

[[31  0  5  2  0  7 32]
 [ 1  0  0  0  0  5 14]
 [18  0  7  0  0  1 10]
 [ 4  0  1  5  0  5 30]
 [ 0  0  0  0  0  4  2]
 [ 5  0  3  3  0 31 23]
 [17  0  2  8  0 12 78]]

KNN
Classification_report:
             precision    recall  f1-score   support

          B       0.34      0.42      0.37        77
          C       0.08      0.20      0.11        20
          G       0.37      0.31      0.33        36
          M       0.20      0.22      0.21        45
          O       0.00      0.00      0.00         6
          P       0.29      0.31      0.30        65
          R       0.51      0.30      0.38       117

avg / total       0.35      0.31      0.32       366

[[32 10  9  7  0 14  5]
 [ 6  4  0  0  0  4  6]
 [ 9  5 11  4  0  4  3]
 [ 6  2  2 10  1  9 15]
 [ 1  1  1  0  0  3  0]
 [16 10  2 12  1 20  4]
 [25 21  5 17  0 14 35]]

NB
Classification_report:
             precision    recall  f1-score   support

          B       0.42      0.38      0.40        77
          C       0.17      0.20      0.19        20
          G       0.34      0.36      0.35        36
          M       0.26      0.27      0.26        45
          O       0.00      0.00      0.00         6
          P       0.39      0.52      0.44        65
          R       0.48      0.41      0.44       117

avg / total       0.38      0.38      0.38       366

[[29  2 13  6  0 12 15]
 [ 3  4  1  0  0  8  4]
 [10  6 13  0  0  0  7]
 [ 2  0  2 12  0 13 16]
 [ 0  0  0  0  0  3  3]
 [ 6  4  3 10  0 34  8]
 [19  7  6 19  0 18 48]]

DT
Classification_report:
             precision    recall  f1-score   support

          B       0.23      0.19      0.21        77
          C       0.09      0.15      0.11        20
          G       0.20      0.22      0.21        36
          M       0.23      0.22      0.22        45
          O       0.00      0.00      0.00         6
          P       0.26      0.28      0.27        65
          R       0.46      0.40      0.43       117

avg / total       0.29      0.28      0.28       366

[[15 13 12  9  2 11 15]
 [ 1  3  4  0  1  3  8]
 [11  4  8  1  0  8  4]
 [10  1  2 10  2  7 13]
 [ 1  0  0  1  0  3  1]
 [11  5  7  9  1 18 14]
 [17  9  8 14  2 20 47]]

CRF
Classification_report:
             precision    recall  f1-score   support

          B       0.00      0.00      0.00        77
          C       0.00      0.00      0.00        20
          G       0.00      0.00      0.00        36
          M       0.00      0.00      0.00        45
          O       0.00      0.00      0.00         6
          P       0.46      0.37      0.41        65
          R       0.37      0.95      0.53       117

avg / total       0.20      0.37      0.24       366

CRF 2.0
Classification_report:
             precision    recall  f1-score   support

          B       0.46      0.44      0.45        77
          C       0.29      0.10      0.15        20
          G       0.26      0.19      0.22        36
          M       0.33      0.16      0.21        45
          O       0.00      0.00      0.00         6
          P       0.52      0.45      0.48        65
          R       0.50      0.77      0.60       117

avg / total       0.43      0.46      0.43       366


SVM RBF
Classification_report:
             precision    recall  f1-score   support

          B       0.38      1.00      0.56       179
          C       0.00      0.00      0.00        20
          G       0.00      0.00      0.00        36
          M       0.00      0.00      0.00        59
          O       0.00      0.00      0.00         1
          P       0.00      0.00      0.00        68
          R       0.00      0.00      0.00       102

avg / total       0.15      0.38      0.21       465

[[179   0   0   0   0   0   0]
 [ 20   0   0   0   0   0   0]
 [ 36   0   0   0   0   0   0]
 [ 59   0   0   0   0   0   0]
 [  1   0   0   0   0   0   0]
 [ 68   0   0   0   0   0   0]
 [102   0   0   0   0   0   0]]

SVM linear
Classification_report:
             precision    recall  f1-score   support

          B       0.49      0.79      0.60       179
          C       0.00      0.00      0.00        20
          G       0.00      0.00      0.00        36
          M       0.39      0.19      0.25        59
          O       0.00      0.00      0.00         1
          P       0.59      0.47      0.52        68
          R       0.34      0.31      0.33       102

avg / total       0.40      0.46      0.41       465

[[141   0   0   6   0   5  27]
 [ 14   0   0   1   0   3   2]
 [ 33   0   0   1   0   1   1]
 [ 23   0   0  11   0   4  21]
 [  1   0   0   0   0   0   0]
 [ 26   0   0   0   0  32  10]
 [ 52   0   0   9   0   9  32]]

KNN
Classification_report:
             precision    recall  f1-score   support

          B       0.51      0.63      0.56       179
          C       0.05      0.05      0.05        20
          G       0.08      0.06      0.06        36
          M       0.29      0.17      0.22        59
          O       0.00      0.00      0.00         1
          P       0.35      0.34      0.34        68
          R       0.29      0.27      0.28       102

avg / total       0.36      0.38      0.36       465

[[113   4  14   5   0  18  25]
 [  9   1   2   0   0   3   5]
 [ 26   1   2   0   0   4   3]
 [ 19   2   3  10   0   4  21]
 [  0   0   0   0   0   0   1]
 [ 22   6   1   4   0  23  12]
 [ 34   7   4  15   0  14  28]]

NB
Classification_report:
             precision    recall  f1-score   support

          B       0.51      0.44      0.47       179
          C       0.04      0.05      0.04        20
          G       0.19      0.22      0.21        36
          M       0.31      0.37      0.34        59
          O       0.00      0.00      0.00         1
          P       0.45      0.59      0.51        68
          R       0.27      0.22      0.24       102

avg / total       0.38      0.37      0.37       465

[[79 13 23 15  0 18 31]
 [12  1  1  1  0  3  2]
 [18  1  8  3  0  1  5]
 [11  2  3 22  0  7 14]
 [ 0  0  0  0  0  1  0]
 [ 9  4  1  6  0 40  8]
 [27  5  6 23  0 19 22]]

DT
Classification_report:
             precision    recall  f1-score   support

          B       0.47      0.46      0.46       179
          C       0.00      0.00      0.00        20
          G       0.13      0.14      0.14        36
          M       0.17      0.20      0.19        59
          O       0.00      0.00      0.00         1
          P       0.33      0.29      0.31        68
          R       0.32      0.33      0.33       102

avg / total       0.33      0.33      0.33       465

[[82  7 18 22  1 15 34]
 [14  0  0  4  0  2  0]
 [17  1  5  2  1  3  7]
 [17  0  6 12  0  6 18]
 [ 0  0  0  1  0  0  0]
 [16  3  3 12  0 20 14]
 [30  1  6 16  0 15 34]]

CRF
Classification_report:
             precision    recall  f1-score   support

          B       0.48      0.91      0.63       179
          C       0.00      0.00      0.00        20
          G       0.00      0.00      0.00        36
          M       0.17      0.02      0.03        59
          O       0.00      0.00      0.00         1
          P       0.21      0.16      0.18        68
          R       0.36      0.24      0.29       102

avg / total       0.32      0.43      0.33       465

CRF 2.0
Classification_report:
             precision    recall  f1-score   support

          B       0.63      0.80      0.70       179
          C       0.50      0.20      0.29        20
          G       0.21      0.11      0.15        36
          M       0.35      0.32      0.34        59
          O       0.00      0.00      0.00         1
          P       0.61      0.46      0.52        68
          R       0.41      0.41      0.41       102

avg / total       0.50      0.52      0.50       465


SVM RBF
Classification_report:
             precision    recall  f1-score   support

          B       0.31      1.00      0.47       256
          C       0.00      0.00      0.00        40
          G       0.00      0.00      0.00        72
          M       0.00      0.00      0.00       104
          O       0.00      0.00      0.00         7
          P       0.00      0.00      0.00       133
          R       0.00      0.00      0.00       219

avg / total       0.09      0.31      0.15       831

[[256   0   0   0   0   0   0]
 [ 40   0   0   0   0   0   0]
 [ 72   0   0   0   0   0   0]
 [104   0   0   0   0   0   0]
 [  7   0   0   0   0   0   0]
 [133   0   0   0   0   0   0]
 [219   0   0   0   0   0   0]]

SVM linear
Classification_report:
             precision    recall  f1-score   support

          B       0.46      0.68      0.55       256
          C       0.00      0.00      0.00        40
          G       0.33      0.01      0.03        72
          M       0.35      0.12      0.17       104
          O       0.00      0.00      0.00         7
          P       0.53      0.49      0.51       133
          R       0.41      0.56      0.48       219

avg / total       0.41      0.45      0.40       831

[[173   0   1   7   0  19  56]
 [ 20   0   0   1   0   6  13]
 [ 58   0   1   1   0   2  10]
 [ 19   0   0  12   0   8  65]
 [  0   0   0   0   0   3   4]
 [ 38   0   1   2   0  65  27]
 [ 65   0   0  11   1  19 123]]

KNN
Classification_report:
             precision    recall  f1-score   support

          B       0.45      0.53      0.49       256
          C       0.05      0.10      0.07        40
          G       0.23      0.24      0.23        72
          M       0.34      0.24      0.28       104
          O       0.00      0.00      0.00         7
          P       0.39      0.42      0.40       133
          R       0.40      0.29      0.33       219

avg / total       0.37      0.36      0.36       831

[[136  24  27   7   0  31  31]
 [ 12   4   4   1   0   5  14]
 [ 34   4  17   4   0   9   4]
 [ 21   6   5  25   0  16  31]
 [  4   0   0   0   0   2   1]
 [ 27  14   6  16   0  56  14]
 [ 69  25  14  21   2  25  63]]

NB
Classification_report:
             precision    recall  f1-score   support

          B       0.52      0.39      0.45       256
          C       0.12      0.25      0.17        40
          G       0.26      0.38      0.31        72
          M       0.22      0.25      0.24       104
          O       1.00      0.14      0.25         7
          P       0.42      0.56      0.48       133
          R       0.42      0.30      0.35       219

avg / total       0.40      0.37      0.37       831

[[101  20  49  29   0  26  31]
 [  7  10   6   1   0   9   7]
 [ 20  11  27   4   0   3   7]
 [ 18   3   3  26   0  22  32]
 [  0   0   0   0   1   2   4]
 [ 12  14   7  13   0  75  12]
 [ 37  22  10  43   0  41  66]]

DT
Classification_report:
             precision    recall  f1-score   support

          B       0.38      0.34      0.36       256
          C       0.02      0.03      0.02        40
          G       0.13      0.12      0.13        72
          M       0.14      0.13      0.14       104
          O       0.00      0.00      0.00         7
          P       0.21      0.22      0.21       133
          R       0.30      0.31      0.30       219

avg / total       0.26      0.25      0.25       831

[[87 14 24 24  1 43 63]
 [11  1  3  4  0  6 15]
 [26  2  9  8  1 12 14]
 [23  7  6 14  1 17 36]
 [ 1  0  0  0  0  3  3]
 [30 17  7 18  3 29 29]
 [49 23 18 32  1 28 68]]

CRF
Classification_report:
             precision    recall  f1-score   support

          B       0.37      0.48      0.42       256
          C       0.00      0.00      0.00        40
          G       0.00      0.00      0.00        72
          M       0.00      0.00      0.00       104
          O       0.00      0.00      0.00         7
          P       0.35      0.27      0.30       133
          R       0.31      0.53      0.39       219

avg / total       0.25      0.33      0.28       831

CRF 2.0
Classification_report:
             precision    recall  f1-score   support

          B       0.62      0.73      0.67       256
          C       0.37      0.25      0.30        40
          G       0.32      0.15      0.21        72
          M       0.35      0.32      0.34       104
          O       0.00      0.00      0.00         7
          P       0.55      0.47      0.51       133
          R       0.49      0.60      0.54       219

avg / total       0.50      0.52      0.50       831
