SVM RBF
Classification_report:
             precision    recall  f1-score   support

          B       0.00      0.00      0.00        77
          C       0.00      0.00      0.00        20
          G       0.00      0.00      0.00        36
          M       0.00      0.00      0.00        45
          O       0.00      0.00      0.00         6
          P       0.00      0.00      0.00        65
          R       0.32      1.00      0.48       117

avg / total       0.10      0.32      0.15       366

[[  0   0   0   0   0   0  77]
 [  0   0   0   0   0   0  20]
 [  0   0   0   0   0   0  36]
 [  0   0   0   0   0   0  45]
 [  0   0   0   0   0   0   6]
 [  0   0   0   0   0   0  65]
 [  0   0   0   0   0   0 117]]

SVM linear
Classification_report:
             precision    recall  f1-score   support

          B       0.39      0.49      0.43        77
          C       0.00      0.00      0.00        20
          G       0.50      0.03      0.05        36
          M       0.50      0.07      0.12        45
          O       0.00      0.00      0.00         6
          P       0.56      0.43      0.49        65
          R       0.42      0.76      0.54       117

avg / total       0.43      0.43      0.37       366

[[38  0  0  1  0  6 32]
 [ 2  0  0  0  0  1 17]
 [24  0  1  0  0  0 11]
 [ 6  0  0  3  0  3 33]
 [ 0  0  0  0  0  5  1]
 [ 9  0  1  0  0 28 27]
 [19  0  0  2  0  7 89]]

KNN
Classification_report:
             precision    recall  f1-score   support

          B       0.32      0.35      0.34        77
          C       0.09      0.45      0.15        20
          G       0.30      0.28      0.29        36
          M       0.24      0.20      0.22        45
          O       0.00      0.00      0.00         6
          P       0.36      0.29      0.32        65
          R       0.50      0.24      0.32       117

avg / total       0.35      0.28      0.29       366

[[27 18  8  5  0 11  8]
 [ 4  9  2  0  0  1  4]
 [10 12 10  1  0  2  1]
 [ 6  6  7  9  0  6 11]
 [ 0  3  0  1  0  2  0]
 [12 19  3  8  0 19  4]
 [25 35  3 14  0 12 28]]

NB
Classification_report:
             precision    recall  f1-score   support

          B       0.39      0.35      0.37        77
          C       0.05      0.05      0.05        20
          G       0.33      0.42      0.37        36
          M       0.27      0.29      0.28        45
          O       0.00      0.00      0.00         6
          P       0.40      0.55      0.46        65
          R       0.49      0.38      0.43       117

avg / total       0.38      0.37      0.37       366

[[27  3 14  9  0 10 14]
 [ 3  1  4  1  0  6  5]
 [ 8  4 15  1  0  3  5]
 [ 5  0  3 13  0 11 13]
 [ 0  1  0  0  0  3  2]
 [ 5  6  4  6  0 36  8]
 [21  5  5 19  0 22 45]]

DT
Classification_report:
             precision    recall  f1-score   support

          B       0.36      0.35      0.35        77
          C       0.07      0.05      0.06        20
          G       0.21      0.22      0.21        36
          M       0.14      0.16      0.15        45
          O       0.00      0.00      0.00         6
          P       0.27      0.26      0.27        65
          R       0.40      0.39      0.39       117

avg / total       0.29      0.29      0.29       366

[[27  2 10  8  0 14 16]
 [ 5  1  1  1  1  6  5]
 [ 9  2  8  4  0  6  7]
 [11  1  2  7  0  6 18]
 [ 1  1  1  2  0  0  1]
 [ 8  2  7  7  1 17 23]
 [15  6 10 21  5 14 46]]

CRF
Classification_report:
             precision    recall  f1-score   support

          B       0.00      0.00      0.00        77
          C       0.00      0.00      0.00        20
          G       0.00      0.00      0.00        36
          M       0.00      0.00      0.00        45
          O       0.00      0.00      0.00         6
          P       0.46      0.37      0.41        65
          R       0.37      1.00      0.54       117

avg / total       0.20      0.39      0.25       366

CRF 2.0
Classification_report:
             precision    recall  f1-score   support

          B       0.64      0.48      0.55        77
          C       0.00      0.00      0.00        20
          G       0.44      0.22      0.30        36
          M       0.24      0.11      0.15        45
          O       0.00      0.00      0.00         6
          P       0.62      0.49      0.55        65
          R       0.48      0.85      0.61       117

avg / total       0.47      0.49      0.45       366


SVM RBF
Classification_report:
             precision    recall  f1-score   support

          B       0.38      1.00      0.56       179
          C       0.00      0.00      0.00        20
          G       0.00      0.00      0.00        36
          M       0.00      0.00      0.00        59
          O       0.00      0.00      0.00         1
          P       0.00      0.00      0.00        68
          R       0.00      0.00      0.00       102

avg / total       0.15      0.38      0.21       465

[[179   0   0   0   0   0   0]
 [ 20   0   0   0   0   0   0]
 [ 36   0   0   0   0   0   0]
 [ 59   0   0   0   0   0   0]
 [  1   0   0   0   0   0   0]
 [ 68   0   0   0   0   0   0]
 [102   0   0   0   0   0   0]]

SVM linear
Classification_report:
             precision    recall  f1-score   support

          B       0.48      0.84      0.61       179
          C       0.00      0.00      0.00        20
          G       0.00      0.00      0.00        36
          M       0.35      0.12      0.18        59
          O       0.00      0.00      0.00         1
          P       0.74      0.43      0.54        68
          R       0.36      0.33      0.35       102

avg / total       0.42      0.47      0.41       465

[[150   0   0   4   0   2  23]
 [ 13   0   0   1   0   2   4]
 [ 35   0   0   0   0   0   1]
 [ 29   0   0   7   0   2  21]
 [  0   0   0   0   0   0   1]
 [ 26   0   0   2   0  29  11]
 [ 58   0   0   6   0   4  34]]

KNN
Classification_report:
             precision    recall  f1-score   support

          B       0.47      0.56      0.52       179
          C       0.00      0.00      0.00        20
          G       0.11      0.11      0.11        36
          M       0.36      0.15      0.21        59
          O       0.00      0.00      0.00         1
          P       0.40      0.37      0.38        68
          R       0.28      0.29      0.29       102

avg / total       0.36      0.36      0.35       465

[[101   7  18   5   0  19  29]
 [  8   0   0   2   0   4   6]
 [ 22   1   4   0   0   2   7]
 [ 17   3   5   9   0   1  24]
 [  0   0   0   1   0   0   0]
 [ 19   6   3   4   0  25  11]
 [ 46   3   8   4   0  11  30]]

NB
Classification_report:
             precision    recall  f1-score   support

          B       0.54      0.41      0.47       179
          C       0.03      0.05      0.04        20
          G       0.22      0.36      0.28        36
          M       0.32      0.39      0.35        59
          O       0.00      0.00      0.00         1
          P       0.40      0.47      0.43        68
          R       0.31      0.27      0.29       102

avg / total       0.40      0.37      0.37       465

[[73 10 28 17  0 19 32]
 [ 8  1  3  1  0  3  4]
 [14  3 13  4  0  0  2]
 [ 7  3  2 23  0 10 14]
 [ 0  0  0  0  0  0  1]
 [10  8  4  6  0 32  8]
 [22  6  8 22  0 16 28]]

DT
Classification_report:
             precision    recall  f1-score   support

          B       0.49      0.36      0.41       179
          C       0.00      0.00      0.00        20
          G       0.14      0.17      0.15        36
          M       0.15      0.19      0.17        59
          O       0.00      0.00      0.00         1
          P       0.30      0.32      0.31        68
          R       0.22      0.25      0.24       102

avg / total       0.31      0.28      0.29       465

[[64 20 18 21  0 18 38]
 [ 6  0  2  2  0  3  7]
 [14  1  6  6  0  3  6]
 [10  1  4 11  0  8 25]
 [ 0  0  0  0  0  1  0]
 [17  2  2 11  0 22 14]
 [20  4 12 20  1 19 26]]

CRF
Classification_report:
             precision    recall  f1-score   support

          B       0.47      0.96      0.63       179
          C       0.00      0.00      0.00        20
          G       0.00      0.00      0.00        36
          M       1.00      0.02      0.03        59
          O       0.00      0.00      0.00         1
          P       0.19      0.15      0.17        68
          R       0.36      0.17      0.23       102

avg / total       0.42      0.43      0.32       465

CRF 2.0
Classification_report:
             precision    recall  f1-score   support

          B       0.61      0.85      0.71       179
          C       0.67      0.10      0.17        20
          G       0.22      0.06      0.09        36
          M       0.43      0.44      0.43        59
          O       0.00      0.00      0.00         1
          P       0.58      0.43      0.49        68
          R       0.49      0.45      0.47       102

avg / total       0.53      0.55      0.52       465


SVM RBF
Classification_report:
             precision    recall  f1-score   support

          B       0.31      1.00      0.47       256
          C       0.00      0.00      0.00        40
          G       0.00      0.00      0.00        72
          M       0.00      0.00      0.00       104
          O       0.00      0.00      0.00         7
          P       0.00      0.00      0.00       133
          R       0.00      0.00      0.00       219

avg / total       0.09      0.31      0.15       831

[[256   0   0   0   0   0   0]
 [ 40   0   0   0   0   0   0]
 [ 72   0   0   0   0   0   0]
 [104   0   0   0   0   0   0]
 [  7   0   0   0   0   0   0]
 [133   0   0   0   0   0   0]
 [219   0   0   0   0   0   0]]

SVM linear
Classification_report:
             precision    recall  f1-score   support

          B       0.47      0.71      0.57       256
          C       0.00      0.00      0.00        40
          G       0.33      0.01      0.03        72
          M       0.50      0.05      0.09       104
          O       0.00      0.00      0.00         7
          P       0.70      0.47      0.56       133
          R       0.42      0.66      0.51       219

avg / total       0.46      0.47      0.41       831

[[181   0   2   2   0   5  66]
 [ 19   0   0   0   0   4  17]
 [ 62   0   1   0   0   0   9]
 [ 22   0   0   5   0   5  72]
 [  0   0   0   0   0   3   4]
 [ 37   0   0   0   0  62  34]
 [ 61   1   0   3   0   9 145]]

KNN
Classification_report:
             precision    recall  f1-score   support

          B       0.45      0.46      0.45       256
          C       0.04      0.12      0.06        40
          G       0.19      0.21      0.20        72
          M       0.29      0.19      0.23       104
          O       0.00      0.00      0.00         7
          P       0.40      0.40      0.40       133
          R       0.37      0.27      0.31       219

avg / total       0.35      0.32      0.34       831

[[118  29  32  15   1  25  36]
 [ 13   5   4   2   0   5  11]
 [ 26  13  15   2   0   8   8]
 [ 23  13   9  20   0  12  27]
 [  1   2   0   0   0   3   1]
 [ 19  21   7  11   3  53  19]
 [ 63  36  12  18   4  27  59]]

NB
Classification_report:
             precision    recall  f1-score   support

          B       0.52      0.36      0.42       256
          C       0.11      0.25      0.16        40
          G       0.23      0.44      0.31        72
          M       0.24      0.27      0.25       104
          O       0.00      0.00      0.00         7
          P       0.44      0.53      0.48       133
          R       0.36      0.25      0.30       219

avg / total       0.38      0.35      0.35       831

[[91 21 60 28  0 23 33]
 [ 6 10 10  1  0  6  7]
 [17 13 32  3  0  2  5]
 [11  4  7 28  0 18 36]
 [ 0  1  0  0  0  3  3]
 [12 14  9 13  0 71 14]
 [39 26 19 43  0 37 55]]

DT
Classification_report:
             precision    recall  f1-score   support

          B       0.42      0.41      0.42       256
          C       0.08      0.07      0.08        40
          G       0.16      0.17      0.16        72
          M       0.15      0.17      0.16       104
          O       0.11      0.14      0.12         7
          P       0.29      0.32      0.31       133
          R       0.27      0.24      0.25       219

avg / total       0.29      0.28      0.28       831

[[106  10  23  33   1  35  48]
 [  7   3   3   6   2  10   9]
 [ 25   6  12   8   0   5  16]
 [ 23   6   2  18   2  18  35]
 [  1   0   0   1   1   1   3]
 [ 27   4  14  16   1  43  28]
 [ 61  10  23  35   2  36  52]]

CRF
Classification_report:
             precision    recall  f1-score   support

          B       0.36      0.46      0.40       256
          C       0.00      0.00      0.00        40
          G       0.00      0.00      0.00        72
          M       0.00      0.00      0.00       104
          O       0.00      0.00      0.00         7
          P       0.35      0.27      0.30       133
          R       0.30      0.55      0.39       219

avg / total       0.25      0.33      0.28       831

CRF 2.0
Classification_report:
             precision    recall  f1-score   support

          B       0.59      0.80      0.68       256
          C       0.32      0.15      0.20        40
          G       0.36      0.11      0.17        72
          M       0.27      0.16      0.20       104
          O       0.00      0.00      0.00         7
          P       0.65      0.53      0.58       133
          R       0.47      0.57      0.51       219

avg / total       0.49      0.52      0.49       831
