SVM RBF
Classification_report:
             precision    recall  f1-score   support

          B       0.00      0.00      0.00        77
          C       0.00      0.00      0.00        20
          G       0.00      0.00      0.00        36
          M       0.00      0.00      0.00        45
          O       0.00      0.00      0.00         6
          P       0.00      0.00      0.00        65
          R       0.32      1.00      0.48       117

avg / total       0.10      0.32      0.15       366

[[  0   0   0   0   0   0  77]
 [  0   0   0   0   0   0  20]
 [  0   0   0   0   0   0  36]
 [  0   0   0   0   0   0  45]
 [  0   0   0   0   0   0   6]
 [  0   0   0   0   0   0  65]
 [  0   0   0   0   0   0 117]]

SVM linear
Classification_report:
             precision    recall  f1-score   support

          B       0.41      0.53      0.46        77
          C       0.00      0.00      0.00        20
          G       0.57      0.11      0.19        36
          M       0.44      0.09      0.15        45
          O       0.00      0.00      0.00         6
          P       0.70      0.62      0.66        65
          R       0.43      0.70      0.53       117

avg / total       0.46      0.47      0.42       366

[[41  0  0  0  0  4 32]
 [ 3  0  0  0  0  1 16]
 [20  0  4  0  0  0 12]
 [ 6  0  0  4  0  3 32]
 [ 0  0  0  0  0  5  1]
 [ 6  0  2  0  0 40 17]
 [25  0  1  5  0  4 82]]

KNN
Classification_report:
             precision    recall  f1-score   support

          B       0.31      0.23      0.26        77
          C       0.05      0.35      0.09        20
          G       0.19      0.36      0.25        36
          M       0.33      0.16      0.21        45
          O       0.00      0.00      0.00         6
          P       0.36      0.28      0.31        65
          R       0.56      0.13      0.21       117

avg / total       0.37      0.21      0.23       366

[[18 33 15  1  0  7  3]
 [ 4  7  6  0  0  1  2]
 [ 5 14 13  0  0  4  0]
 [ 3 12 10  7  0  8  5]
 [ 0  5  1  0  0  0  0]
 [11 23  7  4  0 18  2]
 [18 45 18  9  0 12 15]]

NB
Classification_report:
             precision    recall  f1-score   support

          B       0.42      0.36      0.39        77
          C       0.07      0.05      0.06        20
          G       0.34      0.50      0.40        36
          M       0.29      0.22      0.25        45
          O       0.00      0.00      0.00         6
          P       0.48      0.55      0.51        65
          R       0.46      0.48      0.47       117

avg / total       0.39      0.41      0.40       366

[[28  1 15  6  0  8 19]
 [ 4  1  5  0  0  2  8]
 [ 5  3 18  0  0  2  8]
 [ 3  0  4 10  0  8 20]
 [ 0  1  0  0  0  3  2]
 [ 6  4  6  3  0 36 10]
 [20  4  5 16  0 16 56]]

DT
Classification_report:
             precision    recall  f1-score   support

          B       0.25      0.25      0.25        77
          C       0.09      0.10      0.10        20
          G       0.09      0.11      0.10        36
          M       0.24      0.22      0.23        45
          O       0.00      0.00      0.00         6
          P       0.22      0.22      0.22        65
          R       0.33      0.32      0.32       117

avg / total       0.24      0.23      0.24       366

[[19  6  7  5  2 13 25]
 [ 6  2  1  2  0  2  7]
 [ 4  2  4  6  0  8 12]
 [ 8  1  2 10  2 11 11]
 [ 2  1  1  0  0  0  2]
 [14  5 10  4  1 14 17]
 [24  5 20 15  0 16 37]]

CRF
Classification_report:
             precision    recall  f1-score   support

          B       0.00      0.00      0.00        77
          C       0.00      0.00      0.00        20
          G       0.00      0.00      0.00        36
          M       0.00      0.00      0.00        45
          O       0.00      0.00      0.00         6
          P       0.47      0.37      0.41        65
          R       0.37      0.98      0.54       117

avg / total       0.20      0.38      0.25       366

CRF 2.0
Classification_report:
             precision    recall  f1-score   support

          B       0.52      0.38      0.44        77
          C       0.50      0.05      0.09        20
          G       0.42      0.14      0.21        36
          M       0.33      0.04      0.08        45
          O       0.00      0.00      0.00         6
          P       0.61      0.48      0.53        65
          R       0.46      0.90      0.61       117

avg / total       0.47      0.47      0.42       366


SVM RBF
Classification_report:
             precision    recall  f1-score   support

          B       0.38      1.00      0.56       179
          C       0.00      0.00      0.00        20
          G       0.00      0.00      0.00        36
          M       0.00      0.00      0.00        59
          O       0.00      0.00      0.00         1
          P       0.00      0.00      0.00        68
          R       0.00      0.00      0.00       102

avg / total       0.15      0.38      0.21       465

[[179   0   0   0   0   0   0]
 [ 20   0   0   0   0   0   0]
 [ 36   0   0   0   0   0   0]
 [ 59   0   0   0   0   0   0]
 [  1   0   0   0   0   0   0]
 [ 68   0   0   0   0   0   0]
 [102   0   0   0   0   0   0]]

SVM linear
Classification_report:
             precision    recall  f1-score   support

          B       0.52      0.80      0.63       179
          C       0.00      0.00      0.00        20
          G       0.00      0.00      0.00        36
          M       0.42      0.19      0.26        59
          O       0.00      0.00      0.00         1
          P       0.61      0.44      0.51        68
          R       0.37      0.39      0.38       102

avg / total       0.42      0.48      0.43       465

[[144   0   2   5   0   5  23]
 [ 10   0   0   1   0   4   5]
 [ 32   0   0   0   0   0   4]
 [ 21   0   0  11   0   3  24]
 [  0   0   0   0   0   0   1]
 [ 24   0   0   2   0  30  12]
 [ 48   0   0   7   0   7  40]]

KNN
Classification_report:
             precision    recall  f1-score   support

          B       0.46      0.58      0.51       179
          C       0.00      0.00      0.00        20
          G       0.16      0.11      0.13        36
          M       0.21      0.05      0.08        59
          O       0.00      0.00      0.00         1
          P       0.36      0.44      0.40        68
          R       0.25      0.25      0.25       102

avg / total       0.33      0.36      0.33       465

[[104   7  10   1   0  28  29]
 [ 11   0   1   0   0   2   6]
 [ 21   0   4   0   0   2   9]
 [ 20   3   3   3   0   5  25]
 [  0   0   0   0   0   1   0]
 [ 25   2   1   2   0  30   8]
 [ 44   3   6   8   0  15  26]]

NB
Classification_report:
             precision    recall  f1-score   support

          B       0.53      0.51      0.52       179
          C       0.00      0.00      0.00        20
          G       0.17      0.28      0.21        36
          M       0.31      0.31      0.31        59
          O       0.00      0.00      0.00         1
          P       0.45      0.44      0.44        68
          R       0.35      0.31      0.33       102

avg / total       0.40      0.39      0.39       465

[[92  4 30 16  0 16 21]
 [ 9  0  3  2  0  1  5]
 [20  2 10  1  0  0  3]
 [15  2  2 18  0  6 16]
 [ 0  0  0  0  0  0  1]
 [14  2  5  3  0 30 14]
 [24  4  9 19  0 14 32]]

DT
Classification_report:
             precision    recall  f1-score   support

          B       0.36      0.35      0.35       179
          C       0.00      0.00      0.00        20
          G       0.05      0.06      0.05        36
          M       0.10      0.08      0.09        59
          O       0.00      0.00      0.00         1
          P       0.17      0.18      0.18        68
          R       0.15      0.17      0.16       102

avg / total       0.21      0.21      0.21       465

[[62  5 22 15  0 23 52]
 [ 7  0  2  3  0  3  5]
 [21  0  2  3  0  2  8]
 [19  3  2  5  0 15 15]
 [ 1  0  0  0  0  0  0]
 [21  5  4 10  0 12 16]
 [43  4  8 16  0 14 17]]

CRF
Classification_report:
             precision    recall  f1-score   support

          B       0.51      0.93      0.65       179
          C       0.00      0.00      0.00        20
          G       0.00      0.00      0.00        36
          M       0.33      0.10      0.16        59
          O       0.00      0.00      0.00         1
          P       0.31      0.24      0.27        68
          R       0.39      0.25      0.31       102

avg / total       0.37      0.46      0.38       465

CRF 2.0
Classification_report:
             precision    recall  f1-score   support

          B       0.63      0.93      0.75       179
          C       0.00      0.00      0.00        20
          G       0.50      0.03      0.05        36
          M       0.51      0.37      0.43        59
          O       0.00      0.00      0.00         1
          P       0.60      0.44      0.51        68
          R       0.47      0.47      0.47       102

avg / total       0.54      0.58      0.52       465


SVM RBF
Classification_report:
             precision    recall  f1-score   support

          B       0.31      1.00      0.47       256
          C       0.00      0.00      0.00        40
          G       0.00      0.00      0.00        72
          M       0.00      0.00      0.00       104
          O       0.00      0.00      0.00         7
          P       0.00      0.00      0.00       133
          R       0.00      0.00      0.00       219

avg / total       0.09      0.31      0.15       831

[[256   0   0   0   0   0   0]
 [ 40   0   0   0   0   0   0]
 [ 72   0   0   0   0   0   0]
 [104   0   0   0   0   0   0]
 [  7   0   0   0   0   0   0]
 [133   0   0   0   0   0   0]
 [219   0   0   0   0   0   0]]

SVM linear
Classification_report:
             precision    recall  f1-score   support

          B       0.48      0.72      0.58       256
          C       0.00      0.00      0.00        40
          G       0.71      0.07      0.13        72
          M       0.47      0.14      0.22       104
          O       0.00      0.00      0.00         7
          P       0.70      0.56      0.62       133
          R       0.45      0.62      0.52       219

avg / total       0.50      0.50      0.45       831

[[184   0   2   6   0   8  56]
 [ 19   0   0   0   0   4  17]
 [ 60   0   5   0   0   0   7]
 [ 24   0   0  15   0   5  60]
 [  0   0   0   0   0   4   3]
 [ 31   0   0   1   1  74  26]
 [ 63   0   0  10   0  10 136]]

KNN
Classification_report:
             precision    recall  f1-score   support

          B       0.43      0.36      0.39       256
          C       0.07      0.35      0.11        40
          G       0.13      0.24      0.17        72
          M       0.34      0.11      0.16       104
          O       0.00      0.00      0.00         7
          P       0.44      0.45      0.45       133
          R       0.44      0.20      0.28       219

avg / total       0.37      0.29      0.30       831

[[93 56 61  3  0 23 20]
 [ 8 14  4  0  1  7  6]
 [25 16 17  2  0  8  4]
 [18 24 14 11  1 16 20]
 [ 1  2  1  0  0  2  1]
 [28 23  9  5  2 60  6]
 [45 73 25 11  1 20 44]]

NB
Classification_report:
             precision    recall  f1-score   support

          B       0.47      0.37      0.42       256
          C       0.08      0.12      0.10        40
          G       0.21      0.53      0.30        72
          M       0.23      0.24      0.24       104
          O       0.00      0.00      0.00         7
          P       0.50      0.48      0.49       133
          R       0.38      0.26      0.31       219

avg / total       0.38      0.34      0.35       831

[[95 13 76 29  0 17 26]
 [ 8  5 12  1  0  6  8]
 [22  4 38  3  0  0  5]
 [19  6  7 25  0 13 34]
 [ 0  1  0  0  0  4  2]
 [15 12 18  7  0 64 17]
 [42 21 34 42  0 23 57]]

DT
Classification_report:
             precision    recall  f1-score   support

          B       0.36      0.36      0.36       256
          C       0.05      0.07      0.06        40
          G       0.12      0.12      0.12        72
          M       0.12      0.11      0.11       104
          O       0.00      0.00      0.00         7
          P       0.26      0.27      0.26       133
          R       0.30      0.28      0.29       219

avg / total       0.26      0.26      0.26       831

[[91 13 27 30  1 36 58]
 [15  3  1  5  0  6 10]
 [25  7  9  6  1 11 13]
 [23  8 14 11  1 17 30]
 [ 1  0  0  0  0  4  2]
 [37  7  9 13  2 36 29]
 [61 17 17 30  3 29 62]]

CRF
Classification_report:
             precision    recall  f1-score   support

          B       0.35      0.46      0.40       256
          C       0.50      0.03      0.05        40
          G       0.00      0.00      0.00        72
          M       0.00      0.00      0.00       104
          O       0.00      0.00      0.00         7
          P       0.34      0.26      0.30       133
          R       0.29      0.50      0.37       219

avg / total       0.26      0.32      0.27       831

CRF 2.0
Classification_report:
             precision    recall  f1-score   support

          B       0.62      0.86      0.72       256
          C       0.33      0.12      0.18        40
          G       0.36      0.11      0.17        72
          M       0.48      0.21      0.29       104
          O       0.00      0.00      0.00         7
          P       0.71      0.56      0.62       133
          R       0.56      0.68      0.61       219

avg / total       0.56      0.58      0.54       831
