SVM RBF
Classification_report:
             precision    recall  f1-score   support

          B       0.00      0.00      0.00        77
          C       0.00      0.00      0.00        20
          G       0.00      0.00      0.00        36
          M       0.00      0.00      0.00        45
          O       0.00      0.00      0.00         6
          P       0.00      0.00      0.00        65
          R       0.32      1.00      0.48       117

avg / total       0.10      0.32      0.15       366

[[  0   0   0   0   0   0  77]
 [  0   0   0   0   0   0  20]
 [  0   0   0   0   0   0  36]
 [  0   0   0   0   0   0  45]
 [  0   0   0   0   0   0   6]
 [  0   0   0   0   0   0  65]
 [  0   0   0   0   0   0 117]]

SVM linear
Classification_report:
             precision    recall  f1-score   support

          B       0.39      0.49      0.44        77
          C       0.00      0.00      0.00        20
          G       0.45      0.14      0.21        36
          M       0.45      0.11      0.18        45
          O       0.00      0.00      0.00         6
          P       0.58      0.54      0.56        65
          R       0.42      0.68      0.52       117

avg / total       0.42      0.44      0.40       366

[[38  0  3  2  0  5 29]
 [ 3  0  0  0  0  3 14]
 [18  0  5  0  0  0 13]
 [ 6  0  0  5  0  4 30]
 [ 0  0  0  0  0  5  1]
 [ 7  0  2  0  0 35 21]
 [25  0  1  4  0  8 79]]

KNN
Classification_report:
             precision    recall  f1-score   support

          B       0.31      0.27      0.29        77
          C       0.07      0.45      0.13        20
          G       0.17      0.22      0.19        36
          M       0.29      0.18      0.22        45
          O       0.00      0.00      0.00         6
          P       0.42      0.37      0.39        65
          R       0.44      0.17      0.25       117

avg / total       0.34      0.25      0.26       366

[[21 29 14  4  0  6  3]
 [ 4  9  3  0  0  1  3]
 [ 7 15  8  0  0  5  1]
 [ 4  6  9  8  0  7 11]
 [ 0  4  0  0  0  1  1]
 [13 17  3  2  0 24  6]
 [18 41 10 14  1 13 20]]

NB
Classification_report:
             precision    recall  f1-score   support

          B       0.40      0.40      0.40        77
          C       0.20      0.15      0.17        20
          G       0.31      0.44      0.37        36
          M       0.30      0.27      0.28        45
          O       0.00      0.00      0.00         6
          P       0.43      0.57      0.49        65
          R       0.46      0.38      0.42       117

avg / total       0.39      0.39      0.38       366

[[31  2 18  5  0  8 13]
 [ 4  3  3  1  0  4  5]
 [ 8  2 16  0  0  4  6]
 [ 2  0  4 12  0  9 18]
 [ 0  1  0  0  0  3  2]
 [ 7  3  5  6  0 37  7]
 [26  4  5 16  0 22 44]]

DT
Classification_report:
             precision    recall  f1-score   support

          B       0.34      0.35      0.35        77
          C       0.11      0.10      0.11        20
          G       0.14      0.11      0.12        36
          M       0.21      0.24      0.23        45
          O       0.10      0.17      0.12         6
          P       0.33      0.37      0.35        65
          R       0.36      0.33      0.35       117

avg / total       0.30      0.30      0.29       366

[[27  4  6  9  1 12 18]
 [ 1  2  3  1  0  6  7]
 [10  2  4  6  1  5  8]
 [ 8  2  1 11  1  6 16]
 [ 1  0  2  1  1  0  1]
 [ 7  3  4  8  1 24 18]
 [25  5  8 16  5 19 39]]

CRF
Classification_report:
             precision    recall  f1-score   support

          B       0.56      0.12      0.19        77
          C       0.00      0.00      0.00        20
          G       0.00      0.00      0.00        36
          M       0.00      0.00      0.00        45
          O       0.00      0.00      0.00         6
          P       0.46      0.37      0.41        65
          R       0.38      0.91      0.54       117

avg / total       0.32      0.38      0.29       366

CRF 2.0
Classification_report:
             precision    recall  f1-score   support

          B       0.57      0.52      0.54        77
          C       0.00      0.00      0.00        20
          G       0.38      0.17      0.23        36
          M       0.10      0.02      0.04        45
          O       0.00      0.00      0.00         6
          P       0.62      0.49      0.55        65
          R       0.44      0.81      0.57       117

avg / total       0.42      0.48      0.42       366


SVM RBF
Classification_report:
             precision    recall  f1-score   support

          B       0.38      1.00      0.56       179
          C       0.00      0.00      0.00        20
          G       0.00      0.00      0.00        36
          M       0.00      0.00      0.00        59
          O       0.00      0.00      0.00         1
          P       0.00      0.00      0.00        68
          R       0.00      0.00      0.00       102

avg / total       0.15      0.38      0.21       465

[[179   0   0   0   0   0   0]
 [ 20   0   0   0   0   0   0]
 [ 36   0   0   0   0   0   0]
 [ 59   0   0   0   0   0   0]
 [  1   0   0   0   0   0   0]
 [ 68   0   0   0   0   0   0]
 [102   0   0   0   0   0   0]]

SVM linear
Classification_report:
             precision    recall  f1-score   support

          B       0.51      0.80      0.62       179
          C       0.00      0.00      0.00        20
          G       0.00      0.00      0.00        36
          M       0.32      0.15      0.21        59
          O       0.00      0.00      0.00         1
          P       0.60      0.43      0.50        68
          R       0.38      0.39      0.39       102

avg / total       0.41      0.48      0.42       465

[[144   0   1   7   0   7  20]
 [ 11   0   0   2   0   3   4]
 [ 34   0   0   0   0   0   2]
 [ 23   0   0   9   0   3  24]
 [  0   0   0   0   0   0   1]
 [ 24   0   0   2   0  29  13]
 [ 48   0   0   8   0   6  40]]

KNN
Classification_report:
             precision    recall  f1-score   support

          B       0.47      0.62      0.53       179
          C       0.07      0.05      0.06        20
          G       0.05      0.03      0.04        36
          M       0.35      0.14      0.20        59
          O       0.00      0.00      0.00         1
          P       0.36      0.40      0.37        68
          R       0.26      0.25      0.25       102

avg / total       0.34      0.37      0.35       465

[[111   4  12   3   0  23  26]
 [ 11   1   1   1   0   2   4]
 [ 26   1   1   0   0   2   6]
 [ 25   0   1   8   0   4  21]
 [  1   0   0   0   0   0   0]
 [ 17   7   0   3   0  27  14]
 [ 46   1   4   8   0  18  25]]

NB
Classification_report:
             precision    recall  f1-score   support

          B       0.50      0.43      0.46       179
          C       0.00      0.00      0.00        20
          G       0.16      0.28      0.21        36
          M       0.31      0.36      0.33        59
          O       0.00      0.00      0.00         1
          P       0.45      0.50      0.48        68
          R       0.33      0.28      0.31       102

avg / total       0.38      0.37      0.37       465

[[77  6 33 16  0 18 29]
 [ 9  0  3  2  0  3  3]
 [18  3 10  3  0  0  2]
 [15  3  2 21  0  6 12]
 [ 0  0  0  0  0  0  1]
 [10  5  4  3  0 34 12]
 [25  3  9 22  0 14 29]]

DT
Classification_report:
             precision    recall  f1-score   support

          B       0.41      0.33      0.36       179
          C       0.00      0.00      0.00        20
          G       0.13      0.17      0.15        36
          M       0.21      0.24      0.22        59
          O       0.00      0.00      0.00         1
          P       0.15      0.15      0.15        68
          R       0.29      0.34      0.32       102

avg / total       0.28      0.27      0.27       465

[[59  6 28 22  0 23 41]
 [ 8  0  2  2  0  3  5]
 [13  4  6  1  0  7  5]
 [16  3  2 14  0 10 14]
 [ 0  0  0  0  0  0  1]
 [18  2  4 15  0 10 19]
 [31  6  3 13  0 14 35]]

CRF
Classification_report:
             precision    recall  f1-score   support

          B       0.50      0.91      0.64       179
          C       0.00      0.00      0.00        20
          G       0.00      0.00      0.00        36
          M       0.25      0.02      0.03        59
          O       0.00      0.00      0.00         1
          P       0.21      0.16      0.18        68
          R       0.35      0.27      0.31       102

avg / total       0.33      0.44      0.35       465

CRF 2.0
Classification_report:
             precision    recall  f1-score   support

          B       0.59      0.83      0.69       179
          C       1.00      0.30      0.46        20
          G       0.14      0.03      0.05        36
          M       0.54      0.36      0.43        59
          O       0.00      0.00      0.00         1
          P       0.51      0.37      0.43        68
          R       0.44      0.49      0.47       102

avg / total       0.52      0.54      0.51       465


SVM RBF
Classification_report:
             precision    recall  f1-score   support

          B       0.31      1.00      0.47       256
          C       0.00      0.00      0.00        40
          G       0.00      0.00      0.00        72
          M       0.00      0.00      0.00       104
          O       0.00      0.00      0.00         7
          P       0.00      0.00      0.00       133
          R       0.00      0.00      0.00       219

avg / total       0.09      0.31      0.15       831

[[256   0   0   0   0   0   0]
 [ 40   0   0   0   0   0   0]
 [ 72   0   0   0   0   0   0]
 [104   0   0   0   0   0   0]
 [  7   0   0   0   0   0   0]
 [133   0   0   0   0   0   0]
 [219   0   0   0   0   0   0]]

SVM linear
Classification_report:
             precision    recall  f1-score   support

          B       0.48      0.72      0.57       256
          C       0.00      0.00      0.00        40
          G       0.55      0.08      0.14        72
          M       0.44      0.16      0.24       104
          O       0.00      0.00      0.00         7
          P       0.69      0.53      0.60       133
          R       0.44      0.58      0.50       219

avg / total       0.47      0.49      0.45       831

[[184   1   4   5   0   7  55]
 [ 17   0   1   1   0   4  17]
 [ 61   0   6   1   0   0   4]
 [ 25   0   0  17   0   3  59]
 [  0   0   0   0   0   4   3]
 [ 34   0   0   2   1  70  26]
 [ 64   1   0  13   1  13 127]]

KNN
Classification_report:
             precision    recall  f1-score   support

          B       0.45      0.41      0.43       256
          C       0.05      0.20      0.08        40
          G       0.13      0.21      0.16        72
          M       0.24      0.08      0.12       104
          O       0.00      0.00      0.00         7
          P       0.44      0.45      0.44       133
          R       0.38      0.24      0.30       219

avg / total       0.35      0.30      0.31       831

[[106  44  47   6   0  24  29]
 [ 11   8   5   3   0   7   6]
 [ 28  15  15   2   0   8   4]
 [ 24  12  14   8   0  13  33]
 [  1   5   0   0   0   0   1]
 [ 22  28   5   4   1  60  13]
 [ 44  59  26  10   2  25  53]]

NB
Classification_report:
             precision    recall  f1-score   support

          B       0.49      0.37      0.42       256
          C       0.13      0.25      0.17        40
          G       0.22      0.49      0.30        72
          M       0.21      0.22      0.21       104
          O       0.00      0.00      0.00         7
          P       0.48      0.54      0.51       133
          R       0.42      0.27      0.33       219

avg / total       0.39      0.35      0.36       831

[[94 16 69 31  0 21 25]
 [ 7 10 11  2  0  6  4]
 [21  8 35  4  0  1  3]
 [18  8  6 23  0 15 34]
 [ 0  1  0  0  0  3  3]
 [12 13 15  7  0 72 14]
 [41 19 23 43  0 33 60]]

DT
Classification_report:
             precision    recall  f1-score   support

          B       0.40      0.37      0.39       256
          C       0.02      0.03      0.02        40
          G       0.12      0.15      0.13        72
          M       0.13      0.12      0.12       104
          O       0.00      0.00      0.00         7
          P       0.26      0.28      0.27       133
          R       0.31      0.29      0.30       219

avg / total       0.27      0.26      0.27       831

[[95 17 30 23  1 33 57]
 [15  1  1  0  2  8 13]
 [25  2 11 11  1 10 12]
 [22  5 14 12  3 21 27]
 [ 1  0  1  1  0  1  3]
 [28  7 16 16  1 37 28]
 [50 21 18 30  2 35 63]]

CRF
Classification_report:
             precision    recall  f1-score   support

          B       0.48      0.68      0.56       256
          C       0.00      0.00      0.00        40
          G       0.00      0.00      0.00        72
          M       0.00      0.00      0.00       104
          O       0.00      0.00      0.00         7
          P       0.38      0.30      0.34       133
          R       0.40      0.67      0.50       219

avg / total       0.32      0.43      0.36       831

CRF 2.0
Classification_report:
             precision    recall  f1-score   support

          B       0.61      0.80      0.69       256
          C       0.36      0.12      0.19        40
          G       0.32      0.11      0.16        72
          M       0.51      0.25      0.34       104
          O       0.00      0.00      0.00         7
          P       0.61      0.49      0.54       133
          R       0.50      0.68      0.58       219

avg / total       0.53      0.55      0.52       831
