SVM RBF
Classification_report:
             precision    recall  f1-score   support

          B       0.00      0.00      0.00        77
          C       0.00      0.00      0.00        20
          G       0.00      0.00      0.00        36
          M       0.00      0.00      0.00        45
          O       0.00      0.00      0.00         6
          P       0.00      0.00      0.00        65
          R       0.32      1.00      0.48       117

avg / total       0.10      0.32      0.15       366

[[  0   0   0   0   0   0  77]
 [  0   0   0   0   0   0  20]
 [  0   0   0   0   0   0  36]
 [  0   0   0   0   0   0  45]
 [  0   0   0   0   0   0   6]
 [  0   0   0   0   0   0  65]
 [  0   0   0   0   0   0 117]]

SVM linear
Classification_report:
             precision    recall  f1-score   support

          B       0.47      0.36      0.41        77
          C       0.00      0.00      0.00        20
          G       0.00      0.00      0.00        36
          M       0.00      0.00      0.00        45
          O       0.00      0.00      0.00         6
          P       1.00      0.03      0.06        65
          R       0.36      0.95      0.53       117

avg / total       0.39      0.39      0.27       366

[[ 28   0   0   0   0   0  49]
 [  1   0   0   0   0   0  19]
 [ 15   0   0   0   0   0  21]
 [  3   0   0   0   0   0  42]
 [  0   0   0   0   0   0   6]
 [  6   0   0   0   0   2  57]
 [  6   0   0   0   0   0 111]]

KNN
Classification_report:
             precision    recall  f1-score   support

          B       0.20      0.29      0.24        77
          C       0.12      0.30      0.18        20
          G       0.21      0.25      0.23        36
          M       0.26      0.20      0.23        45
          O       0.00      0.00      0.00         6
          P       0.44      0.42      0.43        65
          R       0.41      0.24      0.30       117

avg / total       0.31      0.28      0.28       366

[[22 12 13  5  0 11 14]
 [ 7  6  2  1  0  1  3]
 [16  3  9  0  0  7  1]
 [12  6  4  9  0  2 12]
 [ 3  2  0  0  0  1  0]
 [14  6  4  3  0 27 11]
 [36 13 10 17  1 12 28]]

NB
Classification_report:
             precision    recall  f1-score   support

          B       0.38      0.27      0.32        77
          C       0.05      0.05      0.05        20
          G       0.25      0.42      0.32        36
          M       0.14      0.11      0.12        45
          O       1.00      0.17      0.29         6
          P       0.34      0.48      0.39        65
          R       0.46      0.41      0.43       117

avg / total       0.35      0.33      0.33       366

[[21  6 18  6  0  9 17]
 [ 0  1  5  0  0  6  8]
 [ 9  2 15  0  0  8  2]
 [ 2  0  2  5  0 18 18]
 [ 0  0  1  0  1  1  3]
 [ 5  3 10  8  0 31  8]
 [19  7  8 16  0 19 48]]

DT
Classification_report:
             precision    recall  f1-score   support

          B       0.23      0.21      0.22        77
          C       0.10      0.10      0.10        20
          G       0.13      0.14      0.14        36
          M       0.20      0.20      0.20        45
          O       0.00      0.00      0.00         6
          P       0.23      0.25      0.24        65
          R       0.38      0.38      0.38       117

avg / total       0.25      0.25      0.25       366

[[16  4 10  6  0 16 25]
 [ 4  2  4  2  1  0  7]
 [14  3  5  1  2  4  7]
 [ 3  2  4  9  0 10 17]
 [ 1  0  0  0  0  4  1]
 [11  5  7  9  0 16 17]
 [22  4  8 17  0 21 45]]

CRF
Classification_report:
             precision    recall  f1-score   support

          B       0.00      0.00      0.00        77
          C       0.00      0.00      0.00        20
          G       0.00      0.00      0.00        36
          M       0.00      0.00      0.00        45
          O       0.00      0.00      0.00         6
          P       0.46      0.37      0.41        65
          R       0.37      1.00      0.54       117

avg / total       0.20      0.39      0.25       366

CRF 2.0
Classification_report:
             precision    recall  f1-score   support

          B       0.48      0.52      0.50        77
          C       0.20      0.05      0.08        20
          G       0.23      0.14      0.17        36
          M       0.20      0.07      0.10        45
          O       0.00      0.00      0.00         6
          P       0.56      0.45      0.50        65
          R       0.51      0.81      0.62       117

avg / total       0.42      0.47      0.43       366


SVM RBF
Classification_report:
             precision    recall  f1-score   support

          B       0.38      1.00      0.56       179
          C       0.00      0.00      0.00        20
          G       0.00      0.00      0.00        36
          M       0.00      0.00      0.00        59
          O       0.00      0.00      0.00         1
          P       0.00      0.00      0.00        68
          R       0.00      0.00      0.00       102

avg / total       0.15      0.38      0.21       465

[[179   0   0   0   0   0   0]
 [ 20   0   0   0   0   0   0]
 [ 36   0   0   0   0   0   0]
 [ 59   0   0   0   0   0   0]
 [  1   0   0   0   0   0   0]
 [ 68   0   0   0   0   0   0]
 [102   0   0   0   0   0   0]]

SVM linear
Classification_report:
             precision    recall  f1-score   support

          B       0.41      0.98      0.57       179
          C       0.00      0.00      0.00        20
          G       0.00      0.00      0.00        36
          M       0.00      0.00      0.00        59
          O       0.00      0.00      0.00         1
          P       0.67      0.24      0.35        68
          R       0.22      0.02      0.04       102

avg / total       0.30      0.42      0.28       465

[[175   0   0   0   0   0   4]
 [ 19   0   0   0   0   1   0]
 [ 36   0   0   0   0   0   0]
 [ 52   0   0   0   0   4   3]
 [  1   0   0   0   0   0   0]
 [ 52   0   0   0   0  16   0]
 [ 97   0   0   0   0   3   2]]

KNN
Classification_report:
             precision    recall  f1-score   support

          B       0.46      0.68      0.55       179
          C       0.12      0.15      0.13        20
          G       0.12      0.06      0.08        36
          M       0.27      0.14      0.18        59
          O       0.00      0.00      0.00         1
          P       0.30      0.21      0.24        68
          R       0.30      0.25      0.27       102

avg / total       0.33      0.37      0.34       465

[[121   7  10   3   0  11  27]
 [ 10   3   0   0   0   1   6]
 [ 25   2   2   1   0   3   3]
 [ 27   4   1   8   0   5  14]
 [  1   0   0   0   0   0   0]
 [ 33   5   2   6   0  14   8]
 [ 47   4   1  12   0  13  25]]

NB
Classification_report:
             precision    recall  f1-score   support

          B       0.50      0.47      0.48       179
          C       0.13      0.15      0.14        20
          G       0.20      0.36      0.26        36
          M       0.23      0.24      0.23        59
          O       0.00      0.00      0.00         1
          P       0.39      0.43      0.41        68
          R       0.23      0.17      0.19       102

avg / total       0.35      0.34      0.34       465

[[84  9 27 17  0 18 24]
 [ 4  3  5  2  0  2  4]
 [16  1 13  1  0  2  3]
 [16  2  5 14  0  8 14]
 [ 0  0  0  0  0  0  1]
 [18  3  2  5  0 29 11]
 [30  5 12 22  0 16 17]]

DT
Classification_report:
             precision    recall  f1-score   support

          B       0.42      0.42      0.42       179
          C       0.06      0.05      0.05        20
          G       0.15      0.17      0.16        36
          M       0.22      0.17      0.19        59
          O       0.00      0.00      0.00         1
          P       0.19      0.21      0.20        68
          R       0.17      0.19      0.18       102

avg / total       0.27      0.27      0.27       465

[[75  8 22 13  1 22 38]
 [ 5  1  4  1  0  6  3]
 [18  0  6  1  0  3  8]
 [16  2  2 10  0 10 19]
 [ 0  0  0  0  0  0  1]
 [21  2  3  5  0 14 23]
 [42  4  4 15  0 18 19]]

CRF
Classification_report:
             precision    recall  f1-score   support

          B       0.49      0.93      0.65       179
          C       0.00      0.00      0.00        20
          G       0.00      0.00      0.00        36
          M       0.12      0.02      0.03        59
          O       0.00      0.00      0.00         1
          P       0.23      0.18      0.20        68
          R       0.34      0.23      0.27       102

avg / total       0.32      0.44      0.34       465

CRF 2.0
Classification_report:
             precision    recall  f1-score   support

          B       0.61      0.88      0.72       179
          C       0.00      0.00      0.00        20
          G       0.30      0.08      0.13        36
          M       0.39      0.31      0.34        59
          O       0.00      0.00      0.00         1
          P       0.53      0.38      0.44        68
          R       0.40      0.39      0.40       102

avg / total       0.47      0.53      0.48       465


SVM RBF
Classification_report:
             precision    recall  f1-score   support

          B       0.31      1.00      0.47       256
          C       0.00      0.00      0.00        40
          G       0.00      0.00      0.00        72
          M       0.00      0.00      0.00       104
          O       0.00      0.00      0.00         7
          P       0.00      0.00      0.00       133
          R       0.00      0.00      0.00       219

avg / total       0.09      0.31      0.15       831

[[256   0   0   0   0   0   0]
 [ 40   0   0   0   0   0   0]
 [ 72   0   0   0   0   0   0]
 [104   0   0   0   0   0   0]
 [  7   0   0   0   0   0   0]
 [133   0   0   0   0   0   0]
 [219   0   0   0   0   0   0]]

SVM linear
Classification_report:
             precision    recall  f1-score   support

          B       0.41      0.73      0.53       256
          C       0.00      0.00      0.00        40
          G       0.00      0.00      0.00        72
          M       0.00      0.00      0.00       104
          O       0.00      0.00      0.00         7
          P       0.62      0.37      0.46       133
          R       0.42      0.58      0.49       219

avg / total       0.34      0.44      0.37       831

[[186   0   0   0   0   8  62]
 [ 27   0   0   0   0   2  11]
 [ 67   0   0   0   0   0   5]
 [ 30   0   0   0   0   9  65]
 [  2   0   0   0   0   0   5]
 [ 57   0   0   0   0  49  27]
 [ 80   0   0   0   0  11 128]]

KNN
Classification_report:
             precision    recall  f1-score   support

          B       0.41      0.57      0.47       256
          C       0.10      0.20      0.13        40
          G       0.12      0.10      0.11        72
          M       0.23      0.14      0.18       104
          O       0.00      0.00      0.00         7
          P       0.35      0.34      0.34       133
          R       0.33      0.20      0.25       219

avg / total       0.31      0.32      0.30       831

[[145  18  26  11   0  29  27]
 [ 14   8   4   2   0   3   9]
 [ 38   8   7   1   0   9   9]
 [ 33  12   4  15   0  12  28]
 [  3   1   0   0   0   2   1]
 [ 42   9   4  15   1  45  17]
 [ 82  27  13  21   2  30  44]]

NB
Classification_report:
             precision    recall  f1-score   support

          B       0.48      0.39      0.43       256
          C       0.11      0.12      0.12        40
          G       0.24      0.47      0.32        72
          M       0.26      0.22      0.24       104
          O       0.33      0.14      0.20         7
          P       0.38      0.53      0.45       133
          R       0.41      0.30      0.35       219

avg / total       0.38      0.36      0.36       831

[[101  13  59  17   0  33  33]
 [  8   5   9   1   0   8   9]
 [ 20   5  34   2   0   7   4]
 [ 17   5   6  23   1  22  30]
 [  2   0   0   1   1   1   2]
 [ 23   7  11   6   1  71  14]
 [ 41  11  22  37   0  43  65]]

DT
Classification_report:
             precision    recall  f1-score   support

          B       0.36      0.38      0.37       256
          C       0.05      0.05      0.05        40
          G       0.18      0.17      0.17        72
          M       0.15      0.13      0.14       104
          O       0.00      0.00      0.00         7
          P       0.28      0.29      0.29       133
          R       0.30      0.30      0.30       219

avg / total       0.27      0.28      0.27       831

[[96 10 24 21  1 39 65]
 [13  2  3  2  0  8 12]
 [31  6 12  7  0  6 10]
 [28  4  6 14  0 16 36]
 [ 1  1  0  2  0  1  2]
 [34  6  9 12  1 39 32]
 [64  9 12 38  2 28 66]]

CRF
Classification_report:
             precision    recall  f1-score   support

          B       0.39      0.54      0.45       256
          C       0.00      0.00      0.00        40
          G       0.00      0.00      0.00        72
          M       0.21      0.03      0.05       104
          O       0.00      0.00      0.00         7
          P       0.35      0.27      0.30       133
          R       0.34      0.56      0.42       219

avg / total       0.29      0.36      0.31       831

CRF 2.0
Classification_report:
             precision    recall  f1-score   support

          B       0.58      0.80      0.68       256
          C       0.38      0.12      0.19        40
          G       0.29      0.10      0.15        72
          M       0.28      0.13      0.18       104
          O       0.00      0.00      0.00         7
          P       0.60      0.47      0.53       133
          R       0.49      0.65      0.56       219

avg / total       0.49      0.52      0.48       831
