SVM RBF
Classification_report:
             precision    recall  f1-score   support

          B       0.00      0.00      0.00        77
          C       0.00      0.00      0.00        20
          G       0.00      0.00      0.00        36
          M       0.00      0.00      0.00        45
          O       0.00      0.00      0.00         6
          P       0.00      0.00      0.00        65
          R       0.32      1.00      0.48       117

avg / total       0.10      0.32      0.15       366

[[  0   0   0   0   0   0  77]
 [  0   0   0   0   0   0  20]
 [  0   0   0   0   0   0  36]
 [  0   0   0   0   0   0  45]
 [  0   0   0   0   0   0   6]
 [  0   0   0   0   0   0  65]
 [  0   0   0   0   0   0 117]]

SVM linear
Classification_report:
             precision    recall  f1-score   support

          B       0.42      0.51      0.46        77
          C       0.00      0.00      0.00        20
          G       0.62      0.14      0.23        36
          M       0.43      0.07      0.12        45
          O       0.00      0.00      0.00         6
          P       0.63      0.51      0.56        65
          R       0.42      0.74      0.53       117

avg / total       0.45      0.45      0.40       366

[[39  0  0  0  0  4 34]
 [ 3  0  0  0  0  1 16]
 [21  0  5  0  0  0 10]
 [ 5  0  0  3  0  3 34]
 [ 0  0  0  0  0  5  1]
 [ 3  0  3  0  0 33 26]
 [21  0  0  4  0  6 86]]

KNN
Classification_report:
             precision    recall  f1-score   support

          B       0.30      0.29      0.29        77
          C       0.07      0.40      0.12        20
          G       0.17      0.19      0.18        36
          M       0.26      0.20      0.23        45
          O       0.00      0.00      0.00         6
          P       0.43      0.37      0.40        65
          R       0.51      0.23      0.32       117

avg / total       0.35      0.27      0.29       366

[[22 30 10  6  0  5  4]
 [ 4  8  4  0  0  2  2]
 [12 12  7  0  0  4  1]
 [ 5  5  6  9  0  6 14]
 [ 0  4  0  0  0  2  0]
 [13 17  3  3  0 24  5]
 [18 32 10 17  0 13 27]]

NB
Classification_report:
             precision    recall  f1-score   support

          B       0.45      0.39      0.42        77
          C       0.07      0.05      0.06        20
          G       0.33      0.50      0.40        36
          M       0.23      0.22      0.22        45
          O       0.00      0.00      0.00         6
          P       0.45      0.58      0.51        65
          R       0.46      0.40      0.43       117

avg / total       0.39      0.39      0.39       366

[[30  2 16  8  0  8 13]
 [ 2  1  5  0  0  5  7]
 [ 7  2 18  0  0  1  8]
 [ 3  1  4 10  0 10 17]
 [ 0  1  0  0  0  3  2]
 [ 4  4  4  7  0 38  8]
 [21  4  7 19  0 19 47]]

DT
Classification_report:
             precision    recall  f1-score   support

          B       0.31      0.36      0.34        77
          C       0.00      0.00      0.00        20
          G       0.08      0.08      0.08        36
          M       0.17      0.18      0.17        45
          O       0.40      0.33      0.36         6
          P       0.29      0.18      0.22        65
          R       0.37      0.38      0.37       117

avg / total       0.27      0.27      0.27       366

[[28  4  9  8  0  7 21]
 [ 4  0  3  1  1  1 10]
 [10  4  3  3  0  6 10]
 [10  4  3  8  1  4 15]
 [ 1  0  2  0  2  0  1]
 [14  2 10  5  1 12 21]
 [22  7  9 22  0 12 45]]

CRF
Classification_report:
             precision    recall  f1-score   support

          B       0.00      0.00      0.00        77
          C       0.00      0.00      0.00        20
          G       0.00      0.00      0.00        36
          M       0.00      0.00      0.00        45
          O       0.00      0.00      0.00         6
          P       0.47      0.37      0.41        65
          R       0.37      0.95      0.53       117

avg / total       0.20      0.37      0.24       366

CRF 2.0
Classification_report:
             precision    recall  f1-score   support

          B       0.52      0.52      0.52        77
          C       0.17      0.05      0.08        20
          G       0.35      0.17      0.23        36
          M       0.07      0.02      0.03        45
          O       0.00      0.00      0.00         6
          P       0.69      0.52      0.60        65
          R       0.48      0.75      0.58       117

avg / total       0.44      0.46      0.43       366


SVM RBF
Classification_report:
             precision    recall  f1-score   support

          B       0.38      1.00      0.56       179
          C       0.00      0.00      0.00        20
          G       0.00      0.00      0.00        36
          M       0.00      0.00      0.00        59
          O       0.00      0.00      0.00         1
          P       0.00      0.00      0.00        68
          R       0.00      0.00      0.00       102

avg / total       0.15      0.38      0.21       465

[[179   0   0   0   0   0   0]
 [ 20   0   0   0   0   0   0]
 [ 36   0   0   0   0   0   0]
 [ 59   0   0   0   0   0   0]
 [  1   0   0   0   0   0   0]
 [ 68   0   0   0   0   0   0]
 [102   0   0   0   0   0   0]]

SVM linear
Classification_report:
             precision    recall  f1-score   support

          B       0.50      0.81      0.62       179
          C       0.00      0.00      0.00        20
          G       0.00      0.00      0.00        36
          M       0.29      0.15      0.20        59
          O       0.00      0.00      0.00         1
          P       0.70      0.41      0.52        68
          R       0.37      0.36      0.36       102

avg / total       0.41      0.47      0.42       465

[[145   1   1   9   0   2  21]
 [ 11   0   1   2   0   3   3]
 [ 34   0   0   0   0   0   2]
 [ 26   0   0   9   0   1  23]
 [  0   0   0   0   0   0   1]
 [ 24   0   0   2   0  28  14]
 [ 50   0   0   9   0   6  37]]

KNN
Classification_report:
             precision    recall  f1-score   support

          B       0.47      0.58      0.52       179
          C       0.00      0.00      0.00        20
          G       0.08      0.08      0.08        36
          M       0.40      0.17      0.24        59
          O       0.00      0.00      0.00         1
          P       0.35      0.35      0.35        68
          R       0.25      0.25      0.25       102

avg / total       0.35      0.36      0.34       465

[[104   4  17   4   0  21  29]
 [ 10   0   1   0   0   4   5]
 [ 22   1   3   0   0   2   8]
 [ 20   1   4  10   0   4  20]
 [  1   0   0   0   0   0   0]
 [ 19   6   3   3   0  24  13]
 [ 43   3   9   8   0  14  25]]

NB
Classification_report:
             precision    recall  f1-score   support

          B       0.51      0.42      0.46       179
          C       0.00      0.00      0.00        20
          G       0.21      0.33      0.26        36
          M       0.29      0.34      0.31        59
          O       0.00      0.00      0.00         1
          P       0.42      0.47      0.44        68
          R       0.31      0.28      0.30       102

avg / total       0.38      0.36      0.37       465

[[75  6 29 20  0 20 29]
 [ 8  0  2  2  0  4  4]
 [16  3 12  3  0  0  2]
 [13  3  1 20  0  7 15]
 [ 0  0  0  0  0  0  1]
 [10  4  4  5  0 32 13]
 [24  6 10 19  0 14 29]]

DT
Classification_report:
             precision    recall  f1-score   support

          B       0.44      0.45      0.44       179
          C       0.04      0.05      0.04        20
          G       0.10      0.08      0.09        36
          M       0.17      0.22      0.19        59
          O       0.00      0.00      0.00         1
          P       0.19      0.15      0.17        68
          R       0.21      0.20      0.20       102

avg / total       0.27      0.28      0.27       465

[[81  7 15 24  0 17 35]
 [ 9  1  1  2  0  3  4]
 [21  0  3  6  0  1  5]
 [19  1  2 13  0  4 20]
 [ 0  0  0  1  0  0  0]
 [24  8  6  9  0 10 11]
 [32  9  2 22  0 17 20]]

CRF
Classification_report:
             precision    recall  f1-score   support

          B       0.52      0.92      0.66       179
          C       0.00      0.00      0.00        20
          G       0.00      0.00      0.00        36
          M       0.14      0.03      0.05        59
          O       0.00      0.00      0.00         1
          P       0.25      0.19      0.22        68
          R       0.30      0.25      0.27       102

avg / total       0.32      0.44      0.35       465

CRF 2.0
Classification_report:
             precision    recall  f1-score   support

          B       0.60      0.87      0.71       179
          C       0.67      0.30      0.41        20
          G       0.00      0.00      0.00        36
          M       0.58      0.36      0.44        59
          O       0.00      0.00      0.00         1
          P       0.57      0.43      0.49        68
          R       0.42      0.43      0.43       102

avg / total       0.51      0.55      0.51       465


SVM RBF
Classification_report:
             precision    recall  f1-score   support

          B       0.31      1.00      0.47       256
          C       0.00      0.00      0.00        40
          G       0.00      0.00      0.00        72
          M       0.00      0.00      0.00       104
          O       0.00      0.00      0.00         7
          P       0.00      0.00      0.00       133
          R       0.00      0.00      0.00       219

avg / total       0.09      0.31      0.15       831

[[256   0   0   0   0   0   0]
 [ 40   0   0   0   0   0   0]
 [ 72   0   0   0   0   0   0]
 [104   0   0   0   0   0   0]
 [  7   0   0   0   0   0   0]
 [133   0   0   0   0   0   0]
 [219   0   0   0   0   0   0]]

SVM linear
Classification_report:
             precision    recall  f1-score   support

          B       0.49      0.71      0.58       256
          C       0.00      0.00      0.00        40
          G       0.38      0.04      0.07        72
          M       0.36      0.10      0.15       104
          O       0.00      0.00      0.00         7
          P       0.68      0.55      0.61       133
          R       0.43      0.62      0.51       219

avg / total       0.45      0.48      0.43       831

[[181   0   4   3   0   6  62]
 [ 16   0   0   0   0   6  18]
 [ 62   0   3   1   0   0   6]
 [ 23   0   0  10   0   6  65]
 [  0   0   0   0   0   4   3]
 [ 30   0   0   3   1  73  26]
 [ 58   0   1  11   0  13 136]]

KNN
Classification_report:
             precision    recall  f1-score   support

          B       0.44      0.42      0.43       256
          C       0.05      0.17      0.07        40
          G       0.17      0.21      0.19        72
          M       0.29      0.11      0.15       104
          O       0.00      0.00      0.00         7
          P       0.46      0.50      0.47       133
          R       0.35      0.26      0.30       219

avg / total       0.35      0.32      0.33       831

[[108  48  35   6   0  25  34]
 [ 10   7   3   2   0   7  11]
 [ 30  12  15   2   0   7   6]
 [ 21  15   9  11   0  12  36]
 [  1   4   0   0   0   1   1]
 [ 20  19   5   6   1  66  16]
 [ 56  47  19  11   2  27  57]]

NB
Classification_report:
             precision    recall  f1-score   support

          B       0.52      0.37      0.43       256
          C       0.12      0.25      0.16        40
          G       0.26      0.53      0.35        72
          M       0.23      0.25      0.24       104
          O       0.00      0.00      0.00         7
          P       0.50      0.57      0.53       133
          R       0.38      0.26      0.31       219

avg / total       0.40      0.36      0.37       831

[[95 17 62 31  0 20 31]
 [ 7 10 10  2  0  6  5]
 [16  8 38  3  0  2  5]
 [15  7  6 26  0 14 36]
 [ 0  1  0  0  0  3  3]
 [10 12 11  8  0 76 16]
 [38 30 18 44  0 31 58]]

DT
Classification_report:
             precision    recall  f1-score   support

          B       0.30      0.29      0.29       256
          C       0.09      0.10      0.10        40
          G       0.09      0.10      0.09        72
          M       0.19      0.17      0.18       104
          O       0.00      0.00      0.00         7
          P       0.21      0.23      0.22       133
          R       0.26      0.26      0.26       219

avg / total       0.23      0.23      0.23       831

[[73  9 33 26  0 45 70]
 [13  4  3  4  1  6  9]
 [31  2  7  6  0 11 15]
 [21  6  9 18  0 17 33]
 [ 2  2  0  0  0  0  3]
 [35  8 11 14  1 31 33]
 [68 12 16 28  0 37 58]]

CRF
Classification_report:
             precision    recall  f1-score   support

          B       0.38      0.57      0.46       256
          C       0.00      0.00      0.00        40
          G       0.00      0.00      0.00        72
          M       0.00      0.00      0.00       104
          O       0.00      0.00      0.00         7
          P       0.32      0.25      0.28       133
          R       0.31      0.48      0.38       219

avg / total       0.25      0.34      0.29       831

CRF 2.0
Classification_report:
             precision    recall  f1-score   support

          B       0.63      0.82      0.71       256
          C       0.37      0.17      0.24        40
          G       0.29      0.08      0.13        72
          M       0.43      0.32      0.37       104
          O       0.00      0.00      0.00         7
          P       0.70      0.55      0.61       133
          R       0.51      0.64      0.57       219

avg / total       0.54      0.57      0.54       831
