SVM RBF
Classification_report:
             precision    recall  f1-score   support

          B       0.00      0.00      0.00        77
          C       0.00      0.00      0.00        20
          G       0.00      0.00      0.00        36
          M       0.00      0.00      0.00        45
          O       0.00      0.00      0.00         6
          P       0.00      0.00      0.00        65
          R       0.32      1.00      0.48       117

avg / total       0.10      0.32      0.15       366

[[  0   0   0   0   0   0  77]
 [  0   0   0   0   0   0  20]
 [  0   0   0   0   0   0  36]
 [  0   0   0   0   0   0  45]
 [  0   0   0   0   0   0   6]
 [  0   0   0   0   0   0  65]
 [  0   0   0   0   0   0 117]]

SVM linear
Classification_report:
             precision    recall  f1-score   support

          B       0.42      0.44      0.43        77
          C       0.00      0.00      0.00        20
          G       0.00      0.00      0.00        36
          M       0.00      0.00      0.00        45
          O       0.00      0.00      0.00         6
          P       0.47      0.31      0.37        65
          R       0.39      0.81      0.53       117

avg / total       0.30      0.41      0.33       366

[[34  0  0  0  0  5 38]
 [ 4  0  0  0  0  3 13]
 [14  0  0  0  0  2 20]
 [ 4  0  0  0  0  5 36]
 [ 0  0  0  0  0  1  5]
 [ 9  0  0  0  0 20 36]
 [15  0  0  0  0  7 95]]

KNN
Classification_report:
             precision    recall  f1-score   support

          B       0.32      0.45      0.37        77
          C       0.12      0.30      0.17        20
          G       0.41      0.33      0.37        36
          M       0.13      0.13      0.13        45
          O       0.00      0.00      0.00         6
          P       0.33      0.29      0.31        65
          R       0.46      0.27      0.34       117

avg / total       0.33      0.30      0.30       366

[[35  9  8  8  0  8  9]
 [ 3  6  1  0  0  6  4]
 [13  5 12  1  0  3  2]
 [13  4  2  6  0  6 14]
 [ 0  1  0  1  0  3  1]
 [15 12  1  8  2 19  8]
 [32 14  5 22  0 12 32]]

NB
Classification_report:
             precision    recall  f1-score   support

          B       0.35      0.31      0.33        77
          C       0.18      0.20      0.19        20
          G       0.24      0.25      0.25        36
          M       0.20      0.24      0.22        45
          O       0.00      0.00      0.00         6
          P       0.32      0.48      0.38        65
          R       0.43      0.32      0.37       117

avg / total       0.33      0.32      0.32       366

[[24  4 14  9  0 14 12]
 [ 1  4  2  1  0  8  4]
 [11  3  9  1  0  5  7]
 [ 3  0  1 11  0 12 18]
 [ 0  0  0  1  0  2  3]
 [ 7  6  6  9  0 31  6]
 [22  5  5 22  0 25 38]]

DT
Classification_report:
             precision    recall  f1-score   support

          B       0.45      0.35      0.39        77
          C       0.09      0.10      0.09        20
          G       0.09      0.08      0.09        36
          M       0.21      0.20      0.21        45
          O       0.00      0.00      0.00         6
          P       0.22      0.26      0.24        65
          R       0.41      0.44      0.43       117

avg / total       0.31      0.30      0.30       366

[[27  5 11  8  0  9 17]
 [ 3  2  2  0  1  8  4]
 [11  4  3  3  1  7  7]
 [ 2  3  1  9  1 11 18]
 [ 0  0  0  0  0  2  4]
 [ 5  2  8  9  0 17 24]
 [12  7  9 13  1 23 52]]

CRF
Classification_report:
             precision    recall  f1-score   support

          B       0.00      0.00      0.00        77
          C       0.00      0.00      0.00        20
          G       0.00      0.00      0.00        36
          M       0.00      0.00      0.00        45
          O       0.00      0.00      0.00         6
          P       0.46      0.37      0.41        65
          R       0.37      1.00      0.54       117

avg / total       0.20      0.39      0.25       366

CRF 2.0
Classification_report:
             precision    recall  f1-score   support

          B       0.47      0.49      0.48        77
          C       0.00      0.00      0.00        20
          G       0.27      0.17      0.21        36
          M       0.12      0.04      0.07        45
          O       0.00      0.00      0.00         6
          P       0.60      0.49      0.54        65
          R       0.48      0.79      0.60       117

avg / total       0.40      0.47      0.42       366


SVM RBF
Classification_report:
             precision    recall  f1-score   support

          B       0.38      1.00      0.56       179
          C       0.00      0.00      0.00        20
          G       0.00      0.00      0.00        36
          M       0.00      0.00      0.00        59
          O       0.00      0.00      0.00         1
          P       0.00      0.00      0.00        68
          R       0.00      0.00      0.00       102

avg / total       0.15      0.38      0.21       465

[[179   0   0   0   0   0   0]
 [ 20   0   0   0   0   0   0]
 [ 36   0   0   0   0   0   0]
 [ 59   0   0   0   0   0   0]
 [  1   0   0   0   0   0   0]
 [ 68   0   0   0   0   0   0]
 [102   0   0   0   0   0   0]]

SVM linear
Classification_report:
             precision    recall  f1-score   support

          B       0.41      0.94      0.57       179
          C       0.00      0.00      0.00        20
          G       0.00      0.00      0.00        36
          M       0.00      0.00      0.00        59
          O       0.00      0.00      0.00         1
          P       0.53      0.25      0.34        68
          R       0.22      0.05      0.08       102

avg / total       0.28      0.41      0.29       465

[[168   0   0   0   0   3   8]
 [ 18   0   0   0   0   1   1]
 [ 36   0   0   0   0   0   0]
 [ 47   0   0   0   0   5   7]
 [  1   0   0   0   0   0   0]
 [ 49   0   0   0   0  17   2]
 [ 91   0   0   0   0   6   5]]

KNN
Classification_report:
             precision    recall  f1-score   support

          B       0.48      0.60      0.53       179
          C       0.00      0.00      0.00        20
          G       0.02      0.03      0.03        36
          M       0.34      0.24      0.28        59
          O       0.00      0.00      0.00         1
          P       0.39      0.28      0.32        68
          R       0.28      0.22      0.24       102

avg / total       0.35      0.35      0.34       465

[[107   7  20  11   0  12  22]
 [ 13   0   2   1   0   0   4]
 [ 26   0   1   2   0   3   4]
 [ 12   7   6  14   0   5  15]
 [  0   0   0   0   0   0   1]
 [ 26   9   1   1   0  19  12]
 [ 41   5  12  12   0  10  22]]

NB
Classification_report:
             precision    recall  f1-score   support

          B       0.52      0.39      0.45       179
          C       0.03      0.05      0.04        20
          G       0.18      0.28      0.22        36
          M       0.27      0.31      0.29        59
          O       0.00      0.00      0.00         1
          P       0.39      0.57      0.46        68
          R       0.22      0.17      0.19       102

avg / total       0.35      0.33      0.34       465

[[70 12 26 20  0 24 27]
 [ 6  1  4  0  0  4  5]
 [12  4 10  4  0  1  5]
 [ 8  3  5 18  0  9 16]
 [ 0  0  0  1  0  0  0]
 [ 9  4  3  5  0 39  8]
 [30  5  8 18  0 24 17]]

DT
Classification_report:
             precision    recall  f1-score   support

          B       0.44      0.40      0.42       179
          C       0.06      0.05      0.05        20
          G       0.17      0.17      0.17        36
          M       0.19      0.22      0.21        59
          O       0.00      0.00      0.00         1
          P       0.27      0.26      0.27        68
          R       0.18      0.20      0.19       102

avg / total       0.29      0.28      0.28       465

[[72  6 16 16  1 17 51]
 [ 4  1  3  2  0  2  8]
 [17  0  6  5  0  3  5]
 [14  5  1 13  0  9 17]
 [ 1  0  0  0  0  0  0]
 [24  0  3 10  0 18 13]
 [31  6  6 21  1 17 20]]

CRF
Classification_report:
             precision    recall  f1-score   support

          B       0.47      0.96      0.63       179
          C       0.00      0.00      0.00        20
          G       0.00      0.00      0.00        36
          M       1.00      0.02      0.03        59
          O       0.00      0.00      0.00         1
          P       0.19      0.15      0.17        68
          R       0.36      0.17      0.23       102

avg / total       0.42      0.43      0.32       465

CRF 2.0
Classification_report:
             precision    recall  f1-score   support

          B       0.59      0.84      0.69       179
          C       0.67      0.10      0.17        20
          G       0.36      0.11      0.17        36
          M       0.49      0.34      0.40        59
          O       0.00      0.00      0.00         1
          P       0.56      0.41      0.47        68
          R       0.42      0.43      0.43       102

avg / total       0.52      0.54      0.50       465


SVM RBF
Classification_report:
             precision    recall  f1-score   support

          B       0.31      1.00      0.47       256
          C       0.00      0.00      0.00        40
          G       0.00      0.00      0.00        72
          M       0.00      0.00      0.00       104
          O       0.00      0.00      0.00         7
          P       0.00      0.00      0.00       133
          R       0.00      0.00      0.00       219

avg / total       0.09      0.31      0.15       831

[[256   0   0   0   0   0   0]
 [ 40   0   0   0   0   0   0]
 [ 72   0   0   0   0   0   0]
 [104   0   0   0   0   0   0]
 [  7   0   0   0   0   0   0]
 [133   0   0   0   0   0   0]
 [219   0   0   0   0   0   0]]

SVM linear
Classification_report:
             precision    recall  f1-score   support

          B       0.42      0.71      0.53       256
          C       0.00      0.00      0.00        40
          G       0.00      0.00      0.00        72
          M       0.00      0.00      0.00       104
          O       0.00      0.00      0.00         7
          P       0.59      0.35      0.44       133
          R       0.39      0.56      0.46       219

avg / total       0.32      0.42      0.35       831

[[181   0   0   0   0   7  68]
 [ 26   0   0   0   0   5   9]
 [ 61   0   0   0   0   1  10]
 [ 30   0   0   0   0  10  64]
 [  0   0   0   0   0   2   5]
 [ 46   0   0   1   0  46  40]
 [ 89   0   0   0   0   7 123]]

KNN
Classification_report:
             precision    recall  f1-score   support

          B       0.41      0.56      0.47       256
          C       0.08      0.12      0.10        40
          G       0.27      0.21      0.23        72
          M       0.28      0.21      0.24       104
          O       0.17      0.14      0.15         7
          P       0.40      0.36      0.38       133
          R       0.34      0.23      0.27       219

avg / total       0.34      0.34      0.33       831

[[143  18  22  15   0  21  37]
 [ 14   5   2   2   0   9   8]
 [ 39   4  15   3   0   5   6]
 [ 24   5   5  22   0  12  36]
 [  2   0   0   0   1   3   1]
 [ 43  10   5  10   4  48  13]
 [ 88  21   7  28   1  23  51]]

NB
Classification_report:
             precision    recall  f1-score   support

          B       0.46      0.35      0.40       256
          C       0.12      0.15      0.13        40
          G       0.21      0.32      0.25        72
          M       0.19      0.18      0.19       104
          O       0.00      0.00      0.00         7
          P       0.35      0.59      0.44       133
          R       0.32      0.22      0.26       219

avg / total       0.33      0.32      0.31       831

[[90 17 55 24  0 36 34]
 [ 9  6  6  1  0 13  5]
 [22  7 23  2  0  8 10]
 [13  2  7 19  1 25 37]
 [ 1  0  0  0  0  3  3]
 [16  9  7 11  0 79 11]
 [46 10 13 42  0 60 48]]

DT
Classification_report:
             precision    recall  f1-score   support

          B       0.41      0.42      0.42       256
          C       0.14      0.12      0.13        40
          G       0.13      0.12      0.13        72
          M       0.15      0.16      0.16       104
          O       0.00      0.00      0.00         7
          P       0.27      0.30      0.28       133
          R       0.35      0.32      0.33       219

avg / total       0.30      0.30      0.30       831

[[108   5  25  33   0  33  52]
 [  8   5  10   3   0   7   7]
 [ 34   6   9   2   0  13   8]
 [ 30   3   5  17   0  19  30]
 [  1   0   1   1   0   3   1]
 [ 26   6   7  20   2  40  32]
 [ 55  12  11  36   3  33  69]]

CRF
Classification_report:
             precision    recall  f1-score   support

          B       0.36      0.46      0.40       256
          C       0.00      0.00      0.00        40
          G       0.00      0.00      0.00        72
          M       0.00      0.00      0.00       104
          O       0.00      0.00      0.00         7
          P       0.35      0.27      0.30       133
          R       0.30      0.55      0.39       219

avg / total       0.25      0.33      0.28       831

CRF 2.0
Classification_report:
             precision    recall  f1-score   support

          B       0.61      0.82      0.70       256
          C       0.25      0.05      0.08        40
          G       0.23      0.08      0.12        72
          M       0.54      0.21      0.30       104
          O       0.00      0.00      0.00         7
          P       0.62      0.48      0.54       133
          R       0.50      0.70      0.58       219

avg / total       0.52      0.55      0.51       831
