SVM RBF
Classification_report:
             precision    recall  f1-score   support
          B       0.42      0.73      0.53       256
          C       0.00      0.00      0.00        40
          G       0.00      0.00      0.00        72
          M       0.44      0.04      0.07       104
          O       0.00      0.00      0.00         7
          P       0.62      0.34      0.44       133
          R       0.37      0.52      0.43       220

avg / total       0.38      0.42      0.36       832

[[187   0   0   0   0   6  63]
 [ 22   0   0   0   0   2  16]
 [ 61   0   0   0   0   1  10]
 [ 33   0   0   4   0   6  61]
 [  1   0   0   0   0   1   5]
 [ 52   0   0   0   0  45  36]
 [ 90   0   0   5   0  11 114]]

SVM linear
Classification_report:
             precision    recall  f1-score   support
          B       0.43      0.51      0.47       256
          C       0.12      0.12      0.12        40
          G       0.28      0.24      0.26        72
          M       0.23      0.27      0.25       104
          O       0.25      0.29      0.27         7
          P       0.50      0.44      0.47       133
          R       0.36      0.30      0.33       220

avg / total       0.37      0.37      0.37       832

[[130  11  32  27   1  13  42]
 [ 16   5   1   3   1   4  10]
 [ 38   4  17   1   0   5   7]
 [ 30   3   1  28   0  10  32]
 [  0   0   0   0   2   2   3]
 [ 26   5   5  15   0  59  23]
 [ 61  14   4  46   4  24  67]]

KNN
Classification_report:
             precision    recall  f1-score   support
          B       0.41      0.58      0.48       256
          C       0.03      0.03      0.03        40
          G       0.18      0.12      0.15        72
          M       0.25      0.27      0.26       104
          O       0.25      0.14      0.18         7
          P       0.45      0.37      0.40       133
          R       0.32      0.24      0.27       220

avg / total       0.33      0.35      0.33       832

[[149   6  18  22   0  23  38]
 [ 16   1   1   4   0   5  13]
 [ 43   4   9   4   0   2  10]
 [ 31   3   2  28   0   7  33]
 [  0   1   0   1   1   1   3]
 [ 40   7   9  12   1  49  15]
 [ 81  10  11  41   2  23  52]]

NB
Classification_report:
             precision    recall  f1-score   support
          B       0.49      0.47      0.48       256
          C       0.11      0.20      0.14        40
          G       0.23      0.26      0.24        72
          M       0.18      0.21      0.19       104
          O       0.25      0.14      0.18         7
          P       0.35      0.26      0.30       133
          R       0.33      0.30      0.32       220

avg / total       0.35      0.33      0.33       832

[[121  17  39  27   0  10  42]
 [ 15   8   3   2   0   4   8]
 [ 29   6  19   3   0   4  11]
 [ 17   4   4  22   0  18  39]
 [  0   0   0   1   1   1   4]
 [ 19  18   9  21   1  35  30]
 [ 44  21  10  48   2  28  67]]

DT
Classification_report:
             precision    recall  f1-score   support
          B       0.38      0.36      0.37       256
          C       0.00      0.00      0.00        40
          G       0.12      0.12      0.12        72
          M       0.15      0.16      0.16       104
          O       0.00      0.00      0.00         7
          P       0.28      0.29      0.29       133
          R       0.31      0.31      0.31       220

avg / total       0.27      0.27      0.27       832

[[93  8 29 29  2 30 65]
 [11  0  4  7  0  6 12]
 [32  3  9  8  0 10 10]
 [30  7  4 17  1 13 32]
 [ 2  0  1  1  0  3  0]
 [27  4 10 16  2 39 35]
 [52 10 15 34  3 38 68]]

CRF
Classification_report:
             precision    recall  f1-score   support
          B      0.400     0.562     0.468       256
          C      0.500     0.050     0.091        40
          G      0.000     0.000     0.000        72
          M      0.000     0.000     0.000       104
          O      0.000     0.000     0.000         7
          P      0.356     0.278     0.312       133
          R      0.328     0.541     0.408       220

avg / total      0.291     0.363     0.306       832
