SVM RBF
Classification_report:
             precision    recall  f1-score   support
          B       0.42      0.35      0.38        77
          C       0.00      0.00      0.00        20
          G       0.00      0.00      0.00        36
          M       1.00      0.02      0.04        45
          O       0.00      0.00      0.00         6
          P       0.60      0.43      0.50        65
          R       0.40      0.86      0.55       117

avg / total       0.45      0.43      0.35       366

[[ 27   0   1   0   0   5  44]
 [  2   0   0   0   0   3  15]
 [ 16   0   0   0   0   1  19]
 [  3   0   0   1   0   2  39]
 [  0   0   0   0   0   2   4]
 [  6   0   1   0   0  28  30]
 [ 10   0   0   0   0   6 101]]

SVM linear
Classification_report:
             precision    recall  f1-score   support
          B       0.36      0.44      0.40        77
          C       0.20      0.20      0.20        20
          G       0.31      0.25      0.28        36
          M       0.24      0.24      0.24        45
          O       0.50      0.17      0.25         6
          P       0.53      0.52      0.53        65
          R       0.50      0.47      0.48       117

avg / total       0.41      0.40      0.40       366

[[34  3 13  6  0  9 12]
 [ 4  4  1  1  0  3  7]
 [15  4  9  2  0  1  5]
 [ 8  0  1 11  0  4 21]
 [ 0  0  0  0  1  3  2]
 [11  4  3  5  0 34  8]
 [23  5  2 21  1 10 55]]

KNN
Classification_report:
             precision    recall  f1-score   support
          B       0.35      0.48      0.41        77
          C       0.28      0.25      0.26        20
          G       0.25      0.19      0.22        36
          M       0.19      0.24      0.22        45
          O       0.25      0.17      0.20         6
          P       0.42      0.35      0.38        65
          R       0.44      0.38      0.41       117

avg / total       0.36      0.35      0.35       366

[[37  3  5  9  0  9 14]
 [ 6  5  2  0  0  0  7]
 [13  3  7  2  1  4  6]
 [ 7  1  3 11  0  5 18]
 [ 1  0  1  0  1  1  2]
 [16  2  3 11  2 23  8]
 [25  4  7 24  0 13 44]]

NB
Classification_report:
             precision    recall  f1-score   support
          B       0.49      0.32      0.39        77
          C       0.13      0.25      0.17        20
          G       0.28      0.19      0.23        36
          M       0.29      0.33      0.31        45
          O       0.00      0.00      0.00         6
          P       0.44      0.26      0.33        65
          R       0.39      0.53      0.45       117

avg / total       0.37      0.36      0.35       366

[[25  6  7  6  0  5 28]
 [ 1  5  2  1  0  2  9]
 [ 6  5  7  1  0  2 15]
 [ 2  3  1 15  0  3 21]
 [ 1  0  0  0  0  1  4]
 [ 4 10  4  8  0 17 22]
 [12 10  4 20  0  9 62]]

DT
Classification_report:
             precision    recall  f1-score   support
          B       0.31      0.31      0.31        77
          C       0.04      0.05      0.05        20
          G       0.17      0.19      0.18        36
          M       0.07      0.07      0.07        45
          O       0.00      0.00      0.00         6
          P       0.30      0.23      0.26        65
          R       0.38      0.41      0.39       117

avg / total       0.27      0.27      0.27       366

[[24  5  6  8  0  5 29]
 [ 5  1  4  2  0  3  5]
 [ 7  2  7  5  2  6  7]
 [ 5  5  4  3  1  9 18]
 [ 3  0  0  0  0  0  3]
 [ 9  3 11 10  0 15 17]
 [24  7  8 17  1 12 48]]

Classification_report:
             precision    recall  f1-score   support
          B      0.000     0.000     0.000        77
          C      0.000     0.000     0.000        20
          G      0.000     0.000     0.000        36
          M      0.000     0.000     0.000        45
          O      0.000     0.000     0.000         6
          P      0.462     0.369     0.410        65
          R      0.373     1.000     0.543       117

avg / total      0.201     0.385     0.246       366
