Reading  corpus/output366.json
SVM RBF
Classification_report:
             precision    recall  f1-score   support

          B       0.55      0.53      0.54        77
          C       0.28      0.25      0.26        20
          G       0.45      0.39      0.42        36
          M       0.26      0.22      0.24        45
          O       1.00      0.17      0.29         6
          P       0.53      0.65      0.58        65
          R       0.53      0.56      0.54       117

avg / total       0.49      0.49      0.48       366

[[41  3  8  3  0 10 12]
 [ 0  5  2  0  0  3 10]
 [13  0 14  2  0  1  6]
 [ 5  0  2 10  0  8 20]
 [ 0  0  0  0  1  3  2]
 [ 6  1  3  5  0 42  8]
 [10  9  2 18  0 13 65]]

SVM linear
Classification_report:
             precision    recall  f1-score   support

          B       0.57      0.55      0.56        77
          C       0.19      0.25      0.22        20
          G       0.47      0.44      0.46        36
          M       0.30      0.29      0.29        45
          O       1.00      0.17      0.29         6
          P       0.56      0.62      0.59        65
          R       0.57      0.56      0.57       117

avg / total       0.51      0.50      0.50       366

[[42  4 12  2  0  8  9]
 [ 0  5  1  0  0  3 11]
 [11  1 16  3  0  0  5]
 [ 7  0  1 13  0  6 18]
 [ 0  1  0  0  1  2  2]
 [ 7  4  3  6  0 40  5]
 [ 7 11  1 20  0 12 66]]

Reading  corpus/output466.json
SVM RBF
Classification_report:
             precision    recall  f1-score   support

          B       0.74      0.78      0.76       179
          C       0.56      0.45      0.50        20
          G       0.45      0.39      0.42        36
          M       0.46      0.42      0.44        59
          O       0.00      0.00      0.00         1
          P       0.57      0.59      0.58        68
          R       0.49      0.51      0.50       102

avg / total       0.59      0.60      0.60       465

[[139   0  17   1   0  13   9]
 [  0   9   0   0   0   0  11]
 [ 20   0  14   0   0   2   0]
 [  4   1   0  25   0   5  24]
 [  0   0   0   0   0   1   0]
 [ 14   0   0   3   0  40  11]
 [ 10   6   0  25   0   9  52]]

SVM linear
Classification_report:
             precision    recall  f1-score   support

          B       0.72      0.76      0.74       179
          C       0.43      0.50      0.47        20
          G       0.43      0.36      0.39        36
          M       0.42      0.42      0.42        59
          O       0.00      0.00      0.00         1
          P       0.52      0.53      0.53        68
          R       0.49      0.46      0.47       102

avg / total       0.57      0.57      0.57       465

[[136   1  16   1   0  16   9]
 [  0  10   0   1   0   1   8]
 [ 22   0  13   0   0   1   0]
 [  5   2   0  25   0   3  24]
 [  0   0   0   0   0   1   0]
 [ 17   2   0   5   0  36   8]
 [  8   8   1  27   0  11  47]]

Reading  corpus/output832.json
SVM RBF
Classification_report:
             precision    recall  f1-score   support

          B       0.62      0.69      0.65       256
          C       0.27      0.28      0.27        40
          G       0.38      0.36      0.37        72
          M       0.29      0.31      0.30       104
          O       1.00      0.14      0.25         7
          P       0.58      0.56      0.57       133
          R       0.46      0.41      0.44       219

avg / total       0.50      0.50      0.49       831

[[177   2  32  11   0  12  22]
 [  4  11   0   2   0   6  17]
 [ 38   0  26   2   0   2   4]
 [ 19   2   2  32   0  10  39]
 [  0   0   0   0   1   3   3]
 [ 16   5   3  15   0  75  19]
 [ 32  21   6  49   0  21  90]]

SVM linear
Classification_report:
             precision    recall  f1-score   support

          B       0.58      0.61      0.59       256
          C       0.23      0.28      0.25        40
          G       0.32      0.35      0.33        72
          M       0.32      0.36      0.33       104
          O       1.00      0.14      0.25         7
          P       0.55      0.54      0.55       133
          R       0.48      0.40      0.44       219

avg / total       0.48      0.47      0.47       831

[[157   4  35  16   0  17  27]
 [  4  11   1   2   0   5  17]
 [ 34   2  25   3   0   3   5]
 [ 17   4   5  37   0   8  33]
 [  0   0   0   0   1   3   3]
 [ 25   8   4  12   0  72  12]
 [ 35  18   8  47   0  23  88]]

