Reading  corpus/output366.json
SVM RBF
Classification_report:
             precision    recall  f1-score   support

          B       0.51      0.49      0.50        77
          C       0.23      0.30      0.26        20
          G       0.42      0.39      0.41        36
          M       0.28      0.20      0.23        45
          O       1.00      0.17      0.29         6
          P       0.53      0.62      0.57        65
          R       0.53      0.56      0.55       117

avg / total       0.48      0.48      0.47       366

[[38  3 12  3  0  8 13]
 [ 0  6  2  0  0  2 10]
 [14  1 14  0  0  2  5]
 [ 7  0  1  9  0  8 20]
 [ 0  1  0  0  1  3  1]
 [ 7  1  2  6  0 40  9]
 [ 9 14  2 14  0 12 66]]

SVM linear
Classification_report:
             precision    recall  f1-score   support

          B       0.52      0.53      0.53        77
          C       0.22      0.25      0.23        20
          G       0.45      0.39      0.42        36
          M       0.26      0.24      0.25        45
          O       1.00      0.17      0.29         6
          P       0.55      0.62      0.58        65
          R       0.54      0.54      0.54       117

avg / total       0.48      0.48      0.48       366

[[41  3 10  5  0  7 11]
 [ 0  5  2  0  0  2 11]
 [15  1 14  1  0  2  3]
 [ 7  0  1 11  0  6 20]
 [ 0  1  0  0  1  3  1]
 [ 7  2  3  5  0 40  8]
 [ 9 11  1 20  0 13 63]]

Reading  corpus/output466.json
SVM RBF
Classification_report:
             precision    recall  f1-score   support

          B       0.75      0.80      0.77       179
          C       0.53      0.40      0.46        20
          G       0.41      0.33      0.37        36
          M       0.45      0.39      0.42        59
          O       0.00      0.00      0.00         1
          P       0.62      0.59      0.61        68
          R       0.50      0.57      0.53       102

avg / total       0.60      0.61      0.60       465

[[143   1  17   1   0  10   7]
 [  0   8   0   0   0   0  12]
 [ 23   0  12   0   0   1   0]
 [  3   1   0  23   0   4  28]
 [  0   0   0   0   0   1   0]
 [ 16   0   0   2   0  40  10]
 [  6   5   0  25   0   8  58]]

SVM linear
Classification_report:
             precision    recall  f1-score   support

          B       0.72      0.79      0.75       179
          C       0.42      0.40      0.41        20
          G       0.46      0.33      0.39        36
          M       0.49      0.46      0.47        59
          O       0.00      0.00      0.00         1
          P       0.55      0.53      0.54        68
          R       0.50      0.52      0.51       102

avg / total       0.59      0.60      0.59       465

[[141   1  13   2   0  14   8]
 [  0   8   0   1   0   0  11]
 [ 23   0  12   0   0   1   0]
 [  4   0   0  27   0   4  24]
 [  0   0   0   0   0   1   0]
 [ 18   2   0   3   0  36   9]
 [  9   8   1  22   0   9  53]]

Reading  corpus/output832.json
SVM RBF
Classification_report:
             precision    recall  f1-score   support

          B       0.61      0.69      0.65       256
          C       0.38      0.35      0.36        40
          G       0.41      0.33      0.37        72
          M       0.33      0.33      0.33       104
          O       0.00      0.00      0.00         7
          P       0.58      0.59      0.58       133
          R       0.51      0.49      0.50       219

avg / total       0.51      0.52      0.52       831

[[177   2  27  12   0  16  22]
 [  4  14   0   1   0   6  15]
 [ 38   0  24   3   0   1   6]
 [ 18   3   2  34   0  11  36]
 [  0   1   0   0   0   4   2]
 [ 19   2   2  10   0  78  22]
 [ 33  15   4  42   0  18 107]]

SVM linear
Classification_report:
             precision    recall  f1-score   support

          B       0.56      0.60      0.58       256
          C       0.31      0.30      0.30        40
          G       0.32      0.31      0.31        72
          M       0.35      0.33      0.34       104
          O       0.00      0.00      0.00         7
          P       0.53      0.57      0.55       133
          R       0.53      0.51      0.52       219

avg / total       0.49      0.49      0.49       831

[[154   3  37  11   0  25  26]
 [  7  12   0   0   0   7  14]
 [ 41   1  22   4   0   1   3]
 [ 17   4   4  34   0  10  35]
 [  0   2   0   0   0   4   1]
 [ 23   3   2  10   0  76  19]
 [ 32  14   3  38   0  20 112]]

