Reading  corpus/output366.json
SVM RBF
Classification_report:
             precision    recall  f1-score   support

          B       0.47      0.47      0.47        77
          C       0.17      0.20      0.19        20
          G       0.47      0.39      0.42        36
          M       0.32      0.27      0.29        45
          O       1.00      0.17      0.29         6
          P       0.53      0.62      0.57        65
          R       0.52      0.54      0.53       117

avg / total       0.47      0.46      0.46       366

[[36  3 11  4  0 10 13]
 [ 1  4  1  0  0  3 11]
 [15  0 14  0  0  2  5]
 [ 7  0  0 12  0  6 20]
 [ 0  1  0  0  1  3  1]
 [ 9  1  3  4  0 40  8]
 [ 9 14  1 18  0 12 63]]

SVM linear
Classification_report:
             precision    recall  f1-score   support

          B       0.51      0.53      0.52        77
          C       0.20      0.25      0.22        20
          G       0.45      0.39      0.42        36
          M       0.26      0.22      0.24        45
          O       1.00      0.17      0.29         6
          P       0.53      0.60      0.56        65
          R       0.53      0.53      0.53       117

avg / total       0.48      0.47      0.47       366

[[41  3 11  3  0  7 12]
 [ 1  5  1  0  0  2 11]
 [14  0 14  1  0  3  4]
 [ 7  0  1 10  0  8 19]
 [ 0  1  0  0  1  3  1]
 [10  2  3  4  0 39  7]
 [ 8 14  1 20  0 12 62]]

Reading  corpus/output466.json
SVM RBF
Classification_report:
             precision    recall  f1-score   support

          B       0.74      0.78      0.76       179
          C       0.73      0.40      0.52        20
          G       0.34      0.31      0.32        36
          M       0.45      0.42      0.44        59
          O       0.00      0.00      0.00         1
          P       0.62      0.59      0.60        68
          R       0.51      0.57      0.54       102

avg / total       0.60      0.61      0.60       465

[[140   0  20   1   0   9   9]
 [  0   8   0   0   0   0  12]
 [ 23   0  11   0   0   2   0]
 [  3   0   0  25   0   5  26]
 [  0   0   0   0   0   1   0]
 [ 16   0   0   3   0  40   9]
 [  6   3   1  26   0   8  58]]

SVM linear
Classification_report:
             precision    recall  f1-score   support

          B       0.72      0.77      0.74       179
          C       0.43      0.30      0.35        20
          G       0.33      0.28      0.30        36
          M       0.51      0.46      0.48        59
          O       0.00      0.00      0.00         1
          P       0.58      0.56      0.57        68
          R       0.52      0.58      0.55       102

avg / total       0.59      0.60      0.59       465

[[137   1  19   1   0  12   9]
 [  0   6   0   1   0   1  12]
 [ 24   0  10   0   0   2   0]
 [  4   0   0  27   0   4  24]
 [  0   0   0   0   0   1   0]
 [ 18   1   0   2   0  38   9]
 [  7   6   1  22   0   7  59]]

Reading  corpus/output832.json
SVM RBF
Classification_report:
             precision    recall  f1-score   support

          B       0.62      0.70      0.66       256
          C       0.39      0.35      0.37        40
          G       0.38      0.32      0.35        72
          M       0.38      0.35      0.36       104
          O       0.00      0.00      0.00         7
          P       0.59      0.59      0.59       133
          R       0.50      0.51      0.50       219

avg / total       0.52      0.53      0.52       831

[[178   3  27  13   0  12  23]
 [  4  14   0   3   0   4  15]
 [ 38   0  23   3   0   1   7]
 [ 17   3   2  36   0  10  36]
 [  0   0   0   0   0   4   3]
 [ 17   2   2   7   0  79  26]
 [ 31  14   6  34   0  23 111]]

SVM linear
Classification_report:
             precision    recall  f1-score   support

          B       0.59      0.66      0.63       256
          C       0.32      0.30      0.31        40
          G       0.34      0.29      0.32        72
          M       0.36      0.33      0.34       104
          O       0.00      0.00      0.00         7
          P       0.56      0.57      0.57       133
          R       0.54      0.53      0.53       219

avg / total       0.50      0.52      0.51       831

[[170   4  31  13   0  15  23]
 [  6  12   1   1   0   5  15]
 [ 42   1  21   4   0   1   3]
 [ 16   4   3  34   0  10  37]
 [  0   0   0   0   0   5   2]
 [ 24   5   2   7   0  76  19]
 [ 30  11   3  36   0  23 116]]

