Reading  corpus/output366.json
SVM RBF
Classification_report:
             precision    recall  f1-score   support

          B       0.49      0.51      0.50        77
          C       0.33      0.20      0.25        20
          G       0.37      0.31      0.33        36
          M       0.25      0.20      0.22        45
          O       1.00      0.17      0.29         6
          P       0.58      0.63      0.60        65
          R       0.49      0.56      0.52       117

avg / total       0.46      0.47      0.46       366

[[39  2 11  6  0  6 13]
 [ 1  4  1  0  0  2 12]
 [16  0 11  0  0  2  7]
 [ 5  0  1  9  0  8 22]
 [ 0  0  0  1  1  1  3]
 [ 6  0  1  4  0 41 13]
 [13  6  5 16  0 11 66]]

SVM linear
Classification_report:
             precision    recall  f1-score   support

          B       0.49      0.56      0.52        77
          C       0.15      0.20      0.17        20
          G       0.39      0.36      0.38        36
          M       0.23      0.24      0.24        45
          O       1.00      0.17      0.29         6
          P       0.52      0.54      0.53        65
          R       0.48      0.43      0.45       117

avg / total       0.44      0.43      0.43       366

[[43  3 10  7  0  7  7]
 [ 1  4  0  0  0  4 11]
 [13  4 13  1  0  1  4]
 [ 7  0  1 11  0  7 19]
 [ 0  0  0  0  1  1  4]
 [ 9  4  3  4  0 35 10]
 [14 11  6 24  0 12 50]]

Reading  corpus/output466.json
SVM RBF
Classification_report:
             precision    recall  f1-score   support

          B       0.77      0.83      0.80       179
          C       0.42      0.40      0.41        20
          G       0.57      0.36      0.44        36
          M       0.43      0.41      0.42        59
          O       0.00      0.00      0.00         1
          P       0.67      0.63      0.65        68
          R       0.52      0.56      0.54       102

avg / total       0.62      0.63      0.63       465

[[149   1  10   3   0  10   6]
 [  0   8   0   0   0   1  11]
 [ 21   0  13   0   0   2   0]
 [  4   1   0  24   0   4  26]
 [  0   0   0   0   0   1   0]
 [ 11   1   0   4   0  43   9]
 [  9   8   0  25   0   3  57]]

SVM linear
Classification_report:
             precision    recall  f1-score   support

          B       0.72      0.76      0.74       179
          C       0.46      0.55      0.50        20
          G       0.36      0.39      0.37        36
          M       0.42      0.41      0.41        59
          O       0.00      0.00      0.00         1
          P       0.60      0.56      0.58        68
          R       0.50      0.45      0.47       102

avg / total       0.57      0.58      0.58       465

[[136   1  21   0   0  11  10]
 [  0  11   0   0   0   1   8]
 [ 21   0  14   0   0   1   0]
 [  6   2   0  24   0   4  23]
 [  0   0   0   0   0   1   0]
 [ 17   2   1   5   0  38   5]
 [ 10   8   3  28   0   7  46]]

Reading  corpus/output832.json
SVM RBF
Classification_report:
             precision    recall  f1-score   support

          B       0.64      0.76      0.70       256
          C       0.44      0.30      0.36        40
          G       0.42      0.35      0.38        72
          M       0.33      0.24      0.28       104
          O       1.00      0.14      0.25         7
          P       0.62      0.57      0.60       133
          R       0.47      0.52      0.49       219

avg / total       0.53      0.54      0.53       831

[[195   0  22   8   0   9  22]
 [  2  12   0   1   0   3  22]
 [ 37   0  25   1   0   3   6]
 [ 17   0   1  25   0   9  52]
 [  0   0   0   0   1   2   4]
 [ 19   2   5   8   0  76  23]
 [ 34  13   6  32   0  20 114]]

SVM linear
Classification_report:
             precision    recall  f1-score   support

          B       0.60      0.69      0.64       256
          C       0.29      0.40      0.34        40
          G       0.41      0.40      0.41        72
          M       0.32      0.32      0.32       104
          O       1.00      0.14      0.25         7
          P       0.56      0.56      0.56       133
          R       0.52      0.42      0.47       219

avg / total       0.51      0.51      0.50       831

[[177   4  28  18   0  12  17]
 [  1  16   2   1   0   4  16]
 [ 31   2  29   2   0   3   5]
 [ 24   4   0  33   0  10  33]
 [  0   1   0   0   1   5   0]
 [ 27   5   3  11   0  74  13]
 [ 35  23   9  37   0  23  92]]

