Reading  corpus/output366.json
SVM RBF
Classification_report:
             precision    recall  f1-score   support

          B       0.53      0.55      0.54        77
          C       0.25      0.25      0.25        20
          G       0.38      0.28      0.32        36
          M       0.25      0.22      0.24        45
          O       1.00      0.17      0.29         6
          P       0.57      0.60      0.58        65
          R       0.49      0.55      0.52       117

avg / total       0.47      0.47      0.46       366

[[42  2  9  5  0  7 12]
 [ 2  5  0  1  0  3  9]
 [16  2 10  1  0  2  5]
 [ 4  0  1 10  0  7 23]
 [ 0  0  0  0  1  1  4]
 [ 7  1  3  2  0 39 13]
 [ 9 10  3 21  0 10 64]]

SVM linear
Classification_report:
             precision    recall  f1-score   support

          B       0.49      0.52      0.50        77
          C       0.17      0.30      0.21        20
          G       0.43      0.42      0.42        36
          M       0.23      0.24      0.24        45
          O       1.00      0.17      0.29         6
          P       0.58      0.55      0.57        65
          R       0.50      0.44      0.46       117

avg / total       0.46      0.44      0.44       366

[[40  5 12  5  0  7  8]
 [ 2  6  0  0  0  2 10]
 [12  3 15  2  0  0  4]
 [ 6  1  2 11  0  6 19]
 [ 0  0  0  0  1  1  4]
 [ 9  6  3  4  0 36  7]
 [13 15  3 25  0 10 51]]

Reading  corpus/output466.json
SVM RBF
Classification_report:
             precision    recall  f1-score   support

          B       0.75      0.81      0.78       179
          C       0.50      0.50      0.50        20
          G       0.44      0.39      0.41        36
          M       0.46      0.44      0.45        59
          O       0.00      0.00      0.00         1
          P       0.69      0.62      0.65        68
          R       0.51      0.51      0.51       102

avg / total       0.61      0.62      0.62       465

[[145   0  18   0   0   7   9]
 [  0  10   0   1   0   0   9]
 [ 21   0  14   0   0   1   0]
 [  6   0   0  26   0   5  22]
 [  0   0   0   0   0   1   0]
 [ 12   1   0   3   0  42  10]
 [  9   9   0  27   0   5  52]]

SVM linear
Classification_report:
             precision    recall  f1-score   support

          B       0.69      0.74      0.72       179
          C       0.53      0.50      0.51        20
          G       0.39      0.42      0.41        36
          M       0.44      0.44      0.44        59
          O       0.00      0.00      0.00         1
          P       0.61      0.56      0.58        68
          R       0.49      0.47      0.48       102

avg / total       0.57      0.58      0.58       465

[[132   0  23   0   0  13  11]
 [  0  10   0   0   0   0  10]
 [ 21   0  15   0   0   0   0]
 [  6   2   0  26   0   4  21]
 [  0   0   0   0   0   1   0]
 [ 16   2   0   5   0  38   7]
 [ 15   5   0  28   0   6  48]]

Reading  corpus/output832.json
SVM RBF
Classification_report:
             precision    recall  f1-score   support

          B       0.65      0.75      0.69       256
          C       0.33      0.28      0.30        40
          G       0.43      0.39      0.41        72
          M       0.30      0.24      0.27       104
          O       1.00      0.14      0.25         7
          P       0.61      0.57      0.59       133
          R       0.49      0.51      0.50       219

avg / total       0.52      0.53      0.52       831

[[191   2  25  11   0   9  18]
 [  2  11   1   1   0   5  20]
 [ 36   2  28   1   0   3   2]
 [ 17   1   1  25   0   8  52]
 [  0   1   0   0   1   2   3]
 [ 20   4   4   8   0  76  21]
 [ 30  12   6  38   0  22 111]]

SVM linear
Classification_report:
             precision    recall  f1-score   support

          B       0.58      0.64      0.61       256
          C       0.20      0.30      0.24        40
          G       0.30      0.35      0.32        72
          M       0.31      0.35      0.33       104
          O       1.00      0.14      0.25         7
          P       0.56      0.54      0.55       133
          R       0.51      0.38      0.43       219

avg / total       0.49      0.47      0.47       831

[[163   6  39  15   0  15  18]
 [  2  12   2   1   0   7  16]
 [ 35   6  25   2   0   0   4]
 [ 24   4   3  36   0   8  29]
 [  0   1   0   0   1   3   2]
 [ 28   8   3  11   0  72  11]
 [ 29  22  10  51   0  24  83]]

