Reading  corpus/output366.json
SVM RBF
Classification_report:
             precision    recall  f1-score   support

          B       0.53      0.57      0.55        77
          C       0.80      0.20      0.32        20
          G       0.46      0.31      0.37        36
          M       0.33      0.24      0.28        45
          O       0.00      0.00      0.00         6
          P       0.61      0.60      0.60        65
          R       0.49      0.66      0.56       117

avg / total       0.51      0.51      0.49       366

[[44  0  7  1  0  4 21]
 [ 0  4  0  1  0  2 13]
 [17  0 11  0  0  1  7]
 [ 3  0  1 11  0  7 23]
 [ 0  0  0  2  0  1  3]
 [ 9  0  3  1  0 39 13]
 [10  1  2 17  0 10 77]]

SVM linear
Classification_report:
             precision    recall  f1-score   support

          B       0.54      0.57      0.56        77
          C       0.26      0.25      0.26        20
          G       0.42      0.39      0.41        36
          M       0.31      0.33      0.32        45
          O       0.00      0.00      0.00         6
          P       0.62      0.58      0.60        65
          R       0.50      0.53      0.52       117

avg / total       0.48      0.49      0.48       366

[[44  3 11  2  0  5 12]
 [ 2  5  0  1  0  1 11]
 [14  0 14  2  0  1  5]
 [ 3  0  1 15  0  5 21]
 [ 0  0  0  2  0  2  2]
 [ 8  2  4  3  0 38 10]
 [10  9  3 24  0  9 62]]

Reading  corpus/output466.json
SVM RBF
Classification_report:
             precision    recall  f1-score   support

          B       0.81      0.88      0.84       179
          C       0.40      0.20      0.27        20
          G       0.60      0.50      0.55        36
          M       0.43      0.37      0.40        59
          O       0.00      0.00      0.00         1
          P       0.72      0.65      0.68        68
          R       0.53      0.62      0.57       102

avg / total       0.65      0.66      0.65       465

[[157   0  11   1   0   4   6]
 [  0   4   0   0   0   0  16]
 [ 17   0  18   0   0   1   0]
 [  4   1   0  22   0   3  29]
 [  0   0   0   0   0   1   0]
 [ 11   1   1   5   0  44   6]
 [  4   4   0  23   0   8  63]]

SVM linear
Classification_report:
             precision    recall  f1-score   support

          B       0.76      0.80      0.78       179
          C       0.36      0.25      0.29        20
          G       0.47      0.42      0.44        36
          M       0.41      0.37      0.39        59
          O       0.00      0.00      0.00         1
          P       0.61      0.59      0.60        68
          R       0.50      0.53      0.51       102

avg / total       0.59      0.60      0.60       465

[[144   1  16   2   0  11   5]
 [  0   5   0   2   0   1  12]
 [ 21   0  15   0   0   0   0]
 [  5   1   0  22   0   4  27]
 [  0   0   0   0   0   1   0]
 [ 13   2   0   2   0  40  11]
 [  7   5   1  26   0   9  54]]

Reading  corpus/output832.json
SVM RBF
Classification_report:
             precision    recall  f1-score   support

          B       0.67      0.77      0.72       256
          C       0.59      0.33      0.42        40
          G       0.50      0.38      0.43        72
          M       0.38      0.30      0.33       104
          O       0.00      0.00      0.00         7
          P       0.70      0.61      0.65       133
          R       0.50      0.59      0.54       219

avg / total       0.57      0.58      0.57       831

[[198   0  22   8   0   3  25]
 [  4  13   0   2   0   2  19]
 [ 37   1  27   0   0   2   5]
 [ 12   1   2  31   0   6  52]
 [  0   0   0   1   0   2   4]
 [ 15   2   1   8   0  81  26]
 [ 31   5   2  32   0  19 130]]

SVM linear
Classification_report:
             precision    recall  f1-score   support

          B       0.59      0.65      0.62       256
          C       0.35      0.42      0.39        40
          G       0.37      0.35      0.36        72
          M       0.35      0.38      0.36       104
          O       0.00      0.00      0.00         7
          P       0.63      0.59      0.61       133
          R       0.52      0.45      0.48       219

avg / total       0.51      0.51      0.51       831

[[167   3  36  13   0  13  24]
 [  3  17   0   1   0   4  15]
 [ 40   2  25   3   0   0   2]
 [ 16   3   3  39   0   9  34]
 [  0   1   0   0   0   4   2]
 [ 22   6   1   9   0  79  16]
 [ 37  16   2  48   0  17  99]]
