Reading  corpus/output366.json
SVM RBF
Classification_report:
             precision    recall  f1-score   support

          B       0.59      0.64      0.61        77
          C       0.40      0.10      0.16        20
          G       0.40      0.22      0.29        36
          M       0.35      0.24      0.29        45
          O       0.00      0.00      0.00         6
          P       0.64      0.63      0.64        65
          R       0.49      0.68      0.57       117

avg / total       0.50      0.52      0.50       366

[[49  0  6  2  0  6 14]
 [ 1  2  0  0  0  2 15]
 [18  0  8  0  0  2  8]
 [ 1  0  1 11  0  5 27]
 [ 0  0  0  1  0  1  4]
 [ 5  0  3  1  0 41 15]
 [ 9  3  2 16  0  7 80]]

SVM linear
Classification_report:
             precision    recall  f1-score   support

          B       0.52      0.60      0.56        77
          C       0.23      0.25      0.24        20
          G       0.39      0.36      0.38        36
          M       0.28      0.29      0.28        45
          O       0.00      0.00      0.00         6
          P       0.61      0.58      0.60        65
          R       0.48      0.47      0.48       117

avg / total       0.46      0.46      0.46       366

[[46  1 10  5  0  4 11]
 [ 2  5  0  0  0  1 12]
 [14  1 13  0  0  3  5]
 [ 3  1  2 13  0  6 20]
 [ 0  1  0  2  0  1  2]
 [ 9  2  4  3  0 38  9]
 [14 11  4 24  0  9 55]]

Reading  corpus/output466.json
SVM RBF
Classification_report:
             precision    recall  f1-score   support

          B       0.79      0.88      0.83       179
          C       0.50      0.25      0.33        20
          G       0.57      0.36      0.44        36
          M       0.41      0.31      0.35        59
          O       0.00      0.00      0.00         1
          P       0.74      0.63      0.68        68
          R       0.49      0.63      0.55       102

avg / total       0.64      0.65      0.63       465

[[158   0   9   0   0   4   8]
 [  0   5   0   0   0   0  15]
 [ 21   0  13   0   0   2   0]
 [  4   0   0  18   0   2  35]
 [  0   0   0   0   0   1   0]
 [ 11   1   1   4   0  43   8]
 [  6   4   0  22   0   6  64]]

SVM linear
Classification_report:
             precision    recall  f1-score   support

          B       0.73      0.82      0.77       179
          C       0.44      0.35      0.39        20
          G       0.48      0.42      0.45        36
          M       0.44      0.44      0.44        59
          O       0.00      0.00      0.00         1
          P       0.70      0.57      0.63        68
          R       0.55      0.56      0.56       102

avg / total       0.62      0.62      0.62       465

[[146   1  15   2   0  11   4]
 [  0   7   0   0   0   0  13]
 [ 21   0  15   0   0   0   0]
 [  6   2   0  26   0   1  24]
 [  0   0   0   0   0   1   0]
 [ 16   2   1   5   0  39   5]
 [ 11   4   0  26   0   4  57]]

Reading  corpus/output832.json
SVM RBF
Classification_report:
             precision    recall  f1-score   support

          B       0.70      0.79      0.74       256
          C       0.65      0.28      0.39        40
          G       0.56      0.38      0.45        72
          M       0.37      0.25      0.30       104
          O       0.00      0.00      0.00         7
          P       0.64      0.62      0.63       133
          R       0.49      0.63      0.55       219

avg / total       0.58      0.59      0.57       831

[[202   0  14   7   0   5  28]
 [  2  11   0   1   0   4  22]
 [ 31   0  27   1   0   5   8]
 [ 12   0   1  26   0   8  57]
 [  0   0   0   1   0   3   3]
 [ 17   2   3   4   0  83  24]
 [ 23   4   3  30   0  21 138]]

SVM linear
Classification_report:
             precision    recall  f1-score   support

          B       0.62      0.65      0.63       256
          C       0.33      0.38      0.35        40
          G       0.42      0.42      0.42        72
          M       0.30      0.36      0.33       104
          O       0.00      0.00      0.00         7
          P       0.66      0.60      0.63       133
          R       0.51      0.46      0.48       219

avg / total       0.52      0.52      0.52       831

[[167   4  40  18   0   5  22]
 [  2  15   0   3   0   4  16]
 [ 34   2  30   1   0   0   5]
 [ 17   1   1  37   0   8  40]
 [  0   0   0   1   0   5   1]
 [ 17   8   0  14   0  80  14]
 [ 33  16   1  49   0  20 100]]
