Reading  corpus/output366.json
SVM RBF
Classification_report:
             precision    recall  f1-score   support

          B       0.51      0.56      0.53        77
          C       0.44      0.20      0.28        20
          G       0.48      0.28      0.35        36
          M       0.23      0.16      0.19        45
          O       1.00      0.17      0.29         6
          P       0.65      0.68      0.66        65
          R       0.46      0.60      0.52       117

avg / total       0.48      0.49      0.47       366

[[43  0  6  3  0  3 22]
 [ 2  4  0  1  0  1 12]
 [17  0 10  0  0  0  9]
 [ 5  0  2  7  0  6 25]
 [ 0  0  0  0  1  3  2]
 [ 5  0  2  2  0 44 12]
 [13  5  1 17  0 11 70]]

SVM linear
Classification_report:
             precision    recall  f1-score   support

          B       0.52      0.58      0.55        77
          C       0.38      0.25      0.30        20
          G       0.54      0.42      0.47        36
          M       0.29      0.22      0.25        45
          O       1.00      0.17      0.29         6
          P       0.62      0.63      0.63        65
          R       0.50      0.58      0.54       117

avg / total       0.50      0.51      0.50       366

[[45  2  7  3  0  5 15]
 [ 1  5  0  1  0  1 12]
 [13  0 15  0  0  0  8]
 [ 5  0  4 10  0  6 20]
 [ 0  0  0  0  1  3  2]
 [ 9  0  2  2  0 41 11]
 [14  6  0 19  0 10 68]]

Reading  corpus/output466.json
SVM RBF
Classification_report:
             precision    recall  f1-score   support

          B       0.79      0.85      0.82       179
          C       0.30      0.15      0.20        20
          G       0.52      0.39      0.44        36
          M       0.45      0.42      0.43        59
          O       0.00      0.00      0.00         1
          P       0.67      0.60      0.64        68
          R       0.52      0.60      0.55       102

avg / total       0.63      0.64      0.63       465

[[153   0  13   5   0   4   4]
 [  0   3   0   1   0   0  16]
 [ 20   0  14   0   0   2   0]
 [  4   1   0  25   0   3  26]
 [  0   0   0   0   0   1   0]
 [ 11   2   0   3   0  41  11]
 [  5   4   0  22   0  10  61]]

SVM linear
Classification_report:
             precision    recall  f1-score   support

          B       0.79      0.84      0.81       179
          C       0.33      0.25      0.29        20
          G       0.50      0.42      0.45        36
          M       0.47      0.44      0.46        59
          O       0.00      0.00      0.00         1
          P       0.67      0.63      0.65        68
          R       0.56      0.61      0.58       102

avg / total       0.64      0.65      0.64       465

[[150   1  14   5   0   6   3]
 [  0   5   0   1   0   1  13]
 [ 20   0  15   1   0   0   0]
 [  4   2   0  26   0   3  24]
 [  0   0   0   0   0   1   0]
 [ 12   2   0   2   0  43   9]
 [  4   5   1  20   0  10  62]]

Reading  corpus/output832.json
SVM RBF
Classification_report:
             precision    recall  f1-score   support

          B       0.65      0.72      0.68       256
          C       0.59      0.33      0.42        40
          G       0.47      0.36      0.41        72
          M       0.35      0.33      0.34       104
          O       0.00      0.00      0.00         7
          P       0.68      0.65      0.67       133
          R       0.52      0.58      0.55       219

avg / total       0.56      0.57      0.56       831

[[185   0  21  14   0   8  28]
 [  3  13   0   1   0   2  21]
 [ 37   0  26   1   0   2   6]
 [ 19   1   3  34   0   7  40]
 [  0   0   0   1   0   3   3]
 [ 15   2   2   8   0  87  19]
 [ 26   6   3  38   0  19 127]]

SVM linear
Classification_report:
             precision    recall  f1-score   support

          B       0.62      0.70      0.66       256
          C       0.37      0.33      0.35        40
          G       0.51      0.42      0.46        72
          M       0.39      0.38      0.38       104
          O       0.00      0.00      0.00         7
          P       0.63      0.62      0.63       133
          R       0.51      0.51      0.51       219

avg / total       0.54      0.55      0.54       831

[[180   3  20  16   0  11  26]
 [  4  13   0   0   0   4  19]
 [ 33   0  30   0   0   1   8]
 [ 18   3   3  39   0   6  35]
 [  0   1   0   0   0   4   2]
 [ 20   2   2   9   0  83  17]
 [ 33  13   4  36   0  22 111]]
