Reading  corpus/output366.json
SVM RBF
Classification_report:
             precision    recall  f1-score   support

          B       0.52      0.58      0.55        77
          C       0.50      0.15      0.23        20
          G       0.40      0.17      0.24        36
          M       0.36      0.18      0.24        45
          O       1.00      0.17      0.29         6
          P       0.65      0.62      0.63        65
          R       0.48      0.72      0.58       117

avg / total       0.51      0.51      0.48       366

[[45  0  5  0  0  5 22]
 [ 1  3  0  0  0  2 14]
 [19  0  6  0  0  2  9]
 [ 2  0  1  8  0  5 29]
 [ 0  0  0  1  1  2  2]
 [ 9  0  2  0  0 40 14]
 [10  3  1 13  0  6 84]]

SVM linear
Classification_report:
             precision    recall  f1-score   support

          B       0.49      0.56      0.52        77
          C       0.17      0.15      0.16        20
          G       0.38      0.31      0.34        36
          M       0.32      0.36      0.34        45
          O       0.00      0.00      0.00         6
          P       0.62      0.60      0.61        65
          R       0.49      0.50      0.49       117

avg / total       0.46      0.46      0.46       366

[[43  2 12  4  0  5 11]
 [ 2  3  0  2  0  4  9]
 [14  0 11  1  0  3  7]
 [ 6  0  1 16  0  4 18]
 [ 0  0  0  2  0  1  3]
 [ 9  2  2  1  0 39 12]
 [14 11  3 24  0  7 58]]

Reading  corpus/output466.json
SVM RBF
Classification_report:
             precision    recall  f1-score   support

          B       0.80      0.89      0.84       179
          C       0.31      0.20      0.24        20
          G       0.64      0.44      0.52        36
          M       0.31      0.24      0.27        59
          O       0.00      0.00      0.00         1
          P       0.75      0.63      0.69        68
          R       0.46      0.58      0.52       102

avg / total       0.62      0.63      0.62       465

[[159   1   8   1   0   4   6]
 [  0   4   0   1   0   0  15]
 [ 19   0  16   0   0   1   0]
 [  4   0   0  14   0   2  39]
 [  0   0   0   0   0   1   0]
 [ 11   2   1   3   0  43   8]
 [  5   6   0  26   0   6  59]]

SVM linear
Classification_report:
             precision    recall  f1-score   support

          B       0.76      0.84      0.80       179
          C       0.46      0.30      0.36        20
          G       0.52      0.42      0.46        36
          M       0.38      0.41      0.39        59
          O       0.00      0.00      0.00         1
          P       0.71      0.65      0.68        68
          R       0.50      0.49      0.50       102

avg / total       0.61      0.62      0.62       465

[[150   1  12   2   0   9   5]
 [  0   6   0   1   0   1  12]
 [ 20   0  15   0   0   1   0]
 [  6   1   0  24   0   2  26]
 [  0   0   0   0   0   1   0]
 [ 10   1   2   4   0  44   7]
 [ 11   4   0  33   0   4  50]]

Reading  corpus/output832.json
SVM RBF
Classification_report:
             precision    recall  f1-score   support

          B       0.67      0.76      0.71       256
          C       0.53      0.20      0.29        40
          G       0.54      0.31      0.39        72
          M       0.30      0.16      0.21       104
          O       0.00      0.00      0.00         7
          P       0.65      0.62      0.64       133
          R       0.47      0.64      0.54       219

avg / total       0.54      0.56      0.54       831

[[195   0  13   8   0  10  30]
 [  3   8   0   0   0   3  26]
 [ 36   0  22   0   0   3  11]
 [ 11   0   1  17   0   8  67]
 [  0   0   0   1   0   4   2]
 [ 17   2   2   5   0  83  24]
 [ 28   5   3  25   0  17 141]]

SVM linear
Classification_report:
             precision    recall  f1-score   support

          B       0.60      0.65      0.62       256
          C       0.31      0.38      0.34        40
          G       0.38      0.42      0.39        72
          M       0.32      0.36      0.34       104
          O       0.00      0.00      0.00         7
          P       0.68      0.59      0.63       133
          R       0.51      0.44      0.47       219

avg / total       0.51      0.51      0.51       831

[[167   4  39  15   0   9  22]
 [  2  15   1   3   0   3  16]
 [ 35   2  30   1   0   1   3]
 [ 19   2   3  37   0   6  37]
 [  2   0   0   0   0   3   2]
 [ 19   5   2  14   0  79  14]
 [ 36  21   5  44   0  16  97]]
