Reading  corpus/output366.json
SVM RBF
Classification_report:
             precision    recall  f1-score   support

          B       0.56      0.64      0.59        77
          C       0.22      0.10      0.14        20
          G       0.42      0.28      0.33        36
          M       0.32      0.24      0.28        45
          O       1.00      0.17      0.29         6
          P       0.60      0.57      0.58        65
          R       0.49      0.62      0.54       117

avg / total       0.49      0.50      0.48       366

[[49  1  9  1  0  5 12]
 [ 3  2  0  0  0  1 14]
 [15  0 10  0  0  3  8]
 [ 4  0  2 11  0  5 23]
 [ 0  1  0  1  1  1  2]
 [ 6  0  2  3  0 37 17]
 [11  5  1 18  0 10 72]]

SVM linear
Classification_report:
             precision    recall  f1-score   support

          B       0.52      0.57      0.54        77
          C       0.19      0.25      0.21        20
          G       0.41      0.39      0.40        36
          M       0.29      0.31      0.30        45
          O       1.00      0.17      0.29         6
          P       0.63      0.58      0.61        65
          R       0.52      0.49      0.50       117

avg / total       0.49      0.47      0.48       366

[[44  4 12  3  0  4 10]
 [ 3  5  0  2  0  2  8]
 [13  1 14  0  0  1  7]
 [ 6  1  1 14  0  4 19]
 [ 0  0  0  1  1  1  3]
 [ 7  1  5  8  0 38  6]
 [12 15  2 21  0 10 57]]

Reading  corpus/output466.json
SVM RBF
Classification_report:
             precision    recall  f1-score   support

          B       0.77      0.84      0.81       179
          C       0.44      0.40      0.42        20
          G       0.50      0.36      0.42        36
          M       0.34      0.32      0.33        59
          O       0.00      0.00      0.00         1
          P       0.68      0.59      0.63        68
          R       0.50      0.55      0.53       102

avg / total       0.61      0.62      0.61       465

[[151   1  12   3   0   6   6]
 [  0   8   0   1   0   0  11]
 [ 21   0  13   0   0   2   0]
 [  4   0   0  19   0   2  34]
 [  0   0   0   0   0   1   0]
 [ 13   2   1   8   0  40   4]
 [  6   7   0  25   0   8  56]]

SVM linear
Classification_report:
             precision    recall  f1-score   support

          B       0.72      0.77      0.75       179
          C       0.53      0.45      0.49        20
          G       0.33      0.33      0.33        36
          M       0.35      0.42      0.38        59
          O       0.00      0.00      0.00         1
          P       0.63      0.57      0.60        68
          R       0.50      0.43      0.46       102

avg / total       0.57      0.57      0.57       465

[[138   2  21   1   0   7  10]
 [  0   9   0   1   0   1   9]
 [ 22   0  12   1   0   1   0]
 [  6   2   0  25   0   5  21]
 [  0   0   0   0   0   1   0]
 [ 14   1   3   7   0  39   4]
 [ 11   3   0  36   0   8  44]]

Reading  corpus/output832.json
SVM RBF
Classification_report:
             precision    recall  f1-score   support

          B       0.67      0.76      0.71       256
          C       0.63      0.30      0.41        40
          G       0.48      0.39      0.43        72
          M       0.29      0.20      0.24       104
          O       0.00      0.00      0.00         7
          P       0.64      0.62      0.63       133
          R       0.48      0.58      0.52       219

avg / total       0.54      0.56      0.54       831

[[195   0  20  10   0  10  21]
 [  1  12   1   1   0   2  23]
 [ 33   0  28   0   0   3   8]
 [ 15   0   2  21   0  10  56]
 [  0   0   0   0   0   4   3]
 [ 16   2   3   5   0  82  25]
 [ 31   5   4  36   0  17 126]]

SVM linear
Classification_report:
             precision    recall  f1-score   support

          B       0.65      0.67      0.66       256
          C       0.22      0.33      0.26        40
          G       0.42      0.46      0.44        72
          M       0.30      0.37      0.33       104
          O       0.00      0.00      0.00         7
          P       0.63      0.55      0.59       133
          R       0.51      0.44      0.47       219

avg / total       0.52      0.51      0.51       831

[[172   5  31  17   0  11  20]
 [  2  13   2   0   0   2  21]
 [ 29   5  33   1   0   0   4]
 [ 14   4   3  38   0   8  37]
 [  0   1   0   0   0   5   1]
 [ 23  10   3  13   0  73  11]
 [ 23  21   6  56   0  17  96]]

