Reading  corpus/output366.json
SVM RBF
Classification_report:
             precision    recall  f1-score   support

          B       0.55      0.58      0.57        77
          C       0.60      0.15      0.24        20
          G       0.38      0.25      0.30        36
          M       0.23      0.16      0.19        45
          O       1.00      0.17      0.29         6
          P       0.63      0.65      0.64        65
          R       0.52      0.69      0.59       117

avg / total       0.51      0.51      0.49       366

[[45  0 10  5  0  4 13]
 [ 2  3  0  0  0  2 13]
 [17  0  9  0  0  3  7]
 [ 4  0  1  7  0  6 27]
 [ 0  0  0  1  1  1  3]
 [ 6  0  1  3  0 42 13]
 [ 8  2  3 14  0  9 81]]

SVM linear
Classification_report:
             precision    recall  f1-score   support

          B       0.51      0.58      0.54        77
          C       0.40      0.30      0.34        20
          G       0.41      0.31      0.35        36
          M       0.26      0.27      0.26        45
          O       1.00      0.17      0.29         6
          P       0.62      0.55      0.59        65
          R       0.48      0.54      0.51       117

avg / total       0.48      0.48      0.47       366

[[45  3  9  5  0  4 11]
 [ 2  6  0  1  0  2  9]
 [17  0 11  0  0  0  8]
 [ 2  0  3 12  0  5 23]
 [ 0  0  0  1  1  1  3]
 [11  0  1  4  0 36 13]
 [12  6  3 23  0 10 63]]

Reading  corpus/output466.json
SVM RBF
Classification_report:
             precision    recall  f1-score   support

          B       0.78      0.87      0.82       179
          C       0.36      0.25      0.29        20
          G       0.52      0.33      0.41        36
          M       0.31      0.29      0.30        59
          O       0.00      0.00      0.00         1
          P       0.76      0.65      0.70        68
          R       0.47      0.54      0.50       102

avg / total       0.61      0.62      0.61       465

[[155   1  10   2   0   5   6]
 [  0   5   0   1   0   0  14]
 [ 22   0  12   0   0   2   0]
 [  5   0   0  17   0   2  35]
 [  0   0   0   0   0   1   0]
 [  9   2   1   5   0  44   7]
 [  7   6   0  30   0   4  55]]

SVM linear
Classification_report:
             precision    recall  f1-score   support

          B       0.76      0.82      0.79       179
          C       0.47      0.35      0.40        20
          G       0.33      0.28      0.30        36
          M       0.42      0.47      0.45        59
          O       0.00      0.00      0.00         1
          P       0.68      0.66      0.67        68
          R       0.54      0.51      0.53       102

avg / total       0.61      0.62      0.61       465

[[146   1  17   2   0   9   4]
 [  0   7   0   0   0   1  12]
 [ 24   0  10   1   0   1   0]
 [  4   2   1  28   0   2  22]
 [  0   0   0   0   0   1   0]
 [ 10   1   2   4   0  45   6]
 [  8   4   0  31   0   7  52]]

Reading  corpus/output832.json
SVM RBF
Classification_report:
             precision    recall  f1-score   support

          B       0.66      0.80      0.72       256
          C       0.64      0.23      0.33        40
          G       0.44      0.29      0.35        72
          M       0.31      0.18      0.23       104
          O       0.00      0.00      0.00         7
          P       0.65      0.60      0.62       133
          R       0.49      0.60      0.54       219

avg / total       0.54      0.56      0.54       831

[[205   0  19   6   0   7  19]
 [  4   9   0   1   0   3  23]
 [ 39   0  21   0   0   2  10]
 [ 15   0   2  19   0   8  60]
 [  0   0   0   0   0   4   3]
 [ 21   1   3   3   0  80  25]
 [ 28   4   3  33   0  19 132]]

SVM linear
Classification_report:
             precision    recall  f1-score   support

          B       0.65      0.70      0.67       256
          C       0.27      0.35      0.31        40
          G       0.46      0.42      0.44        72
          M       0.34      0.38      0.36       104
          O       0.00      0.00      0.00         7
          P       0.67      0.62      0.64       133
          R       0.51      0.47      0.49       219

avg / total       0.54      0.54      0.54       831

[[179   6  26  18   0   6  21]
 [  4  14   1   0   0   1  20]
 [ 34   2  30   1   0   0   5]
 [ 13   1   2  40   0  10  38]
 [  0   0   0   0   0   6   1]
 [ 21   5   3  10   0  82  12]
 [ 26  23   3  47   0  18 102]]

