Reading  corpus/output366.json
SVM RBF
Classification_report:
             precision    recall  f1-score   support

          B       0.53      0.55      0.54        77
          C       0.36      0.25      0.29        20
          G       0.45      0.42      0.43        36
          M       0.28      0.29      0.29        45
          O       1.00      0.17      0.29         6
          P       0.61      0.62      0.61        65
          R       0.52      0.56      0.53       117

avg / total       0.50      0.49      0.49       366

[[42  0 10  5  0  6 14]
 [ 0  5  0  0  0  4 11]
 [13  0 15  0  0  0  8]
 [ 6  1  0 13  0  4 21]
 [ 0  0  0  0  1  4  1]
 [ 8  1  4  6  0 40  6]
 [11  7  4 22  0  8 65]]

SVM linear
Classification_report:
             precision    recall  f1-score   support

          B       0.52      0.56      0.54        77
          C       0.27      0.35      0.30        20
          G       0.47      0.39      0.42        36
          M       0.27      0.31      0.29        45
          O       1.00      0.17      0.29         6
          P       0.62      0.62      0.62        65
          R       0.53      0.50      0.51       117

avg / total       0.50      0.48      0.48       366

[[43  1  9  7  0  6 11]
 [ 1  7  0  1  0  3  8]
 [13  1 14  1  0  1  6]
 [ 6  1  1 14  0  3 20]
 [ 0  0  0  0  1  4  1]
 [ 8  2  3  6  0 40  6]
 [12 14  3 22  0  8 58]]

Reading  corpus/output466.json
SVM RBF
Classification_report:
             precision    recall  f1-score   support

          B       0.71      0.77      0.74       179
          C       0.32      0.30      0.31        20
          G       0.31      0.25      0.28        36
          M       0.37      0.32      0.34        59
          O       0.00      0.00      0.00         1
          P       0.56      0.56      0.56        68
          R       0.50      0.51      0.50       102

avg / total       0.55      0.56      0.55       465

[[137   1  19   3   0  13   6]
 [  0   6   0   3   0   1  10]
 [ 26   0   9   0   0   1   0]
 [  8   1   0  19   0   4  27]
 [  0   0   0   0   0   1   0]
 [ 14   2   1   4   0  38   9]
 [  8   9   0  23   0  10  52]]

SVM linear
Classification_report:
             precision    recall  f1-score   support

          B       0.72      0.75      0.74       179
          C       0.37      0.35      0.36        20
          G       0.37      0.31      0.33        36
          M       0.39      0.41      0.40        59
          O       0.00      0.00      0.00         1
          P       0.62      0.59      0.60        68
          R       0.50      0.51      0.50       102

avg / total       0.57      0.58      0.57       465

[[134   0  18   4   0  14   9]
 [  0   7   0   3   0   1   9]
 [ 25   0  11   0   0   0   0]
 [  5   1   0  24   0   4  25]
 [  0   0   0   0   0   1   0]
 [ 12   2   1   3   0  40  10]
 [  9   9   0  27   0   5  52]]

Reading  corpus/output832.json
SVM RBF
Classification_report:
             precision    recall  f1-score   support

          B       0.59      0.66      0.62       256
          C       0.31      0.25      0.28        40
          G       0.40      0.36      0.38        72
          M       0.35      0.34      0.34       104
          O       0.00      0.00      0.00         7
          P       0.59      0.59      0.59       133
          R       0.48      0.47      0.47       219

avg / total       0.50      0.51      0.50       831

[[170   4  33  13   0  12  24]
 [  5  10   0   2   0   8  15]
 [ 36   0  26   4   0   1   5]
 [ 16   2   1  35   0   9  41]
 [  0   0   0   0   0   4   3]
 [ 25   3   2   4   0  78  21]
 [ 38  13   3  41   1  21 102]]

SVM linear
Classification_report:
             precision    recall  f1-score   support

          B       0.56      0.62      0.59       256
          C       0.28      0.33      0.30        40
          G       0.40      0.39      0.39        72
          M       0.39      0.37      0.38       104
          O       0.25      0.14      0.18         7
          P       0.59      0.56      0.57       133
          R       0.54      0.48      0.51       219

avg / total       0.51      0.51      0.50       831

[[160   5  36  16   0  16  23]
 [  8  13   0   2   1   5  11]
 [ 36   1  28   3   0   1   3]
 [ 18   4   1  38   0   6  37]
 [  0   1   0   0   1   4   1]
 [ 28   5   3   4   1  75  17]
 [ 37  17   2  35   1  21 106]]

