Reading  corpus/output366.json
SVM RBF
Classification_report:
             precision    recall  f1-score   support

          B       0.57      0.61      0.59        77
          C       0.31      0.20      0.24        20
          G       0.44      0.33      0.38        36
          M       0.31      0.22      0.26        45
          O       1.00      0.17      0.29         6
          P       0.56      0.58      0.57        65
          R       0.49      0.60      0.54       117

avg / total       0.49      0.50      0.49       366

[[47  0  8  1  0  8 13]
 [ 2  4  1  0  0  3 10]
 [15  0 12  0  0  2  7]
 [ 2  1  1 10  0  7 24]
 [ 0  0  0  0  1  1  4]
 [ 7  0  2  4  0 38 14]
 [10  8  3 17  0  9 70]]

SVM linear
Classification_report:
             precision    recall  f1-score   support

          B       0.51      0.53      0.52        77
          C       0.19      0.20      0.20        20
          G       0.44      0.42      0.43        36
          M       0.23      0.24      0.24        45
          O       1.00      0.17      0.29         6
          P       0.56      0.57      0.56        65
          R       0.47      0.46      0.47       117

avg / total       0.45      0.45      0.44       366

[[41  3 11  2  0  8 12]
 [ 2  4  1  1  0  3  9]
 [12  1 15  1  0  2  5]
 [ 3  0  2 11  0  7 22]
 [ 0  0  0  0  1  1  4]
 [10  1  2  6  0 37  9]
 [13 12  3 27  0  8 54]]

Reading  corpus/output466.json
SVM RBF
Classification_report:
             precision    recall  f1-score   support

          B       0.77      0.84      0.80       179
          C       0.44      0.40      0.42        20
          G       0.41      0.33      0.37        36
          M       0.38      0.34      0.36        59
          O       0.00      0.00      0.00         1
          P       0.68      0.59      0.63        68
          R       0.47      0.52      0.50       102

avg / total       0.60      0.61      0.60       465

[[150   1  17   0   0   5   6]
 [  0   8   0   0   0   1  11]
 [ 22   0  12   0   0   2   0]
 [  3   1   0  20   0   2  33]
 [  0   0   0   0   0   1   0]
 [ 12   1   0   6   0  40   9]
 [  7   7   0  27   0   8  53]]

SVM linear
Classification_report:
             precision    recall  f1-score   support

          B       0.75      0.76      0.76       179
          C       0.50      0.40      0.44        20
          G       0.39      0.36      0.38        36
          M       0.37      0.39      0.38        59
          O       0.00      0.00      0.00         1
          P       0.55      0.60      0.58        68
          R       0.45      0.44      0.45       102

avg / total       0.57      0.57      0.57       465

[[136   1  20   1   0  15   6]
 [  0   8   0   0   0   2  10]
 [ 20   0  13   1   0   2   0]
 [  4   0   0  23   0   3  29]
 [  0   0   0   0   0   1   0]
 [ 12   2   0   4   0  41   9]
 [  9   5   0  33   0  10  45]]

Reading  corpus/output832.json
SVM RBF
Classification_report:
             precision    recall  f1-score   support

          B       0.65      0.75      0.70       256
          C       0.45      0.25      0.32        40
          G       0.43      0.36      0.39        72
          M       0.28      0.22      0.25       104
          O       0.00      0.00      0.00         7
          P       0.63      0.59      0.61       133
          R       0.48      0.55      0.51       219

avg / total       0.52      0.54      0.53       831

[[192   1  26  10   0  11  16]
 [  4  10   0   1   0   4  21]
 [ 35   1  26   0   0   2   8]
 [ 15   0   2  23   0   9  55]
 [  0   0   0   0   0   3   4]
 [ 21   2   2   6   0  78  24]
 [ 28   8   4  43   0  16 120]]

SVM linear
Classification_report:
             precision    recall  f1-score   support

          B       0.60      0.64      0.62       256
          C       0.28      0.35      0.31        40
          G       0.34      0.33      0.34        72
          M       0.31      0.38      0.34       104
          O       1.00      0.14      0.25         7
          P       0.57      0.55      0.56       133
          R       0.49      0.42      0.45       219

avg / total       0.50      0.49      0.49       831

[[165   5  33  17   0  15  21]
 [  4  14   0   1   0   6  15]
 [ 39   4  24   2   0   0   3]
 [ 17   1   3  39   0   9  35]
 [  0   1   0   0   1   5   0]
 [ 23   6   2   9   0  73  20]
 [ 25  19   8  57   0  19  91]]

