Reading  corpus/output366.json
SVM RBF
Classification_report:
             precision    recall  f1-score   support

          B       0.51      0.56      0.53        77
          C       0.33      0.30      0.32        20
          G       0.45      0.39      0.42        36
          M       0.31      0.36      0.33        45
          O       1.00      0.17      0.29         6
          P       0.62      0.60      0.61        65
          R       0.54      0.54      0.54       117

avg / total       0.51      0.50      0.50       366

[[43  1  9  6  0  6 12]
 [ 0  6  0  0  0  3 11]
 [15  0 14  1  0  0  6]
 [ 7  1  0 16  0  4 17]
 [ 0  0  0  0  1  4  1]
 [ 9  1  4  5  0 39  7]
 [11  9  4 23  0  7 63]]

SVM linear
Classification_report:
             precision    recall  f1-score   support

          B       0.49      0.53      0.51        77
          C       0.24      0.35      0.29        20
          G       0.48      0.39      0.43        36
          M       0.26      0.31      0.29        45
          O       1.00      0.17      0.29         6
          P       0.61      0.58      0.60        65
          R       0.51      0.47      0.49       117

avg / total       0.48      0.46      0.47       366

[[41  2  9  7  0  7 11]
 [ 2  7  0  1  0  2  8]
 [14  2 14  1  0  0  5]
 [ 8  1  0 14  0  3 19]
 [ 0  0  0  0  1  4  1]
 [ 9  2  3  4  0 38  9]
 [10 15  3 26  0  8 55]]

Reading  corpus/output466.json
SVM RBF
Classification_report:
             precision    recall  f1-score   support

          B       0.70      0.75      0.73       179
          C       0.35      0.30      0.32        20
          G       0.33      0.28      0.30        36
          M       0.39      0.37      0.38        59
          O       0.00      0.00      0.00         1
          P       0.56      0.54      0.55        68
          R       0.50      0.50      0.50       102

avg / total       0.55      0.56      0.56       465

[[135   1  20   2   0  14   7]
 [  0   6   0   2   0   1  11]
 [ 25   0  10   0   0   1   0]
 [  8   1   0  22   0   4  24]
 [  0   0   0   0   0   1   0]
 [ 16   2   0   4   0  37   9]
 [  9   7   0  27   0   8  51]]

SVM linear
Classification_report:
             precision    recall  f1-score   support

          B       0.72      0.74      0.73       179
          C       0.33      0.35      0.34        20
          G       0.35      0.31      0.33        36
          M       0.40      0.39      0.39        59
          O       0.00      0.00      0.00         1
          P       0.58      0.60      0.59        68
          R       0.50      0.49      0.49       102

avg / total       0.56      0.57      0.57       465

[[132   1  19   3   0  15   9]
 [  0   7   0   3   0   1   9]
 [ 25   0  11   0   0   0   0]
 [  5   2   0  23   0   5  24]
 [  0   0   0   0   0   1   0]
 [ 13   2   1   2   0  41   9]
 [  8   9   0  27   0   8  50]]

Reading  corpus/output832.json
SVM RBF
Classification_report:
             precision    recall  f1-score   support

          B       0.60      0.68      0.64       256
          C       0.31      0.28      0.29        40
          G       0.41      0.36      0.38        72
          M       0.37      0.36      0.36       104
          O       0.00      0.00      0.00         7
          P       0.60      0.56      0.58       133
          R       0.50      0.49      0.49       219

avg / total       0.51      0.52      0.51       831

[[175   3  30  12   0  12  24]
 [  6  11   0   1   0   9  13]
 [ 36   1  26   4   0   1   4]
 [ 17   2   1  37   0   7  40]
 [  0   0   0   0   0   4   3]
 [ 21   5   4   5   0  75  23]
 [ 35  13   3  42   1  18 107]]

SVM linear
Classification_report:
             precision    recall  f1-score   support

          B       0.57      0.63      0.60       256
          C       0.26      0.30      0.28        40
          G       0.38      0.38      0.38        72
          M       0.38      0.38      0.38       104
          O       0.00      0.00      0.00         7
          P       0.56      0.53      0.55       133
          R       0.52      0.47      0.49       219

avg / total       0.49      0.50      0.49       831

[[161   8  35  14   0  16  22]
 [  5  12   1   2   1   7  12]
 [ 34   1  27   5   0   2   3]
 [ 16   4   2  39   0   6  37]
 [  0   0   0   0   0   4   3]
 [ 26   5   4   7   1  71  19]
 [ 38  17   3  37   2  20 102]]

