Reading  corpus/output366.json
SVM RBF
Classification_report:
             precision    recall  f1-score   support

          B       0.56      0.57      0.56        77
          C       0.33      0.20      0.25        20
          G       0.45      0.39      0.42        36
          M       0.26      0.20      0.23        45
          O       1.00      0.17      0.29         6
          P       0.56      0.68      0.61        65
          R       0.50      0.56      0.53       117

avg / total       0.49      0.49      0.48       366

[[44  2 10  1  0  5 15]
 [ 1  4  1  1  0  3 10]
 [14  1 14  0  0  2  5]
 [ 3  0  2  9  0  7 24]
 [ 0  0  0  0  1  3  2]
 [ 5  0  2  6  0 44  8]
 [12  5  2 18  0 15 65]]

SVM linear
Classification_report:
             precision    recall  f1-score   support

          B       0.48      0.49      0.49        77
          C       0.17      0.20      0.19        20
          G       0.39      0.36      0.38        36
          M       0.32      0.29      0.30        45
          O       1.00      0.17      0.29         6
          P       0.53      0.60      0.56        65
          R       0.53      0.52      0.53       117

avg / total       0.47      0.46      0.46       366

[[38  5 12  1  0  7 14]
 [ 3  4  1  0  0  3  9]
 [16  1 13  1  0  2  3]
 [ 4  0  2 13  0  8 18]
 [ 0  0  0  0  1  3  2]
 [ 9  1  2  6  0 39  8]
 [ 9 12  3 20  0 12 61]]

Reading  corpus/output466.json
SVM RBF
Classification_report:
             precision    recall  f1-score   support

          B       0.79      0.84      0.82       179
          C       0.62      0.50      0.56        20
          G       0.50      0.44      0.47        36
          M       0.40      0.39      0.39        59
          O       0.00      0.00      0.00         1
          P       0.71      0.60      0.65        68
          R       0.51      0.56      0.54       102

avg / total       0.64      0.64      0.64       465

[[151   0  16   1   0   4   7]
 [  0  10   0   0   0   0  10]
 [ 19   0  16   0   0   1   0]
 [  3   0   0  23   0   3  30]
 [  0   0   0   0   0   1   0]
 [ 13   1   0   6   0  41   7]
 [  4   5   0  28   0   8  57]]

SVM linear
Classification_report:
             precision    recall  f1-score   support

          B       0.74      0.83      0.78       179
          C       0.57      0.40      0.47        20
          G       0.47      0.42      0.44        36
          M       0.39      0.41      0.40        59
          O       0.00      0.00      0.00         1
          P       0.67      0.54      0.60        68
          R       0.51      0.52      0.52       102

avg / total       0.61      0.61      0.61       465

[[148   1  16   2   0   7   5]
 [  0   8   0   1   0   1  10]
 [ 21   0  15   0   0   0   0]
 [  5   0   0  24   0   3  27]
 [  0   0   0   0   0   1   0]
 [ 16   1   0   6   0  37   8]
 [  9   4   1  29   0   6  53]]

Reading  corpus/output832.json
SVM RBF
Classification_report:
             precision    recall  f1-score   support

          B       0.62      0.68      0.65       256
          C       0.50      0.35      0.41        40
          G       0.42      0.39      0.40        72
          M       0.30      0.27      0.28       104
          O       0.00      0.00      0.00         7
          P       0.61      0.61      0.61       133
          R       0.48      0.51      0.50       219

avg / total       0.52      0.53      0.52       831

[[175   0  31   9   0  13  28]
 [  6  14   0   2   0   3  15]
 [ 38   0  28   1   0   1   4]
 [ 14   0   3  28   0   8  51]
 [  0   2   0   0   0   3   2]
 [ 18   3   2  10   0  81  19]
 [ 29   9   3  43   0  23 112]]

SVM linear
Classification_report:
             precision    recall  f1-score   support

          B       0.60      0.65      0.63       256
          C       0.25      0.28      0.26        40
          G       0.40      0.39      0.39        72
          M       0.32      0.34      0.33       104
          O       1.00      0.14      0.25         7
          P       0.61      0.60      0.61       133
          R       0.49      0.45      0.47       219

avg / total       0.51      0.51      0.50       831

[[167   3  34  15   0  14  23]
 [  7  11   0   2   0   2  18]
 [ 39   1  28   1   0   0   3]
 [ 11   3   3  35   0  12  40]
 [  0   1   0   0   1   4   1]
 [ 19   5   2  11   0  80  16]
 [ 34  20   3  45   0  19  98]]

