Reading  corpus/output366.json
SVM RBF
Classification_report:
             precision    recall  f1-score   support

          B       0.51      0.56      0.53        77
          C       0.21      0.25      0.23        20
          G       0.44      0.31      0.36        36
          M       0.33      0.24      0.28        45
          O       1.00      0.17      0.29         6
          P       0.58      0.63      0.60        65
          R       0.52      0.56      0.54       117

avg / total       0.49      0.49      0.48       366

[[43  5  6  3  0  5 15]
 [ 0  5  2  1  0  3  9]
 [18  1 11  0  0  1  5]
 [ 5  0  1 11  0  7 21]
 [ 0  0  0  0  1  2  3]
 [ 8  1  3  3  0 41  9]
 [10 12  2 15  0 12 66]]

SVM linear
Classification_report:
             precision    recall  f1-score   support

          B       0.52      0.55      0.53        77
          C       0.21      0.20      0.21        20
          G       0.46      0.36      0.41        36
          M       0.36      0.27      0.31        45
          O       1.00      0.17      0.29         6
          P       0.54      0.63      0.58        65
          R       0.52      0.57      0.55       117

avg / total       0.49      0.49      0.48       366

[[42  3  8  3  0  7 14]
 [ 0  4  2  0  0  3 11]
 [15  0 13  1  0  2  5]
 [ 5  0  1 12  0  7 20]
 [ 0  1  0  0  1  3  1]
 [10  1  3  0  0 41 10]
 [ 9 10  1 17  0 13 67]]

Reading  corpus/output466.json
SVM RBF
Classification_report:
             precision    recall  f1-score   support

          B       0.80      0.84      0.82       179
          C       0.53      0.40      0.46        20
          G       0.51      0.50      0.51        36
          M       0.49      0.44      0.46        59
          O       0.00      0.00      0.00         1
          P       0.71      0.60      0.65        68
          R       0.51      0.58      0.54       102

avg / total       0.65      0.65      0.65       465

[[151   0  17   1   0   3   7]
 [  0   8   0   0   0   0  12]
 [ 18   0  18   0   0   0   0]
 [  3   1   0  26   0   4  25]
 [  0   0   0   0   0   1   0]
 [ 12   1   0   2   0  41  12]
 [  5   5   0  24   0   9  59]]

SVM linear
Classification_report:
             precision    recall  f1-score   support

          B       0.76      0.81      0.78       179
          C       0.47      0.35      0.40        20
          G       0.41      0.42      0.41        36
          M       0.52      0.44      0.48        59
          O       0.00      0.00      0.00         1
          P       0.66      0.56      0.60        68
          R       0.57      0.64      0.60       102

avg / total       0.63      0.64      0.63       465

[[145   1  21   1   0   5   6]
 [  0   7   0   1   0   2  10]
 [ 20   0  15   0   0   1   0]
 [  2   1   0  26   0   5  25]
 [  1   0   0   0   0   0   0]
 [ 17   1   0   4   0  38   8]
 [  6   5   1  18   0   7  65]]

Reading  corpus/output832.json
SVM RBF
Classification_report:
             precision    recall  f1-score   support

          B       0.64      0.71      0.68       256
          C       0.48      0.35      0.41        40
          G       0.42      0.39      0.41        72
          M       0.33      0.30      0.31       104
          O       0.00      0.00      0.00         7
          P       0.69      0.65      0.67       133
          R       0.50      0.53      0.52       219

avg / total       0.54      0.55      0.54       831

[[182   1  29  12   0   7  25]
 [  4  14   0   1   0   4  17]
 [ 36   0  28   2   0   0   6]
 [ 12   0   4  31   0  10  47]
 [  0   1   0   0   0   4   2]
 [ 12   3   2   9   0  86  21]
 [ 37  10   3  38   0  14 117]]

SVM linear
Classification_report:
             precision    recall  f1-score   support

          B       0.64      0.68      0.66       256
          C       0.32      0.30      0.31        40
          G       0.45      0.40      0.42        72
          M       0.39      0.38      0.38       104
          O       0.00      0.00      0.00         7
          P       0.63      0.65      0.64       133
          R       0.52      0.52      0.52       219

avg / total       0.54      0.55      0.54       831

[[175   3  28  13   0  13  24]
 [  6  12   0   3   0   3  16]
 [ 35   2  29   2   0   0   4]
 [ 11   2   4  39   0   9  39]
 [  0   1   0   0   0   5   1]
 [ 17   4   2   4   0  86  20]
 [ 29  13   2  40   0  21 114]]

