SVM RBF
Classification_report:
             precision    recall  f1-score   support
          B       0.51      0.45      0.48        77
          C       0.00      0.00      0.00        20
          G       0.00      0.00      0.00        36
          M       0.00      0.00      0.00        45
          O       0.00      0.00      0.00         6
          P       0.48      0.37      0.42        65
          R       0.41      0.86      0.56       117

avg / total       0.33      0.44      0.35       366

[[ 35   0   3   0   0   6  33]
 [  2   0   0   0   0   3  15]
 [ 15   0   0   0   0   4  17]
 [  1   0   0   0   0   3  41]
 [  0   0   0   0   0   1   5]
 [  9   0   0   0   0  24  32]
 [  6   0   1   0   0   9 101]]

SVM linear
Classification_report:
             precision    recall  f1-score   support
          B       0.46      0.53      0.49        77
          C       0.17      0.20      0.18        20
          G       0.27      0.28      0.27        36
          M       0.16      0.20      0.18        45
          O       0.50      0.33      0.40         6
          P       0.60      0.52      0.56        65
          R       0.47      0.39      0.43       117

avg / total       0.42      0.40      0.40       366

[[41  3 16  7  0  5  5]
 [ 3  4  1  0  1  1 10]
 [17  0 10  1  0  3  5]
 [11  1  1  9  0  4 19]
 [ 0  0  0  0  2  1  3]
 [ 9  5  2  6  0 34  9]
 [ 9 11  7 34  1  9 46]]

KNN
Classification_report:
             precision    recall  f1-score   support
          B       0.34      0.52      0.41        77
          C       0.19      0.15      0.17        20
          G       0.23      0.25      0.24        36
          M       0.12      0.11      0.12        45
          O       0.25      0.17      0.20         6
          P       0.39      0.37      0.38        65
          R       0.45      0.34      0.39       117

avg / total       0.34      0.33      0.33       366

[[40  3  8  4  1  9 12]
 [ 8  3  4  0  0  4  1]
 [14  3  9  0  1  4  5]
 [12  3  3  5  0  3 19]
 [ 0  0  1  0  1  3  1]
 [13  2  5 10  1 24 10]
 [30  2  9 22  0 14 40]]

NB
Classification_report:
             precision    recall  f1-score   support
          B       0.49      0.49      0.49        77
          C       0.71      0.25      0.37        20
          G       0.56      0.39      0.46        36
          M       0.42      0.40      0.41        45
          O       0.00      0.00      0.00         6
          P       0.43      0.49      0.46        65
          R       0.55      0.62      0.58       117

avg / total       0.50      0.49      0.48       366

[[38  0  7  0  2 14 16]
 [ 1  5  1  0  0  1 12]
 [14  1 14  0  0  5  2]
 [ 4  0  0 18  0  7 16]
 [ 0  0  0  0  0  0  6]
 [15  0  2  7  1 32  8]
 [ 6  1  1 18  3 16 72]]

DT
Classification_report:
             precision    recall  f1-score   support
          B       0.44      0.42      0.43        77
          C       0.08      0.10      0.09        20
          G       0.24      0.19      0.22        36
          M       0.12      0.13      0.13        45
          O       0.00      0.00      0.00         6
          P       0.65      0.65      0.65        65
          R       0.40      0.43      0.41       117

avg / total       0.38      0.38      0.38       366

[[32  3  8 13  0  3 18]
 [ 3  2  1  0  0  2 12]
 [10  4  7  2  0  1 12]
 [ 9  1  2  6  0  5 22]
 [ 0  0  0  0  0  5  1]
 [ 4  2  1  5  1 42 10]
 [14 12 10 24  0  7 50]]

CRF
Classification_report:
             precision    recall  f1-score   support
          B      0.560     0.545     0.553        77
          C      0.375     0.450     0.409        20
          G      0.231     0.083     0.122        36
          M      0.214     0.067     0.102        45
          O      0.000     0.000     0.000         6
          P      0.538     0.431     0.479        65
          R      0.505     0.812     0.623       117

avg / total      0.445     0.492     0.447       366
