SVM RBF
Classification_report:
             precision    recall  f1-score   support
          B       0.46      0.93      0.61       179
          C       0.00      0.00      0.00        20
          G       0.00      0.00      0.00        36
          M       1.00      0.07      0.13        59
          O       0.00      0.00      0.00         1
          P       0.70      0.10      0.18        68
          R       0.38      0.33      0.35       103

avg / total       0.49      0.45      0.36       466

[[166   0   0   0   0   0  13]
 [  9   0   0   0   0   0  11]
 [ 36   0   0   0   0   0   0]
 [ 37   0   0   4   0   1  17]
 [  0   0   0   0   0   0   1]
 [ 48   0   0   0   0   7  13]
 [ 67   0   0   0   0   2  34]]

SVM linear
Classification_report:
             precision    recall  f1-score   support
          B       0.50      0.59      0.54       179
          C       0.18      0.25      0.21        20
          G       0.15      0.14      0.14        36
          M       0.24      0.27      0.26        59
          O       0.00      0.00      0.00         1
          P       0.38      0.31      0.34        68
          R       0.36      0.26      0.31       103

avg / total       0.38      0.38      0.38       466

[[105   6  19  20   0   8  21]
 [  5   5   2   1   0   3   4]
 [ 27   1   5   0   0   2   1]
 [ 20   5   1  16   0   6  11]
 [  0   0   0   0   0   1   0]
 [ 20   5   3   9   0  21  10]
 [ 33   6   3  20   0  14  27]]

KNN
Classification_report:
             precision    recall  f1-score   support
          B       0.45      0.70      0.55       179
          C       0.08      0.05      0.06        20
          G       0.08      0.06      0.06        36
          M       0.19      0.14      0.16        59
          O       0.00      0.00      0.00         1
          P       0.31      0.18      0.22        68
          R       0.25      0.17      0.20       103

avg / total       0.31      0.36      0.32       466

[[126   5  14   9   0   7  18]
 [ 11   1   2   2   0   2   2]
 [ 27   1   2   2   0   1   3]
 [ 29   4   2   8   0   4  12]
 [  1   0   0   0   0   0   0]
 [ 33   0   1   7   0  12  15]
 [ 52   2   5  14   0  13  17]]

NB
Classification_report:
             precision    recall  f1-score   support
          B       0.57      0.50      0.53       179
          C       0.00      0.00      0.00        20
          G       0.18      0.11      0.14        36
          M       0.32      0.39      0.35        59
          O       0.00      0.00      0.00         1
          P       0.39      0.53      0.45        68
          R       0.45      0.48      0.46       103

avg / total       0.43      0.43      0.43       466

[[89  5 18 21  0 29 17]
 [ 8  0  0  5  0  1  6]
 [18  2  4  2  0  4  6]
 [ 9  1  0 23  0  9 17]
 [ 1  0  0  0  0  0  0]
 [13  2  0  4  0 36 13]
 [17  5  0 18  0 14 49]]

DT
Classification_report:
             precision    recall  f1-score   support
          B       0.54      0.59      0.57       179
          C       0.09      0.05      0.06        20
          G       0.17      0.14      0.15        36
          M       0.27      0.24      0.25        59
          O       0.00      0.00      0.00         1
          P       0.48      0.51      0.50        68
          R       0.38      0.38      0.38       103

avg / total       0.41      0.43      0.42       466

[[106   2  11  10   0  18  32]
 [  8   1   0   3   0   4   4]
 [ 21   1   5   3   0   2   4]
 [ 18   2   5  14   0   4  16]
 [  1   0   0   0   0   0   0]
 [ 13   4   3   5   0  35   8]
 [ 29   1   6  17   1  10  39]]

CRF
Classification_report:
             precision    recall  f1-score   support
          B      0.632     0.883     0.737       179
          C      0.650     0.650     0.650        20
          G      0.385     0.139     0.204        36
          M      0.343     0.203     0.255        59
          O      0.000     0.000     0.000         1
          P      0.481     0.368     0.417        68
          R      0.479     0.447     0.462       103

avg / total      0.520     0.556     0.522       466
