SVM RBF
Classification_report:
             precision    recall  f1-score   support
          B       0.47      0.95      0.63       179
          C       0.00      0.00      0.00        20
          G       0.00      0.00      0.00        36
          M       1.00      0.03      0.07        59
          O       0.00      0.00      0.00         1
          P       0.86      0.18      0.29        68
          R       0.34      0.29      0.32       103

avg / total       0.51      0.46      0.36       466

[[170   0   0   0   0   0   9]
 [ 11   0   0   0   0   0   9]
 [ 36   0   0   0   0   0   0]
 [ 31   0   0   2   0   1  25]
 [  0   0   0   0   0   0   1]
 [ 43   0   0   0   0  12  13]
 [ 72   0   0   0   0   1  30]]

SVM linear
Classification_report:
             precision    recall  f1-score   support
          B       0.54      0.60      0.57       179
          C       0.06      0.05      0.06        20
          G       0.19      0.14      0.16        36
          M       0.28      0.27      0.27        59
          O       0.00      0.00      0.00         1
          P       0.49      0.50      0.50        68
          R       0.33      0.32      0.33       103

avg / total       0.41      0.42      0.41       466

[[107   2  17  12   0  13  28]
 [  7   1   0   1   0   2   9]
 [ 27   1   5   0   0   0   3]
 [ 14   4   1  16   0   6  18]
 [  0   0   0   0   0   0   1]
 [ 15   2   1   8   0  34   8]
 [ 27   6   2  21   0  14  33]]

KNN
Classification_report:
             precision    recall  f1-score   support
          B       0.48      0.80      0.60       179
          C       0.27      0.30      0.29        20
          G       0.15      0.08      0.11        36
          M       0.24      0.17      0.20        59
          O       0.00      0.00      0.00         1
          P       0.45      0.25      0.32        68
          R       0.27      0.12      0.16       103

avg / total       0.36      0.41      0.36       466

[[144   1   6   7   0   6  15]
 [ 10   6   0   1   0   1   2]
 [ 25   3   3   3   0   2   0]
 [ 37   1   2  10   0   3   6]
 [  0   0   0   0   0   0   1]
 [ 32   3   3   5   0  17   8]
 [ 52   8   6  16   0   9  12]]

NB
Classification_report:
             precision    recall  f1-score   support
          B       0.57      0.50      0.53       179
          C       0.00      0.00      0.00        20
          G       0.17      0.11      0.14        36
          M       0.32      0.39      0.35        59
          O       0.00      0.00      0.00         1
          P       0.39      0.53      0.45        68
          R       0.45      0.48      0.46       103

avg / total       0.43      0.43      0.43       466

[[89  5 18 21  0 29 17]
 [ 8  0  0  5  0  1  6]
 [18  2  4  2  0  4  6]
 [ 9  1  0 23  0  9 17]
 [ 1  0  0  0  0  0  0]
 [13  2  0  4  0 36 13]
 [17  4  1 18  0 14 49]]

DT
Classification_report:
             precision    recall  f1-score   support
          B       0.45      0.40      0.42       179
          C       0.00      0.00      0.00        20
          G       0.14      0.17      0.15        36
          M       0.12      0.12      0.12        59
          O       0.00      0.00      0.00         1
          P       0.42      0.41      0.41        68
          R       0.27      0.28      0.27       103

avg / total       0.32      0.30      0.31       466

[[72 10 18 27  0 13 39]
 [ 8  0  2  2  0  7  1]
 [16  4  6  2  0  1  7]
 [18  5  3  7  0  7 19]
 [ 0  0  0  0  0  0  1]
 [16  3  4  4  0 28 13]
 [30  5 11 16  1 11 29]]

CRF
Classification_report:
             precision    recall  f1-score   support
          B      0.632     0.883     0.737       179
          C      0.650     0.650     0.650        20
          G      0.385     0.139     0.204        36
          M      0.343     0.203     0.255        59
          O      0.000     0.000     0.000         1
          P      0.481     0.368     0.417        68
          R      0.479     0.447     0.462       103

avg / total      0.520     0.556     0.522       466
