SVM RBF
Classification_report:
             precision    recall  f1-score   support
          B       0.40      0.96      0.57       179
          C       0.00      0.00      0.00        20
          G       0.00      0.00      0.00        36
          M       0.50      0.03      0.06        59
          O       0.00      0.00      0.00         1
          P       0.67      0.15      0.24        68
          R       0.11      0.02      0.03       103

avg / total       0.34      0.40      0.27       466

[[172   0   0   1   0   1   5]
 [ 17   0   0   0   0   1   2]
 [ 36   0   0   0   0   0   0]
 [ 51   0   0   2   0   1   5]
 [  1   0   0   0   0   0   0]
 [ 53   0   0   0   0  10   5]
 [ 98   0   0   1   0   2   2]]

SVM linear
Classification_report:
             precision    recall  f1-score   support
          B       0.49      0.60      0.54       179
          C       0.00      0.00      0.00        20
          G       0.22      0.22      0.22        36
          M       0.25      0.22      0.24        59
          O       0.00      0.00      0.00         1
          P       0.43      0.46      0.44        68
          R       0.29      0.19      0.23       103

avg / total       0.36      0.38      0.37       466

[[107   7  20  11   0  16  18]
 [  9   0   2   0   0   5   4]
 [ 20   2   8   1   0   2   3]
 [ 23   1   2  13   0   5  15]
 [  0   0   0   0   0   1   0]
 [ 19   3   0   5   0  31  10]
 [ 39   6   5  21   0  12  20]]

KNN
Classification_report:
             precision    recall  f1-score   support
          B       0.47      0.69      0.56       179
          C       0.07      0.10      0.09        20
          G       0.22      0.22      0.22        36
          M       0.26      0.17      0.21        59
          O       0.00      0.00      0.00         1
          P       0.48      0.29      0.36        68
          R       0.22      0.14      0.17       103

avg / total       0.35      0.38      0.35       466

[[123   9  13   9   0   7  18]
 [ 11   2   2   0   0   2   3]
 [ 21   1   8   0   0   0   6]
 [ 27   3   3  10   0   5  11]
 [  0   0   0   0   0   0   1]
 [ 25   4   2   7   0  20  10]
 [ 52   8   9  12   0   8  14]]

NB
Classification_report:
             precision    recall  f1-score   support
          B       0.49      0.55      0.52       179
          C       0.08      0.10      0.09        20
          G       0.18      0.17      0.17        36
          M       0.27      0.39      0.32        59
          O       0.00      0.00      0.00         1
          P       0.42      0.29      0.34        68
          R       0.27      0.19      0.23       103

avg / total       0.36      0.36      0.36       466

[[98  7 22 19  0  8 25]
 [12  2  0  0  0  2  4]
 [19  1  6  2  0  1  7]
 [17  3  2 23  0  6  8]
 [ 0  0  0  1  0  0  0]
 [15  9  1 14  0 20  9]
 [38  4  3 27  0 11 20]]

DT
Classification_report:
             precision    recall  f1-score   support
          B       0.42      0.38      0.40       179
          C       0.00      0.00      0.00        20
          G       0.00      0.00      0.00        36
          M       0.23      0.24      0.23        59
          O       0.00      0.00      0.00         1
          P       0.23      0.25      0.24        68
          R       0.20      0.21      0.21       103

avg / total       0.27      0.26      0.26       466

[[68 13 21 22  1 18 36]
 [ 6  0  2  2  0  6  4]
 [16  0  0  4  0  4 12]
 [16  4  2 14  0  9 14]
 [ 1  0  0  0  0  0  0]
 [15  3  4  9  0 17 20]
 [38  7  6 10  0 20 22]]

CRF
Classification_report:
             precision    recall  f1-score   support
          B      0.476     0.877     0.617       179
          C      0.000     0.000     0.000        20
          G      0.000     0.000     0.000        36
          M      0.250     0.017     0.032        59
          O      0.000     0.000     0.000         1
          P      0.269     0.206     0.233        68
          R      0.410     0.311     0.354       103

avg / total      0.344     0.438     0.353       466
