SVM RBF
Classification_report:
             precision    recall  f1-score   support
          B       0.31      1.00      0.47       256
          C       0.00      0.00      0.00        40
          G       0.00      0.00      0.00        72
          M       0.00      0.00      0.00       104
          O       0.00      0.00      0.00         7
          P       0.00      0.00      0.00       133
          R       0.00      0.00      0.00       220

avg / total       0.09      0.31      0.14       832

[[256   0   0   0   0   0   0]
 [ 40   0   0   0   0   0   0]
 [ 72   0   0   0   0   0   0]
 [104   0   0   0   0   0   0]
 [  7   0   0   0   0   0   0]
 [133   0   0   0   0   0   0]
 [220   0   0   0   0   0   0]]

SVM linear
Classification_report:
             precision    recall  f1-score   support
          B       0.49      0.59      0.54       256
          C       0.08      0.07      0.08        40
          G       0.35      0.31      0.33        72
          M       0.32      0.31      0.31       104
          O       0.40      0.29      0.33         7
          P       0.65      0.59      0.62       133
          R       0.45      0.41      0.43       220

avg / total       0.45      0.45      0.45       832

[[150  12  29  18   0   5  42]
 [ 15   3   3   2   0   7  10]
 [ 42   1  22   0   0   2   5]
 [ 23   2   0  32   0   9  38]
 [  0   0   0   0   2   2   3]
 [ 19   5   6  12   0  78  13]
 [ 55  15   3  36   3  17  91]]

KNN
Classification_report:
             precision    recall  f1-score   support
          B       0.38      0.56      0.45       256
          C       0.11      0.10      0.11        40
          G       0.21      0.14      0.17        72
          M       0.15      0.15      0.15       104
          O       0.00      0.00      0.00         7
          P       0.49      0.38      0.43       133
          R       0.32      0.23      0.27       220

avg / total       0.32      0.33      0.32       832

[[144  10  14  34   0  12  42]
 [ 14   4   3   4   0   4  11]
 [ 47   0  10   8   0   2   5]
 [ 41   1   2  16   1   8  35]
 [  2   0   0   1   0   1   3]
 [ 41   7   9  14   0  50  12]
 [ 93  13  10  28   0  25  51]]

NB
Classification_report:
             precision    recall  f1-score   support
          B       0.51      0.43      0.47       256
          C       0.12      0.23      0.15        40
          G       0.27      0.35      0.30        72
          M       0.19      0.35      0.25       104
          O       0.00      0.00      0.00         7
          P       0.43      0.41      0.42       133
          R       0.38      0.22      0.28       220

avg / total       0.38      0.34      0.35       832

[[110  15  43  48   0  19  21]
 [  8   9   4   5   0   7   7]
 [ 27   6  25   3   0   5   6]
 [ 16   3   6  36   0  14  29]
 [  0   0   0   0   0   2   5]
 [ 13  21   5  27   0  54  13]
 [ 42  24  10  70   1  24  49]]

DT
Classification_report:
             precision    recall  f1-score   support
          B       0.35      0.37      0.36       256
          C       0.10      0.10      0.10        40
          G       0.16      0.15      0.16        72
          M       0.11      0.11      0.11       104
          O       0.00      0.00      0.00         7
          P       0.25      0.23      0.24       133
          R       0.30      0.31      0.31       220

avg / total       0.26      0.27      0.26       832

[[95 15 24 24  1 30 67]
 [12  4  5  5  0  4 10]
 [30  3 11  3  0 10 15]
 [32  1  4 11  1 15 40]
 [ 0  1  1  1  0  1  3]
 [41  5  8 20  4 31 24]
 [60 12 16 32  0 31 69]]

CRF
Classification_report:
             precision    recall  f1-score   support
          B      0.372     0.488     0.422       256
          C      0.000     0.000     0.000        40
          G      0.000     0.000     0.000        72
          M      0.000     0.000     0.000       104
          O      0.000     0.000     0.000         7
          P      0.337     0.263     0.295       133
          R      0.316     0.564     0.405       220

avg / total      0.252     0.341     0.284       832
