Reading  corpus/output366.json
SVM RBF
Classification_report:
             precision    recall  f1-score   support

          B       0.54      0.60      0.57        77
          C       0.17      0.05      0.08        20
          G       0.46      0.31      0.37        36
          M       0.31      0.20      0.24        45
          O       0.67      0.33      0.44         6
          P       0.60      0.54      0.57        65
          R       0.50      0.69      0.58       117

avg / total       0.49      0.51      0.48       366

[[46  0  8  5  0 11  7]
 [ 1  1  0  0  0  2 16]
 [19  0 11  0  0  0  6]
 [ 5  0  1  9  0  1 29]
 [ 0  0  0  0  2  1  3]
 [ 8  0  2  1  0 35 19]
 [ 6  5  2 14  1  8 81]]

SVM linear
Classification_report:
             precision    recall  f1-score   support

          B       0.52      0.65      0.58        77
          C       0.17      0.20      0.18        20
          G       0.39      0.39      0.39        36
          M       0.26      0.29      0.27        45
          O       1.00      0.33      0.50         6
          P       0.64      0.55      0.60        65
          R       0.52      0.45      0.48       117

avg / total       0.49      0.47      0.47       366

[[50  0 10  7  0  4  6]
 [ 0  4  1  2  0  3 10]
 [17  2 14  0  0  0  3]
 [ 7  1  1 13  0  3 20]
 [ 0  0  0  0  2  1  3]
 [ 9  2  4  7  0 36  7]
 [13 15  6 21  0  9 53]]

Reading  corpus/output466.json
SVM RBF
Classification_report:
             precision    recall  f1-score   support

          B       0.55      0.70      0.62       179
          C       0.40      0.30      0.34        20
          G       0.46      0.17      0.24        36
          M       0.24      0.22      0.23        59
          O       0.00      0.00      0.00         1
          P       0.54      0.44      0.48        68
          R       0.37      0.35      0.36       102

avg / total       0.45      0.47      0.45       465

[[126   4   4  12   0   7  26]
 [  4   6   1   0   0   4   5]
 [ 27   1   6   1   0   0   1]
 [ 22   2   0  13   0   4  18]
 [  0   0   0   0   0   1   0]
 [ 20   1   0   6   0  30  11]
 [ 31   1   2  22   0  10  36]]

SVM linear
Classification_report:
             precision    recall  f1-score   support

          B       0.55      0.63      0.59       179
          C       0.17      0.15      0.16        20
          G       0.16      0.19      0.18        36
          M       0.28      0.25      0.27        59
          O       0.00      0.00      0.00         1
          P       0.59      0.50      0.54        68
          R       0.42      0.35      0.38       102

avg / total       0.44      0.45      0.44       465

[[113   6  23  12   0   6  19]
 [  4   3   4   1   0   2   6]
 [ 25   1   7   0   0   1   2]
 [ 21   4   2  15   0   3  14]
 [  0   0   0   0   0   1   0]
 [ 10   1   4  10   0  34   9]
 [ 34   3   3  15   0  11  36]]

Reading  corpus/output832.json
SVM RBF
Classification_report:
             precision    recall  f1-score   support

          B       0.53      0.70      0.60       256
          C       0.44      0.17      0.25        40
          G       0.25      0.07      0.11        72
          M       0.31      0.20      0.24       104
          O       0.50      0.14      0.22         7
          P       0.70      0.55      0.62       133
          R       0.44      0.56      0.49       219

avg / total       0.48      0.49      0.47       831

[[180   3  13   9   0   7  44]
 [  8   7   0   0   0   3  22]
 [ 56   2   5   1   0   1   7]
 [ 24   0   0  21   0   4  55]
 [  0   0   0   0   1   2   4]
 [ 26   1   1   7   0  73  25]
 [ 47   3   1  30   1  14 123]]

SVM linear
Classification_report:
             precision    recall  f1-score   support

          B       0.56      0.62      0.59       256
          C       0.24      0.25      0.24        40
          G       0.37      0.36      0.36        72
          M       0.31      0.35      0.33       104
          O       0.50      0.29      0.36         7
          P       0.66      0.63      0.65       133
          R       0.47      0.41      0.44       219

avg / total       0.49      0.49      0.49       831

[[159   7  33  21   0   7  29]
 [  7  10   1   1   0   4  17]
 [ 35   2  26   3   0   0   6]
 [ 24   6   1  36   0   7  30]
 [  0   0   0   1   2   2   2]
 [ 12   3   3  14   0  84  17]
 [ 45  14   7  39   2  23  89]]

