Reading  corpus/output366.json
SVM RBF
Classification_report:
             precision    recall  f1-score   support

          B       0.52      0.57      0.54        77
          C       0.24      0.30      0.27        20
          G       0.50      0.44      0.47        36
          M       0.33      0.31      0.32        45
          O       1.00      0.50      0.67         6
          P       0.63      0.65      0.64        65
          R       0.59      0.56      0.58       117

avg / total       0.53      0.52      0.52       366

[[44  2 11  4  0  7  9]
 [ 1  6  0  1  0  3  9]
 [14  1 16  1  0  0  4]
 [ 9  1  0 14  0  4 17]
 [ 0  0  0  0  3  2  1]
 [10  2  3  2  0 42  6]
 [ 7 13  2 20  0  9 66]]

SVM linear
Classification_report:
             precision    recall  f1-score   support

          B       0.50      0.57      0.53        77
          C       0.25      0.35      0.29        20
          G       0.53      0.44      0.48        36
          M       0.35      0.33      0.34        45
          O       1.00      0.50      0.67         6
          P       0.62      0.63      0.63        65
          R       0.60      0.56      0.58       117

avg / total       0.53      0.52      0.52       366

[[44  4  9  6  0  7  7]
 [ 2  7  0  1  0  2  8]
 [15  1 16  0  0  0  4]
 [ 9  1  0 15  0  4 16]
 [ 0  0  0  0  3  2  1]
 [10  2  3  2  0 41  7]
 [ 8 13  2 19  0 10 65]]

Reading  corpus/output466.json
SVM RBF
Classification_report:
             precision    recall  f1-score   support

          B       0.56      0.60      0.58       179
          C       0.21      0.15      0.18        20
          G       0.24      0.14      0.18        36
          M       0.27      0.29      0.28        59
          O       0.00      0.00      0.00         1
          P       0.43      0.49      0.46        68
          R       0.40      0.37      0.38       102

avg / total       0.43      0.44      0.43       465

[[108   2  14  14   0  19  22]
 [  4   3   0   2   0   4   7]
 [ 28   1   5   0   0   0   2]
 [ 14   3   2  17   0   9  14]
 [  0   0   0   0   0   0   1]
 [ 17   1   0   5   0  33  12]
 [ 23   4   0  25   0  12  38]]

SVM linear
Classification_report:
             precision    recall  f1-score   support

          B       0.55      0.60      0.57       179
          C       0.14      0.10      0.12        20
          G       0.20      0.14      0.16        36
          M       0.28      0.29      0.29        59
          O       0.00      0.00      0.00         1
          P       0.43      0.44      0.43        68
          R       0.36      0.35      0.36       102

avg / total       0.41      0.43      0.42       465

[[108   3  18  13   0  15  22]
 [  4   2   0   2   0   3   9]
 [ 26   1   5   0   0   1   3]
 [ 15   2   2  17   0   8  15]
 [  0   0   0   0   0   0   1]
 [ 19   1   0   5   0  30  13]
 [ 25   5   0  23   0  13  36]]

Reading  corpus/output832.json
SVM RBF
Classification_report:
             precision    recall  f1-score   support

          B       0.54      0.59      0.57       256
          C       0.24      0.23      0.23        40
          G       0.38      0.32      0.35        72
          M       0.33      0.36      0.34       104
          O       0.33      0.14      0.20         7
          P       0.58      0.59      0.58       133
          R       0.49      0.46      0.47       219

avg / total       0.48      0.48      0.48       831

[[152   9  29  22   0  17  27]
 [  7   9   0   1   0   8  15]
 [ 39   2  23   1   0   2   5]
 [ 17   4   2  37   0   9  35]
 [  0   1   0   0   1   3   2]
 [ 21   2   2   9   1  78  20]
 [ 43  10   5  43   1  17 100]]

SVM linear
Classification_report:
             precision    recall  f1-score   support

          B       0.53      0.57      0.55       256
          C       0.25      0.23      0.24        40
          G       0.35      0.32      0.34        72
          M       0.34      0.39      0.37       104
          O       0.00      0.00      0.00         7
          P       0.58      0.59      0.58       133
          R       0.51      0.45      0.47       219

avg / total       0.47      0.48      0.47       831

[[147   8  33  26   0  16  26]
 [  7   9   0   2   0   9  13]
 [ 41   1  23   0   0   2   5]
 [ 15   5   4  41   0   7  32]
 [  0   2   0   0   0   3   2]
 [ 21   1   2  12   1  78  18]
 [ 48  10   3  39   2  19  98]]

