Reading  corpus/output366.json
SVM RBF
Classification_report:
             precision    recall  f1-score   support

          B       0.53      0.53      0.53        77
          C       0.32      0.40      0.36        20
          G       0.52      0.44      0.48        36
          M       0.31      0.31      0.31        45
          O       1.00      0.33      0.50         6
          P       0.62      0.65      0.63        65
          R       0.56      0.56      0.56       117

avg / total       0.52      0.52      0.52       366

[[41  1 11  5  0  9 10]
 [ 0  8  1  1  0  1  9]
 [11  0 16  1  0  2  6]
 [ 7  1  0 14  0  4 19]
 [ 0  1  0  0  2  1  2]
 [ 9  1  3  4  0 42  6]
 [ 9 13  0 20  0  9 66]]

SVM linear
Classification_report:
             precision    recall  f1-score   support

          B       0.54      0.57      0.55        77
          C       0.22      0.30      0.26        20
          G       0.53      0.47      0.50        36
          M       0.31      0.29      0.30        45
          O       1.00      0.33      0.50         6
          P       0.61      0.63      0.62        65
          R       0.55      0.54      0.55       117

avg / total       0.52      0.51      0.51       366

[[44  2 10  4  0  6 11]
 [ 0  6  1  1  0  1 11]
 [10  0 17  2  0  2  5]
 [ 7  2  0 13  0  5 18]
 [ 0  1  0  0  2  1  2]
 [12  0  4  4  0 41  4]
 [ 9 16  0 18  0 11 63]]

Reading  corpus/output466.json
SVM RBF
Classification_report:
             precision    recall  f1-score   support

          B       0.56      0.64      0.60       179
          C       0.27      0.20      0.23        20
          G       0.21      0.17      0.18        36
          M       0.30      0.27      0.29        59
          O       0.00      0.00      0.00         1
          P       0.49      0.50      0.50        68
          R       0.39      0.36      0.38       102

avg / total       0.44      0.46      0.45       465

[[115   2  17  10   0  16  19]
 [  5   4   0   1   0   3   7]
 [ 26   1   6   0   0   0   3]
 [ 18   2   1  16   0   6  16]
 [  0   0   0   0   0   1   0]
 [ 14   2   2   4   0  34  12]
 [ 27   4   3  22   0   9  37]]

SVM linear
Classification_report:
             precision    recall  f1-score   support

          B       0.58      0.60      0.59       179
          C       0.25      0.20      0.22        20
          G       0.21      0.22      0.22        36
          M       0.32      0.32      0.32        59
          O       0.00      0.00      0.00         1
          P       0.49      0.54      0.52        68
          R       0.39      0.35      0.37       102

avg / total       0.45      0.45      0.45       465

[[107   3  20  12   0  17  20]
 [  1   4   3   0   0   4   8]
 [ 23   1   8   1   0   1   2]
 [ 14   3   3  19   0   5  15]
 [  0   0   0   0   0   0   1]
 [ 13   1   2   4   0  37  11]
 [ 25   4   2  24   0  11  36]]

Reading  corpus/output832.json
SVM RBF
Classification_report:
             precision    recall  f1-score   support

          B       0.56      0.62      0.59       256
          C       0.33      0.28      0.30        40
          G       0.36      0.29      0.32        72
          M       0.30      0.29      0.29       104
          O       0.33      0.14      0.20         7
          P       0.59      0.58      0.59       133
          R       0.45      0.45      0.45       219

avg / total       0.47      0.48      0.47       831

[[159   6  29  15   0  13  34]
 [  6  11   0   0   0   8  15]
 [ 38   1  21   5   0   1   6]
 [ 17   5   2  30   0   6  44]
 [  0   2   0   0   1   2   2]
 [ 25   1   0  10   0  77  20]
 [ 41   7   7  41   2  23  98]]

SVM linear
Classification_report:
             precision    recall  f1-score   support

          B       0.53      0.55      0.54       256
          C       0.21      0.20      0.21        40
          G       0.32      0.31      0.31        72
          M       0.30      0.38      0.33       104
          O       0.00      0.00      0.00         7
          P       0.59      0.59      0.59       133
          R       0.48      0.40      0.44       219

avg / total       0.46      0.45      0.45       831

[[141   8  38  25   0  16  28]
 [  7   8   0   1   0   7  17]
 [ 38   2  22   3   0   2   5]
 [ 18   5   1  40   0   7  33]
 [  0   1   0   0   0   3   3]
 [ 21   2   1  18   1  79  11]
 [ 43  12   6  48   2  20  88]]

