Reading  corpus/output366.json
SVM RBF
Classification_report:
             precision    recall  f1-score   support

          B       0.57      0.61      0.59        77
          C       0.18      0.10      0.13        20
          G       0.39      0.31      0.34        36
          M       0.28      0.24      0.26        45
          O       0.67      0.33      0.44         6
          P       0.60      0.63      0.62        65
          R       0.51      0.59      0.55       117

avg / total       0.49      0.50      0.49       366

[[47  0 11  3  0  8  8]
 [ 1  2  0  1  0  5 11]
 [18  0 11  0  0  1  6]
 [ 7  0  1 11  0  2 24]
 [ 0  0  0  0  2  1  3]
 [ 6  1  3  1  0 41 13]
 [ 4  8  2 23  1 10 69]]

SVM linear
Classification_report:
             precision    recall  f1-score   support

          B       0.49      0.55      0.52        77
          C       0.26      0.30      0.28        20
          G       0.38      0.33      0.35        36
          M       0.22      0.27      0.24        45
          O       1.00      0.17      0.29         6
          P       0.58      0.68      0.62        65
          R       0.52      0.42      0.46       117

avg / total       0.47      0.45      0.45       366

[[42  1 14  5  0 10  5]
 [ 1  6  0  2  0  3  8]
 [16  1 12  1  0  3  3]
 [10  1  0 12  0  3 19]
 [ 0  0  0  0  1  1  4]
 [ 8  1  3  3  0 44  6]
 [ 9 13  3 31  0 12 49]]

Reading  corpus/output466.json
SVM RBF
Classification_report:
             precision    recall  f1-score   support

          B       0.57      0.70      0.63       179
          C       0.31      0.20      0.24        20
          G       0.39      0.25      0.31        36
          M       0.29      0.27      0.28        59
          O       0.00      0.00      0.00         1
          P       0.51      0.44      0.47        68
          R       0.41      0.38      0.40       102

avg / total       0.47      0.48      0.47       465

[[126   3  12  12   0   9  17]
 [  5   4   0   1   0   3   7]
 [ 23   1   9   1   0   0   2]
 [ 18   3   0  16   0   6  16]
 [  0   0   0   0   0   1   0]
 [ 18   1   1   5   0  30  13]
 [ 30   1   1  21   0  10  39]]

SVM linear
Classification_report:
             precision    recall  f1-score   support

          B       0.53      0.58      0.55       179
          C       0.23      0.15      0.18        20
          G       0.25      0.28      0.26        36
          M       0.28      0.37      0.32        59
          O       0.00      0.00      0.00         1
          P       0.58      0.50      0.54        68
          R       0.38      0.29      0.33       102

avg / total       0.43      0.43      0.43       465

[[103   2  24  20   0  10  20]
 [  5   3   2   1   0   2   7]
 [ 23   1  10   0   0   0   2]
 [ 16   4   1  22   0   4  12]
 [  0   0   0   0   0   1   0]
 [ 15   0   1   9   0  34   9]
 [ 33   3   2  26   0   8  30]]

Reading  corpus/output832.json
SVM RBF
Classification_report:
             precision    recall  f1-score   support

          B       0.57      0.68      0.62       256
          C       0.35      0.17      0.23        40
          G       0.40      0.24      0.30        72
          M       0.31      0.24      0.27       104
          O       0.33      0.14      0.20         7
          P       0.63      0.55      0.59       133
          R       0.43      0.53      0.48       219

avg / total       0.49      0.50      0.48       831

[[173   4  18   9   0  11  41]
 [  6   7   1   0   0   5  21]
 [ 46   1  17   1   0   0   7]
 [ 21   1   0  25   0   4  53]
 [  0   1   0   0   1   3   2]
 [ 20   2   2   8   0  73  28]
 [ 37   4   4  37   2  19 116]]

SVM linear
Classification_report:
             precision    recall  f1-score   support

          B       0.54      0.59      0.56       256
          C       0.26      0.28      0.27        40
          G       0.28      0.31      0.29        72
          M       0.29      0.33      0.31       104
          O       0.25      0.14      0.18         7
          P       0.62      0.59      0.60       133
          R       0.41      0.34      0.37       219

avg / total       0.45      0.45      0.45       831

[[150   6  38  24   0   7  31]
 [  8  11   1   1   0   4  15]
 [ 38   3  22   0   0   1   8]
 [ 23   4   1  34   0   7  35]
 [  0   1   0   1   1   1   3]
 [ 16   3   5  13   1  78  17]
 [ 45  15  11  44   2  27  75]]

