Reading  corpus/output366.json
SVM RBF
Classification_report:
             precision    recall  f1-score   support

          B       0.55      0.60      0.57        77
          C       0.38      0.15      0.21        20
          G       0.45      0.28      0.34        36
          M       0.44      0.27      0.33        45
          O       1.00      0.33      0.50         6
          P       0.80      0.68      0.73        65
          R       0.51      0.74      0.61       117

avg / total       0.56      0.56      0.54       366

[[46  0  9  2  0  3 17]
 [ 0  3  0  0  0  1 16]
 [17  0 10  0  0  0  9]
 [ 4  0  1 12  0  1 27]
 [ 0  1  0  0  2  2  1]
 [ 7  0  2  0  0 44 12]
 [ 9  4  0 13  0  4 87]]

SVM linear
Classification_report:
             precision    recall  f1-score   support

          B       0.55      0.61      0.58        77
          C       0.47      0.35      0.40        20
          G       0.46      0.36      0.41        36
          M       0.33      0.29      0.31        45
          O       0.00      0.00      0.00         6
          P       0.78      0.69      0.73        65
          R       0.53      0.64      0.58       117

avg / total       0.54      0.55      0.54       366

[[47  1 10  4  0  3 12]
 [ 0  7  0  1  0  1 11]
 [15  0 13  0  0  0  8]
 [ 5  0  2 13  0  2 23]
 [ 0  0  0  0  0  3  3]
 [ 7  2  2  0  0 45  9]
 [11  5  1 21  0  4 75]]

Reading  corpus/output466.json
SVM RBF
Classification_report:
             precision    recall  f1-score   support

          B       0.59      0.76      0.66       179
          C       0.44      0.20      0.28        20
          G       0.44      0.19      0.27        36
          M       0.38      0.25      0.30        59
          O       0.00      0.00      0.00         1
          P       0.65      0.59      0.62        68
          R       0.45      0.47      0.46       102

avg / total       0.52      0.54      0.52       465

[[136   0   8   8   0   6  21]
 [  5   4   0   1   0   3   7]
 [ 27   0   7   0   0   0   2]
 [ 16   2   0  15   0   4  22]
 [  0   0   0   0   0   1   0]
 [ 16   0   1   4   0  40   7]
 [ 31   3   0  12   0   8  48]]

SVM linear
Classification_report:
             precision    recall  f1-score   support

          B       0.62      0.69      0.65       179
          C       0.17      0.05      0.08        20
          G       0.31      0.25      0.28        36
          M       0.39      0.34      0.36        59
          O       0.00      0.00      0.00         1
          P       0.58      0.62      0.60        68
          R       0.49      0.52      0.50       102

avg / total       0.51      0.53      0.52       465

[[123   0  17   9   0  12  18]
 [  4   1   1   1   0   3  10]
 [ 25   1   9   0   0   0   1]
 [ 12   2   1  20   0   5  19]
 [  0   0   0   0   0   1   0]
 [ 13   0   1   5   0  42   7]
 [ 22   2   0  16   0   9  53]]

Reading  corpus/output832.json
SVM RBF
Classification_report:
             precision    recall  f1-score   support

          B       0.58      0.73      0.65       256
          C       0.44      0.10      0.16        40
          G       0.44      0.21      0.28        72
          M       0.36      0.25      0.30       104
          O       0.00      0.00      0.00         7
          P       0.74      0.65      0.69       133
          R       0.47      0.61      0.53       219

avg / total       0.53      0.54      0.52       831

[[187   1  16   9   0   6  37]
 [  7   4   1   3   0   3  22]
 [ 47   0  15   1   0   0   9]
 [ 22   0   1  26   0   2  53]
 [  0   1   0   0   0   3   3]
 [ 17   1   0   6   0  86  23]
 [ 40   2   1  27   0  16 133]]

SVM linear
Classification_report:
             precision    recall  f1-score   support

          B       0.59      0.62      0.60       256
          C       0.27      0.20      0.23        40
          G       0.42      0.38      0.39        72
          M       0.37      0.38      0.37       104
          O       0.00      0.00      0.00         7
          P       0.68      0.65      0.67       133
          R       0.46      0.48      0.47       219

avg / total       0.51      0.51      0.51       831

[[159   3  33  15   0   9  37]
 [  7   8   1   3   0   4  17]
 [ 34   3  27   1   0   0   7]
 [ 16   3   1  39   0   6  39]
 [  0   1   0   0   0   3   3]
 [ 14   1   1   8   0  87  22]
 [ 41  11   2  40   0  19 106]]
