Reading  corpus/output366.json
SVM RBF
Classification_report:
             precision    recall  f1-score   support

          B       0.57      0.61      0.59        77
          C       0.36      0.20      0.26        20
          G       0.41      0.33      0.37        36
          M       0.34      0.22      0.27        45
          O       1.00      0.33      0.50         6
          P       0.73      0.66      0.69        65
          R       0.51      0.67      0.58       117

avg / total       0.53      0.54      0.52       366

[[47  0 12  1  0  4 13]
 [ 0  4  0  1  0  3 12]
 [17  0 12  0  0  0  7]
 [ 6  1  1 10  0  2 25]
 [ 0  0  0  0  2  1  3]
 [ 3  0  3  0  0 43 16]
 [ 9  6  1 17  0  6 78]]

SVM linear
Classification_report:
             precision    recall  f1-score   support

          B       0.56      0.57      0.56        77
          C       0.29      0.25      0.27        20
          G       0.44      0.33      0.38        36
          M       0.30      0.29      0.30        45
          O       1.00      0.33      0.50         6
          P       0.70      0.68      0.69        65
          R       0.52      0.60      0.56       117

avg / total       0.52      0.52      0.52       366

[[44  2 12  4  0  5 10]
 [ 0  5  0  2  0  3 10]
 [16  1 12  0  0  0  7]
 [ 4  1  0 13  0  3 24]
 [ 0  0  0  0  2  1  3]
 [ 6  2  2  0  0 44 11]
 [ 9  6  1 24  0  7 70]]

Reading  corpus/output466.json
SVM RBF
Classification_report:
             precision    recall  f1-score   support

          B       0.61      0.75      0.67       179
          C       0.38      0.15      0.21        20
          G       0.33      0.17      0.22        36
          M       0.31      0.25      0.28        59
          O       0.00      0.00      0.00         1
          P       0.59      0.53      0.56        68
          R       0.49      0.52      0.50       102

avg / total       0.51      0.53      0.51       465

[[134   0  10  12   0   8  15]
 [  4   3   1   1   0   3   8]
 [ 28   0   6   0   0   0   2]
 [ 15   2   0  15   0   4  23]
 [  0   0   0   0   0   1   0]
 [ 18   0   1   6   0  36   7]
 [ 22   3   0  15   0   9  53]]

SVM linear
Classification_report:
             precision    recall  f1-score   support

          B       0.62      0.69      0.65       179
          C       0.14      0.05      0.07        20
          G       0.29      0.28      0.29        36
          M       0.30      0.29      0.30        59
          O       0.00      0.00      0.00         1
          P       0.57      0.56      0.56        68
          R       0.50      0.49      0.49       102

avg / total       0.50      0.52      0.51       465

[[124   0  21  11   0   9  14]
 [  3   1   1   2   0   3  10]
 [ 24   1  10   0   0   0   1]
 [ 16   3   1  17   0   5  17]
 [  0   0   0   0   0   1   0]
 [ 14   0   1   6   0  38   9]
 [ 19   2   0  20   0  11  50]]

Reading  corpus/output832.json
SVM RBF
Classification_report:
             precision    recall  f1-score   support

          B       0.57      0.71      0.63       256
          C       0.43      0.15      0.22        40
          G       0.46      0.22      0.30        72
          M       0.39      0.31      0.34       104
          O       0.50      0.14      0.22         7
          P       0.72      0.65      0.69       133
          R       0.48      0.56      0.51       219

avg / total       0.53      0.54      0.52       831

[[182   1  17  10   0   8  38]
 [  9   6   0   2   0   3  20]
 [ 50   0  16   1   0   0   5]
 [ 20   1   1  32   0   4  46]
 [  0   1   0   0   1   2   3]
 [ 18   0   1   5   0  87  22]
 [ 42   5   0  33   1  16 122]]

SVM linear
Classification_report:
             precision    recall  f1-score   support

          B       0.55      0.64      0.60       256
          C       0.48      0.28      0.35        40
          G       0.40      0.29      0.34        72
          M       0.38      0.38      0.38       104
          O       1.00      0.14      0.25         7
          P       0.67      0.64      0.66       133
          R       0.49      0.51      0.50       219

avg / total       0.52      0.52      0.52       831

[[165   3  27  12   0  11  38]
 [  9  11   0   2   0   4  14]
 [ 47   0  21   1   0   0   3]
 [ 16   3   1  40   0   8  36]
 [  0   1   0   0   1   2   3]
 [ 19   0   2   7   0  85  20]
 [ 42   5   1  44   0  16 111]]
