Reading  corpus/output366.json
SVM RBF
Classification_report:
             precision    recall  f1-score   support

          B       0.55      0.61      0.58        77
          C       0.20      0.05      0.08        20
          G       0.37      0.19      0.25        36
          M       0.42      0.18      0.25        45
          O       1.00      0.33      0.50         6
          P       0.79      0.63      0.70        65
          R       0.49      0.77      0.60       117

avg / total       0.53      0.54      0.51       366

[[47  0 10  0  0  3 17]
 [ 0  1  0  0  0  0 19]
 [19  0  7  0  0  0 10]
 [ 4  0  0  8  0  1 32]
 [ 0  0  0  0  2  2  2]
 [ 8  0  2  0  0 41 14]
 [ 7  4  0 11  0  5 90]]

SVM linear
Classification_report:
             precision    recall  f1-score   support

          B       0.59      0.60      0.59        77
          C       0.46      0.30      0.36        20
          G       0.47      0.44      0.46        36
          M       0.23      0.24      0.24        45
          O       1.00      0.33      0.50         6
          P       0.75      0.66      0.70        65
          R       0.49      0.56      0.52       117

avg / total       0.53      0.52      0.52       366

[[46  0 12  2  0  3 14]
 [ 0  6  0  3  0  0 11]
 [13  1 16  1  0  0  5]
 [ 3  0  2 11  0  2 27]
 [ 0  0  0  0  2  2  2]
 [ 7  0  2  3  0 43 10]
 [ 9  6  2 27  0  7 66]]

Reading  corpus/output466.json
SVM RBF
Classification_report:
             precision    recall  f1-score   support

          B       0.61      0.80      0.69       179
          C       0.50      0.20      0.29        20
          G       0.56      0.14      0.22        36
          M       0.42      0.27      0.33        59
          O       0.00      0.00      0.00         1
          P       0.69      0.59      0.63        68
          R       0.49      0.55      0.52       102

avg / total       0.56      0.57      0.54       465

[[144   0   3   6   0   4  22]
 [  7   4   0   1   0   2   6]
 [ 29   0   5   0   0   0   2]
 [ 15   2   0  16   0   5  21]
 [  0   0   0   0   0   1   0]
 [ 16   0   1   4   0  40   7]
 [ 27   2   0  11   0   6  56]]

SVM linear
Classification_report:
             precision    recall  f1-score   support

          B       0.64      0.69      0.66       179
          C       0.17      0.05      0.08        20
          G       0.32      0.28      0.30        36
          M       0.38      0.37      0.38        59
          O       0.00      0.00      0.00         1
          P       0.61      0.63      0.62        68
          R       0.50      0.52      0.51       102

avg / total       0.52      0.54      0.53       465

[[123   0  18  11   0   7  20]
 [  5   1   1   3   0   3   7]
 [ 23   1  10   0   0   0   2]
 [ 14   2   1  22   0   5  15]
 [  0   0   0   0   0   1   0]
 [  8   0   1   6   0  43  10]
 [ 20   2   0  16   0  11  53]]

Reading  corpus/output832.json
SVM RBF
Classification_report:
             precision    recall  f1-score   support

          B       0.59      0.76      0.66       256
          C       0.50      0.10      0.17        40
          G       0.67      0.22      0.33        72
          M       0.31      0.21      0.25       104
          O       0.00      0.00      0.00         7
          P       0.78      0.65      0.71       133
          R       0.46      0.60      0.52       219

avg / total       0.55      0.55      0.52       831

[[195   1   7   6   0   5  42]
 [  8   4   1   3   0   2  22]
 [ 47   0  16   1   0   0   8]
 [ 23   0   0  22   0   3  56]
 [  0   0   0   0   0   3   4]
 [ 18   0   0   8   0  86  21]
 [ 42   3   0  32   0  11 131]]

SVM linear
Classification_report:
             precision    recall  f1-score   support

          B       0.55      0.60      0.57       256
          C       0.25      0.23      0.24        40
          G       0.36      0.33      0.35        72
          M       0.33      0.38      0.35       104
          O       0.00      0.00      0.00         7
          P       0.67      0.62      0.65       133
          R       0.44      0.42      0.43       219

avg / total       0.48      0.48      0.48       831

[[153   4  35  18   0  10  36]
 [  9   9   0   1   0   5  16]
 [ 39   3  24   1   0   0   5]
 [ 19   2   1  39   0   4  39]
 [  0   1   0   1   0   3   2]
 [ 15   4   3  10   0  83  18]
 [ 43  13   4  47   2  19  91]]
