Reading  corpus/output366.json
SVM RBF
Classification_report:
             precision    recall  f1-score   support

          B       0.59      0.70      0.64        77
          C       0.00      0.00      0.00        20
          G       0.57      0.11      0.19        36
          M       0.80      0.09      0.16        45
          O       1.00      0.17      0.29         6
          P       0.79      0.65      0.71        65
          R       0.50      0.89      0.64       117

avg / total       0.60      0.57      0.51       366

[[ 54   0   3   0   0   3  17]
 [  0   0   0   0   0   1  19]
 [ 21   0   4   0   0   0  11]
 [  4   0   0   4   0   1  36]
 [  0   0   0   1   1   1   3]
 [  7   0   0   0   0  42  16]
 [  5   3   0   0   0   5 104]]

SVM linear
Classification_report:
             precision    recall  f1-score   support

          B       0.55      0.58      0.57        77
          C       0.17      0.20      0.18        20
          G       0.33      0.33      0.33        36
          M       0.32      0.31      0.31        45
          O       1.00      0.17      0.29         6
          P       0.69      0.65      0.67        65
          R       0.57      0.57      0.57       117

avg / total       0.52      0.51      0.51       366

[[45  1 14  2  0  4 11]
 [ 0  4  1  3  0  1 11]
 [16  2 12  1  0  2  3]
 [ 6  2  1 14  0  3 19]
 [ 0  0  0  1  1  4  0]
 [ 8  1  5  2  0 42  7]
 [ 7 14  3 21  0  5 67]]

Reading  corpus/output466.json
SVM RBF
Classification_report:
             precision    recall  f1-score   support

          B       0.55      0.87      0.67       179
          C       0.67      0.20      0.31        20
          G       0.00      0.00      0.00        36
          M       0.27      0.05      0.09        59
          O       0.00      0.00      0.00         1
          P       0.74      0.50      0.60        68
          R       0.37      0.43      0.40       102

avg / total       0.46      0.52      0.46       465

[[156   0   0   0   0   1  22]
 [  6   4   0   0   0   2   8]
 [ 35   0   0   0   0   0   1]
 [ 22   0   0   3   0   3  31]
 [  0   0   0   0   0   0   1]
 [ 20   0   0   3   0  34  11]
 [ 45   2   0   5   0   6  44]]

SVM linear
Classification_report:
             precision    recall  f1-score   support

          B       0.56      0.64      0.60       179
          C       0.20      0.05      0.08        20
          G       0.22      0.19      0.21        36
          M       0.30      0.31      0.30        59
          O       0.00      0.00      0.00         1
          P       0.66      0.57      0.61        68
          R       0.34      0.34      0.34       102

avg / total       0.45      0.46      0.45       465

[[115   0  21  11   0   7  25]
 [  2   1   1   2   0   2  12]
 [ 24   0   7   0   0   0   5]
 [ 18   3   0  18   0   4  16]
 [  0   0   0   0   0   1   0]
 [ 12   0   1   6   0  39  10]
 [ 35   1   2  23   0   6  35]]

Reading  corpus/output832.json
SVM RBF
Classification_report:
             precision    recall  f1-score   support

          B       0.55      0.80      0.65       256
          C       0.50      0.05      0.09        40
          G       0.60      0.04      0.08        72
          M       0.29      0.05      0.08       104
          O       0.00      0.00      0.00         7
          P       0.81      0.58      0.68       133
          R       0.46      0.71      0.56       219

avg / total       0.53      0.54      0.48       831

[[205   0   1   0   0   2  48]
 [ 11   2   0   0   0   1  26]
 [ 63   0   3   0   0   0   6]
 [ 26   0   1   5   0   2  70]
 [  0   0   0   2   0   1   4]
 [ 27   0   0   3   0  77  26]
 [ 43   2   0   7   0  12 155]]

SVM linear
Classification_report:
             precision    recall  f1-score   support

          B       0.59      0.67      0.62       256
          C       0.27      0.30      0.29        40
          G       0.44      0.40      0.42        72
          M       0.29      0.32      0.30       104
          O       0.00      0.00      0.00         7
          P       0.67      0.59      0.63       133
          R       0.48      0.43      0.45       219

avg / total       0.50      0.50      0.50       831

[[171   8  29  15   0  10  23]
 [  8  12   0   1   0   2  17]
 [ 35   0  29   0   0   2   6]
 [ 22   3   3  33   0   6  37]
 [  1   1   0   1   0   1   3]
 [ 15   4   1  17   0  79  17]
 [ 40  16   4  47   0  18  94]]
