Reading  corpus/output366.json
SVM RBF
Classification_report:
             precision    recall  f1-score   support

          B       0.58      0.69      0.63        77
          C       1.00      0.05      0.10        20
          G       0.50      0.14      0.22        36
          M       0.80      0.09      0.16        45
          O       1.00      0.33      0.50         6
          P       0.80      0.62      0.70        65
          R       0.50      0.89      0.64       117

avg / total       0.64      0.57      0.52       366

[[ 53   0   4   0   0   3  17]
 [  1   1   0   0   0   0  18]
 [ 21   0   5   0   0   0  10]
 [  3   0   0   4   0   2  36]
 [  0   0   0   0   2   1   3]
 [  6   0   0   0   0  40  19]
 [  7   0   1   1   0   4 104]]

SVM linear
Classification_report:
             precision    recall  f1-score   support

          B       0.53      0.55      0.54        77
          C       0.29      0.35      0.32        20
          G       0.33      0.33      0.33        36
          M       0.34      0.33      0.34        45
          O       1.00      0.33      0.50         6
          P       0.64      0.57      0.60        65
          R       0.54      0.56      0.55       117

avg / total       0.50      0.49      0.50       366

[[42  2 17  2  0  6  8]
 [ 1  7  0  2  0  2  8]
 [15  2 12  0  0  2  5]
 [ 7  0  1 15  0  3 19]
 [ 0  0  0  0  2  1  3]
 [ 5  3  5  2  0 37 13]
 [10 10  1 23  0  7 66]]

Reading  corpus/output466.json
SVM RBF
Classification_report:
             precision    recall  f1-score   support

          B       0.55      0.86      0.67       179
          C       0.67      0.20      0.31        20
          G       0.00      0.00      0.00        36
          M       0.33      0.12      0.17        59
          O       0.00      0.00      0.00         1
          P       0.70      0.46      0.55        68
          R       0.37      0.42      0.39       102

avg / total       0.47      0.51      0.46       465

[[154   0   0   2   0   2  21]
 [  5   4   0   0   0   3   8]
 [ 34   0   0   0   0   0   2]
 [ 19   0   0   7   0   3  30]
 [  0   0   0   0   0   1   0]
 [ 21   1   0   3   0  31  12]
 [ 45   1   0   9   0   4  43]]

SVM linear
Classification_report:
             precision    recall  f1-score   support

          B       0.56      0.65      0.60       179
          C       0.25      0.10      0.14        20
          G       0.29      0.31      0.30        36
          M       0.26      0.27      0.27        59
          O       0.00      0.00      0.00         1
          P       0.61      0.49      0.54        68
          R       0.40      0.37      0.39       102

avg / total       0.46      0.47      0.46       465

[[117   1  21  12   0   6  22]
 [  5   2   1   3   0   3   6]
 [ 23   1  11   0   0   1   0]
 [ 18   2   1  16   0   5  17]
 [  0   0   0   0   0   0   1]
 [ 11   1   3   9   0  33  11]
 [ 35   1   1  21   0   6  38]]

Reading  corpus/output832.json
SVM RBF
Classification_report:
             precision    recall  f1-score   support

          B       0.54      0.79      0.64       256
          C       0.57      0.10      0.17        40
          G       1.00      0.03      0.05        72
          M       0.33      0.07      0.11       104
          O       0.00      0.00      0.00         7
          P       0.78      0.57      0.66       133
          R       0.43      0.66      0.52       219

avg / total       0.56      0.52      0.47       831

[[201   0   0   1   0   5  49]
 [  7   4   0   0   0   0  29]
 [ 63   0   2   0   0   0   7]
 [ 22   0   0   7   0   4  71]
 [  0   0   0   2   0   1   4]
 [ 24   0   0   3   0  76  30]
 [ 53   3   0   8   0  11 144]]

SVM linear
Classification_report:
             precision    recall  f1-score   support

          B       0.53      0.66      0.59       256
          C       0.26      0.30      0.28        40
          G       0.41      0.36      0.39        72
          M       0.28      0.26      0.27       104
          O       0.00      0.00      0.00         7
          P       0.64      0.57      0.61       133
          R       0.47      0.41      0.44       219

avg / total       0.47      0.48      0.47       831

[[168   8  29  18   0   9  24]
 [  7  12   0   2   0   4  15]
 [ 43   0  26   0   0   0   3]
 [ 28   1   3  27   0   8  37]
 [  2   1   0   1   0   1   2]
 [ 22   2   2   9   0  76  22]
 [ 45  22   3  39   0  20  90]]
