Reading  corpus/output366.json
SVM RBF
Classification_report:
             precision    recall  f1-score   support

          B       0.62      0.75      0.68        77
          C       0.00      0.00      0.00        20
          G       0.60      0.17      0.26        36
          M       0.67      0.13      0.22        45
          O       1.00      0.33      0.50         6
          P       0.78      0.60      0.68        65
          R       0.51      0.85      0.63       117

avg / total       0.59      0.58      0.53       366

[[ 58   0   2   0   0   3  14]
 [  0   0   0   0   0   0  20]
 [ 20   0   6   0   0   1   9]
 [  3   0   1   6   0   1  34]
 [  0   0   0   0   2   1   3]
 [  7   0   1   0   0  39  18]
 [  6   3   0   3   0   5 100]]

SVM linear
Classification_report:
             precision    recall  f1-score   support

          B       0.53      0.56      0.54        77
          C       0.24      0.25      0.24        20
          G       0.39      0.42      0.41        36
          M       0.35      0.36      0.35        45
          O       1.00      0.17      0.29         6
          P       0.61      0.66      0.63        65
          R       0.57      0.53      0.55       117

avg / total       0.51      0.51      0.50       366

[[43  1 16  2  0  7  8]
 [ 0  5  0  3  0  2 10]
 [13  2 15  0  0  2  4]
 [ 8  1  0 16  0  3 17]
 [ 0  0  1  0  1  3  1]
 [ 6  2  2  6  0 43  6]
 [11 10  4 19  0 11 62]]

Reading  corpus/output466.json
SVM RBF
Classification_report:
             precision    recall  f1-score   support

          B       0.59      0.87      0.70       179
          C       0.57      0.20      0.30        20
          G       0.00      0.00      0.00        36
          M       0.46      0.19      0.27        59
          O       0.00      0.00      0.00         1
          P       0.75      0.53      0.62        68
          R       0.40      0.48      0.44       102

avg / total       0.51      0.55      0.50       465

[[155   0   0   0   0   2  22]
 [  4   4   0   2   0   2   8]
 [ 32   0   0   0   0   0   4]
 [ 17   1   0  11   0   3  27]
 [  0   0   0   0   0   1   0]
 [ 17   0   0   2   0  36  13]
 [ 38   2   0   9   0   4  49]]

SVM linear
Classification_report:
             precision    recall  f1-score   support

          B       0.57      0.63      0.60       179
          C       0.33      0.10      0.15        20
          G       0.24      0.22      0.23        36
          M       0.33      0.36      0.34        59
          O       0.00      0.00      0.00         1
          P       0.69      0.59      0.63        68
          R       0.43      0.44      0.44       102

avg / total       0.49      0.49      0.49       465

[[113   0  24  16   0   4  22]
 [  2   2   1   2   0   3  10]
 [ 24   0   8   1   0   0   3]
 [ 17   3   0  21   0   2  16]
 [  0   0   0   0   0   1   0]
 [ 12   1   0   7   0  40   8]
 [ 31   0   1  17   0   8  45]]

Reading  corpus/output832.json
SVM RBF
Classification_report:
             precision    recall  f1-score   support

          B       0.57      0.76      0.65       256
          C       0.50      0.07      0.13        40
          G       0.58      0.10      0.17        72
          M       0.37      0.13      0.20       104
          O       0.00      0.00      0.00         7
          P       0.81      0.62      0.70       133
          R       0.45      0.68      0.54       219

avg / total       0.54      0.54      0.50       831

[[195   0   4   2   0   3  52]
 [  9   3   0   1   0   1  26]
 [ 55   0   7   1   0   0   9]
 [ 24   0   0  14   0   2  64]
 [  0   0   0   1   0   1   5]
 [ 22   0   1   2   0  82  26]
 [ 38   3   0  17   0  12 149]]

SVM linear
Classification_report:
             precision    recall  f1-score   support

          B       0.55      0.59      0.57       256
          C       0.18      0.23      0.20        40
          G       0.39      0.44      0.41        72
          M       0.29      0.37      0.33       104
          O       0.00      0.00      0.00         7
          P       0.64      0.61      0.62       133
          R       0.46      0.36      0.40       219

avg / total       0.47      0.47      0.47       831

[[150   8  41  17   0  14  26]
 [ 11   9   0   2   0   4  14]
 [ 32   2  32   2   0   1   3]
 [ 21   1   2  38   0   6  36]
 [  0   1   0   2   0   2   2]
 [ 18   3   2  17   0  81  12]
 [ 39  26   6  51   0  19  78]]
