Reading  corpus/output366.json
SVM RBF
Classification_report:
             precision    recall  f1-score   support

          B       0.52      0.56      0.54        77
          C       0.27      0.30      0.29        20
          G       0.47      0.42      0.44        36
          M       0.27      0.31      0.29        45
          O       1.00      0.50      0.67         6
          P       0.62      0.62      0.62        65
          R       0.54      0.51      0.52       117

avg / total       0.50      0.49      0.50       366

[[43  0 11  5  0  7 11]
 [ 2  6  0  2  0  3  7]
 [12  0 15  0  0  0  9]
 [ 7  2  0 14  0  4 18]
 [ 0  0  0  0  3  2  1]
 [ 8  2  3  6  0 40  6]
 [10 12  3 24  0  8 60]]

SVM linear
Classification_report:
             precision    recall  f1-score   support

          B       0.49      0.56      0.52        77
          C       0.25      0.30      0.27        20
          G       0.45      0.36      0.40        36
          M       0.26      0.29      0.27        45
          O       1.00      0.50      0.67         6
          P       0.62      0.57      0.59        65
          R       0.54      0.51      0.52       117

avg / total       0.49      0.48      0.48       366

[[43  2 11  6  0  6  9]
 [ 2  6  0  1  0  3  8]
 [16  0 13  0  0  0  7]
 [ 9  2  0 13  0  3 18]
 [ 0  0  0  0  3  2  1]
 [10  2  3  4  0 37  9]
 [ 8 12  2 26  0  9 60]]

Reading  corpus/output466.json
SVM RBF
Classification_report:
             precision    recall  f1-score   support

          B       0.57      0.63      0.60       179
          C       0.18      0.15      0.16        20
          G       0.28      0.19      0.23        36
          M       0.22      0.24      0.23        59
          O       0.00      0.00      0.00         1
          P       0.46      0.47      0.47        68
          R       0.32      0.29      0.31       102

avg / total       0.42      0.43      0.42       465

[[113   4  14  15   0  10  23]
 [  5   3   1   1   0   4   6]
 [ 24   1   7   1   0   0   3]
 [ 14   3   0  14   0   7  21]
 [  0   0   0   0   0   1   0]
 [ 17   2   2   5   0  32  10]
 [ 25   4   1  27   0  15  30]]

SVM linear
Classification_report:
             precision    recall  f1-score   support

          B       0.56      0.64      0.59       179
          C       0.24      0.20      0.22        20
          G       0.29      0.19      0.23        36
          M       0.19      0.20      0.20        59
          O       0.00      0.00      0.00         1
          P       0.44      0.46      0.45        68
          R       0.30      0.25      0.28       102

avg / total       0.40      0.42      0.41       465

[[114   4  14  17   0  10  20]
 [  4   4   1   1   0   4   6]
 [ 25   1   7   1   0   0   2]
 [ 15   1   0  12   0   9  22]
 [  0   0   0   0   0   1   0]
 [ 13   3   2   8   0  31  11]
 [ 34   4   0  23   0  15  26]]

Reading  corpus/output832.json
SVM RBF
Classification_report:
             precision    recall  f1-score   support

          B       0.51      0.59      0.55       256
          C       0.10      0.10      0.10        40
          G       0.32      0.29      0.30        72
          M       0.30      0.27      0.29       104
          O       0.40      0.29      0.33         7
          P       0.62      0.57      0.60       133
          R       0.45      0.42      0.44       219

avg / total       0.45      0.45      0.45       831

[[152  10  35  16   0  10  33]
 [ 12   4   2   1   0   7  14]
 [ 43   2  21   1   0   2   3]
 [ 21   5   2  28   0   8  40]
 [  0   0   0   0   2   2   3]
 [ 23   4   4   7   0  76  19]
 [ 49  16   2  39   3  17  93]]

SVM linear
Classification_report:
             precision    recall  f1-score   support

          B       0.51      0.58      0.54       256
          C       0.14      0.15      0.14        40
          G       0.28      0.26      0.27        72
          M       0.33      0.31      0.32       104
          O       0.20      0.14      0.17         7
          P       0.60      0.56      0.58       133
          R       0.50      0.46      0.48       219

avg / total       0.46      0.46      0.46       831

[[148  10  40  14   0  15  29]
 [  9   6   2   2   1   6  14]
 [ 43   1  19   1   0   3   5]
 [ 24   4   1  32   0   7  36]
 [  0   1   0   0   1   3   2]
 [ 24   3   5  11   1  74  15]
 [ 45  19   2  36   2  15 100]]

