Reading  corpus/output366.json
SVM RBF
Classification_report:
             precision    recall  f1-score   support

          B       0.58      0.62      0.60        77
          C       0.33      0.15      0.21        20
          G       0.38      0.22      0.28        36
          M       0.36      0.18      0.24        45
          O       1.00      0.17      0.29         6
          P       0.75      0.60      0.67        65
          R       0.49      0.74      0.59       117

avg / total       0.53      0.53      0.51       366

[[48  0 10  1  0  4 14]
 [ 0  3  0  0  0  1 16]
 [20  0  8  0  0  0  8]
 [ 3  0  1  8  0  1 32]
 [ 0  0  0  0  1  0  5]
 [ 5  1  2  2  0 39 16]
 [ 7  5  0 11  0  7 87]]

SVM linear
Classification_report:
             precision    recall  f1-score   support

          B       0.51      0.57      0.54        77
          C       0.27      0.30      0.29        20
          G       0.42      0.39      0.41        36
          M       0.33      0.31      0.32        45
          O       1.00      0.17      0.29         6
          P       0.69      0.68      0.68        65
          R       0.56      0.56      0.56       117

avg / total       0.52      0.51      0.51       366

[[44  2 13  6  0  6  6]
 [ 1  6  0  0  0  3 10]
 [16  0 14  0  0  0  6]
 [ 6  2  1 14  0  3 19]
 [ 0  1  0  0  1  1  3]
 [ 8  1  1  3  0 44  8]
 [11 10  4 20  0  7 65]]

Reading  corpus/output466.json
SVM RBF
Classification_report:
             precision    recall  f1-score   support

          B       0.61      0.83      0.70       179
          C       0.45      0.25      0.32        20
          G       0.60      0.17      0.26        36
          M       0.41      0.22      0.29        59
          O       0.00      0.00      0.00         1
          P       0.65      0.51      0.57        68
          R       0.44      0.49      0.46       102

avg / total       0.54      0.55      0.53       465

[[149   1   3   3   0   4  19]
 [  6   5   0   1   0   3   5]
 [ 27   0   6   0   0   0   3]
 [ 16   2   0  13   0   4  24]
 [  0   0   0   0   0   1   0]
 [ 18   0   0   2   0  35  13]
 [ 28   3   1  13   0   7  50]]

SVM linear
Classification_report:
             precision    recall  f1-score   support

          B       0.62      0.69      0.65       179
          C       0.31      0.20      0.24        20
          G       0.25      0.25      0.25        36
          M       0.34      0.31      0.32        59
          O       0.00      0.00      0.00         1
          P       0.58      0.53      0.55        68
          R       0.46      0.45      0.45       102

avg / total       0.50      0.51      0.50       465

[[124   2  23  10   0   7  13]
 [  4   4   1   1   0   2   8]
 [ 21   0   9   0   0   1   5]
 [ 15   4   0  18   0   4  18]
 [  0   0   0   0   0   1   0]
 [ 11   0   3   7   0  36  11]
 [ 25   3   0  17   0  11  46]]

Reading  corpus/output832.json
SVM RBF
Classification_report:
             precision    recall  f1-score   support

          B       0.57      0.75      0.65       256
          C       0.50      0.17      0.26        40
          G       0.40      0.11      0.17        72
          M       0.31      0.24      0.27       104
          O       0.00      0.00      0.00         7
          P       0.76      0.61      0.68       133
          R       0.45      0.56      0.50       219

avg / total       0.51      0.53      0.50       831

[[193   0  10  10   0   7  36]
 [ 10   7   0   1   0   1  21]
 [ 56   1   8   0   0   0   7]
 [ 17   0   1  25   0   4  57]
 [  0   1   0   1   0   1   4]
 [ 21   0   0   7   0  81  24]
 [ 42   5   1  36   0  12 123]]

SVM linear
Classification_report:
             precision    recall  f1-score   support

          B       0.58      0.63      0.60       256
          C       0.26      0.28      0.27        40
          G       0.42      0.38      0.39        72
          M       0.33      0.39      0.36       104
          O       0.00      0.00      0.00         7
          P       0.61      0.58      0.59       133
          R       0.45      0.40      0.43       219

avg / total       0.48      0.49      0.48       831

[[161   9  29  16   0  14  27]
 [ 11  11   1   0   0   3  14]
 [ 37   2  27   1   0   0   5]
 [ 12   3   3  41   0   7  38]
 [  0   0   0   1   0   5   1]
 [ 22   1   1  10   0  77  22]
 [ 35  17   4  55   0  20  88]]

