Reading  corpus/output366.json
SVM RBF
Classification_report:
             precision    recall  f1-score   support

          B       0.56      0.58      0.57        77
          C       0.40      0.20      0.27        20
          G       0.47      0.39      0.42        36
          M       0.24      0.20      0.22        45
          O       1.00      0.17      0.29         6
          P       0.71      0.72      0.72        65
          R       0.52      0.62      0.57       117

avg / total       0.52      0.53      0.52       366

[[45  0 12  3  0  5 12]
 [ 1  4  1  0  0  2 12]
 [17  0 14  1  0  0  4]
 [ 4  0  1  9  0  3 28]
 [ 0  0  0  0  1  3  2]
 [ 6  0  1  2  0 47  9]
 [ 8  6  1 23  0  6 73]]

SVM linear
Classification_report:
             precision    recall  f1-score   support

          B       0.52      0.56      0.54        77
          C       0.29      0.30      0.29        20
          G       0.45      0.36      0.40        36
          M       0.27      0.27      0.27        45
          O       1.00      0.17      0.29         6
          P       0.66      0.69      0.68        65
          R       0.53      0.55      0.54       117

avg / total       0.51      0.50      0.50       366

[[43  4 12  2  0  5 11]
 [ 2  6  0  2  0  2  8]
 [16  0 13  1  0  1  5]
 [ 6  0  0 12  0  6 21]
 [ 0  0  0  0  1  2  3]
 [ 9  0  1  2  0 45  8]
 [ 7 11  3 25  0  7 64]]

Reading  corpus/output466.json
SVM RBF
Classification_report:
             precision    recall  f1-score   support

          B       0.59      0.67      0.62       179
          C       0.33      0.25      0.29        20
          G       0.32      0.19      0.24        36
          M       0.32      0.32      0.32        59
          O       0.00      0.00      0.00         1
          P       0.53      0.51      0.52        68
          R       0.43      0.41      0.42       102

avg / total       0.48      0.49      0.48       465

[[120   3  12  12   0  14  18]
 [  5   5   1   0   0   4   5]
 [ 27   1   7   1   0   0   0]
 [ 13   3   0  19   0   4  20]
 [  0   0   0   0   0   0   1]
 [ 13   0   1   7   0  35  12]
 [ 27   3   1  20   0   9  42]]

SVM linear
Classification_report:
             precision    recall  f1-score   support

          B       0.57      0.61      0.59       179
          C       0.18      0.10      0.13        20
          G       0.30      0.28      0.29        36
          M       0.31      0.32      0.31        59
          O       0.00      0.00      0.00         1
          P       0.52      0.50      0.51        68
          R       0.41      0.40      0.41       102

avg / total       0.45      0.46      0.46       465

[[110   3  20  13   0  14  19]
 [  4   2   1   1   0   4   8]
 [ 25   1  10   0   0   0   0]
 [ 13   3   0  19   0   5  19]
 [  0   0   0   0   0   0   1]
 [ 13   0   1   8   0  34  12]
 [ 28   2   1  21   0   9  41]]

Reading  corpus/output832.json
SVM RBF
Classification_report:
             precision    recall  f1-score   support

          B       0.55      0.64      0.59       256
          C       0.39      0.23      0.29        40
          G       0.32      0.21      0.25        72
          M       0.31      0.29      0.30       104
          O       0.00      0.00      0.00         7
          P       0.64      0.62      0.63       133
          R       0.45      0.48      0.46       219

avg / total       0.47      0.49      0.48       831

[[163   2  26  11   0  17  37]
 [  9   9   0   0   0   5  17]
 [ 51   2  15   0   0   0   4]
 [ 14   2   2  30   0   7  49]
 [  0   2   0   0   0   3   2]
 [ 22   0   2   5   0  82  22]
 [ 38   6   2  51   1  15 106]]

SVM linear
Classification_report:
             precision    recall  f1-score   support

          B       0.57      0.64      0.60       256
          C       0.22      0.17      0.19        40
          G       0.39      0.36      0.38        72
          M       0.32      0.37      0.34       104
          O       0.50      0.14      0.22         7
          P       0.60      0.59      0.59       133
          R       0.44      0.39      0.41       219

avg / total       0.47      0.48      0.47       831

[[163   3  32  12   0  17  29]
 [ 11   7   0   0   0   6  16]
 [ 41   2  26   0   0   0   3]
 [ 14   5   1  38   0   9  37]
 [  0   2   0   0   1   1   3]
 [ 17   1   3  12   0  78  22]
 [ 40  12   4  57   1  20  85]]

