Reading  corpus/output366.json
SVM RBF
Classification_report:
             precision    recall  f1-score   support

          B       0.56      0.64      0.59        77
          C       0.00      0.00      0.00        20
          G       0.33      0.17      0.22        36
          M       0.55      0.13      0.21        45
          O       1.00      0.33      0.50         6
          P       0.75      0.62      0.68        65
          R       0.50      0.83      0.62       117

avg / total       0.53      0.55      0.50       366

[[49  0  7  1  0  3 17]
 [ 1  0  0  1  0  0 18]
 [21  0  6  0  0  0  9]
 [ 4  0  1  6  0  2 32]
 [ 0  0  0  0  2  1  3]
 [ 4  0  3  0  0 40 18]
 [ 9  0  1  3  0  7 97]]

SVM linear
Classification_report:
             precision    recall  f1-score   support

          B       0.49      0.56      0.52        77
          C       0.29      0.25      0.27        20
          G       0.34      0.33      0.34        36
          M       0.24      0.27      0.25        45
          O       1.00      0.17      0.29         6
          P       0.64      0.60      0.62        65
          R       0.48      0.47      0.48       117

avg / total       0.47      0.46      0.46       366

[[43  3 17  4  0  1  9]
 [ 2  5  0  1  0  3  9]
 [16  0 12  0  0  0  8]
 [ 6  0  1 12  0  5 21]
 [ 0  0  0  1  1  2  2]
 [10  0  3  3  0 39 10]
 [10  9  2 30  0 11 55]]

Reading  corpus/output466.json
SVM RBF
Classification_report:
             precision    recall  f1-score   support

          B       0.57      0.83      0.68       179
          C       0.44      0.20      0.28        20
          G       0.00      0.00      0.00        36
          M       0.32      0.15      0.21        59
          O       0.00      0.00      0.00         1
          P       0.59      0.44      0.50        68
          R       0.37      0.42      0.39       102

avg / total       0.45      0.51      0.46       465

[[149   1   0   2   0   4  23]
 [  7   4   0   0   0   3   6]
 [ 33   0   0   1   0   1   1]
 [ 15   2   0   9   0   4  29]
 [  0   0   0   0   0   1   0]
 [ 20   1   0   3   0  30  14]
 [ 37   1   0  13   0   8  43]]

SVM linear
Classification_report:
             precision    recall  f1-score   support

          B       0.59      0.70      0.64       179
          C       0.33      0.10      0.15        20
          G       0.25      0.22      0.24        36
          M       0.34      0.37      0.36        59
          O       0.00      0.00      0.00         1
          P       0.67      0.63      0.65        68
          R       0.39      0.32      0.35       102

avg / total       0.49      0.50      0.49       465

[[126   0  16  10   0   5  22]
 [  5   2   1   1   0   3   8]
 [ 23   0   8   1   0   1   3]
 [ 14   2   3  22   0   4  14]
 [  0   0   0   0   0   0   1]
 [ 11   0   1   9   0  43   4]
 [ 35   2   3  21   0   8  33]]

Reading  corpus/output832.json
SVM RBF
Classification_report:
             precision    recall  f1-score   support

          B       0.57      0.79      0.66       256
          C       0.71      0.12      0.21        40
          G       0.88      0.10      0.18        72
          M       0.40      0.12      0.18       104
          O       0.00      0.00      0.00         7
          P       0.72      0.56      0.63       133
          R       0.45      0.67      0.53       219

avg / total       0.57      0.54      0.49       831

[[201   0   1   3   0   6  45]
 [ 10   5   0   0   0   2  23]
 [ 55   0   7   0   0   0  10]
 [ 23   0   0  12   0   4  65]
 [  0   0   0   0   0   4   3]
 [ 20   0   0   3   0  75  35]
 [ 46   2   0  12   0  13 146]]

SVM linear
Classification_report:
             precision    recall  f1-score   support

          B       0.55      0.66      0.60       256
          C       0.21      0.25      0.23        40
          G       0.43      0.35      0.38        72
          M       0.34      0.38      0.36       104
          O       0.00      0.00      0.00         7
          P       0.64      0.61      0.63       133
          R       0.48      0.39      0.43       219

avg / total       0.49      0.49      0.49       831

[[170   7  25  18   0   9  27]
 [  9  10   0   2   0   3  16]
 [ 40   2  25   1   0   1   3]
 [ 23   1   3  39   0  11  27]
 [  1   0   0   0   0   4   2]
 [ 18   5   2  10   0  81  17]
 [ 46  22   3  45   0  17  86]]

