Reading  corpus/output366.json
SVM RBF
Classification_report:
             precision    recall  f1-score   support

          B       0.55      0.53      0.54        77
          C       0.35      0.30      0.32        20
          G       0.44      0.42      0.43        36
          M       0.30      0.29      0.30        45
          O       1.00      0.17      0.29         6
          P       0.69      0.72      0.71        65
          R       0.53      0.59      0.56       117

avg / total       0.53      0.52      0.52       366

[[41  1 14  5  0  3 13]
 [ 2  6  1  1  0  2  8]
 [14  0 15  1  0  1  5]
 [ 3  0  1 13  0  4 24]
 [ 0  0  0  0  1  3  2]
 [ 5  2  2  1  0 47  8]
 [ 9  8  1 22  0  8 69]]

SVM linear
Classification_report:
             precision    recall  f1-score   support

          B       0.55      0.53      0.54        77
          C       0.30      0.30      0.30        20
          G       0.42      0.39      0.41        36
          M       0.32      0.33      0.33        45
          O       1.00      0.17      0.29         6
          P       0.72      0.74      0.73        65
          R       0.54      0.56      0.55       117

avg / total       0.53      0.52      0.52       366

[[41  2 14  5  0  3 12]
 [ 1  6  2  2  0  2  7]
 [15  0 14  1  0  0  6]
 [ 5  0  1 15  0  2 22]
 [ 0  0  0  0  1  4  1]
 [ 4  2  1  1  0 48  9]
 [ 9 10  1 23  0  8 66]]

Reading  corpus/output466.json
SVM RBF
Classification_report:
             precision    recall  f1-score   support

          B       0.59      0.70      0.64       179
          C       0.36      0.25      0.29        20
          G       0.35      0.19      0.25        36
          M       0.32      0.31      0.31        59
          O       0.00      0.00      0.00         1
          P       0.56      0.51      0.53        68
          R       0.44      0.43      0.44       102

avg / total       0.49      0.51      0.49       465

[[126   2  13  11   0  11  16]
 [  6   5   0   2   0   2   5]
 [ 26   1   7   0   0   0   2]
 [ 14   2   0  18   0   5  20]
 [  0   0   0   0   0   0   1]
 [ 16   0   0   5   0  35  12]
 [ 24   4   0  20   0  10  44]]

SVM linear
Classification_report:
             precision    recall  f1-score   support

          B       0.60      0.68      0.64       179
          C       0.15      0.10      0.12        20
          G       0.42      0.28      0.33        36
          M       0.37      0.32      0.34        59
          O       0.00      0.00      0.00         1
          P       0.58      0.57      0.58        68
          R       0.43      0.45      0.44       102

avg / total       0.50      0.51      0.50       465

[[122   2  13   9   0  12  21]
 [  6   2   0   2   0   2   8]
 [ 23   1  10   0   0   0   2]
 [ 15   4   0  19   0   4  17]
 [  0   0   0   0   0   0   1]
 [ 11   0   1   6   0  39  11]
 [ 26   4   0  16   0  10  46]]

Reading  corpus/output832.json
SVM RBF
Classification_report:
             precision    recall  f1-score   support

          B       0.57      0.67      0.62       256
          C       0.29      0.17      0.22        40
          G       0.38      0.28      0.32        72
          M       0.36      0.35      0.35       104
          O       0.00      0.00      0.00         7
          P       0.65      0.62      0.63       133
          R       0.46      0.48      0.47       219

avg / total       0.49      0.51      0.50       831

[[171   4  26  12   0  13  30]
 [ 11   7   0   2   0   5  15]
 [ 43   3  20   2   0   0   4]
 [ 18   2   2  36   0   4  42]
 [  0   1   0   0   0   4   2]
 [ 14   0   1   7   0  82  29]
 [ 43   7   3  40   1  19 106]]

SVM linear
Classification_report:
             precision    recall  f1-score   support

          B       0.56      0.62      0.59       256
          C       0.30      0.20      0.24        40
          G       0.38      0.33      0.35        72
          M       0.35      0.33      0.34       104
          O       0.00      0.00      0.00         7
          P       0.67      0.66      0.67       133
          R       0.45      0.47      0.46       219

avg / total       0.49      0.50      0.49       831

[[160   3  34   9   0  14  36]
 [ 10   8   0   2   0   3  17]
 [ 41   2  24   1   0   0   4]
 [ 20   3   2  34   0   5  40]
 [  0   2   0   0   0   3   2]
 [ 13   2   1   5   0  88  24]
 [ 42   7   3  46   1  18 102]]

