Reading  corpus/output366.json
SVM RBF
Classification_report:
             precision    recall  f1-score   support

          B       0.57      0.66      0.61        77
          C       0.00      0.00      0.00        20
          G       0.46      0.31      0.37        36
          M       0.50      0.24      0.33        45
          O       1.00      0.33      0.50         6
          P       0.68      0.58      0.63        65
          R       0.52      0.76      0.62       117

avg / total       0.53      0.55      0.52       366

[[51  0  9  1  0  5 11]
 [ 3  0  0  0  0  0 17]
 [18  0 11  0  0  0  7]
 [ 4  0  0 11  0  2 28]
 [ 0  0  0  0  2  1  3]
 [ 8  0  3  0  0 38 16]
 [ 6  1  1 10  0 10 89]]

SVM linear
Classification_report:
             precision    recall  f1-score   support

          B       0.50      0.60      0.54        77
          C       0.20      0.20      0.20        20
          G       0.41      0.36      0.38        36
          M       0.31      0.33      0.32        45
          O       1.00      0.33      0.50         6
          P       0.68      0.60      0.64        65
          R       0.52      0.50      0.51       117

avg / total       0.50      0.49      0.49       366

[[46  3 13  5  0  4  6]
 [ 2  4  0  3  0  1 10]
 [17  0 13  1  0  0  5]
 [ 6  1  0 15  0  3 20]
 [ 0  0  0  0  2  1  3]
 [ 7  0  4  4  0 39 11]
 [14 12  2 21  0  9 59]]

Reading  corpus/output466.json
SVM RBF
Classification_report:
             precision    recall  f1-score   support

          B       0.57      0.80      0.67       179
          C       0.75      0.30      0.43        20
          G       1.00      0.03      0.05        36
          M       0.38      0.27      0.32        59
          O       0.00      0.00      0.00         1
          P       0.57      0.43      0.49        68
          R       0.38      0.41      0.39       102

avg / total       0.54      0.51      0.48       465

[[144   1   0   5   0   4  25]
 [  6   6   0   0   0   3   5]
 [ 32   0   1   1   0   1   1]
 [ 13   1   0  16   0   5  24]
 [  0   0   0   0   0   1   0]
 [ 21   0   0   4   0  29  14]
 [ 36   0   0  16   0   8  42]]

SVM linear
Classification_report:
             precision    recall  f1-score   support

          B       0.57      0.70      0.63       179
          C       0.27      0.15      0.19        20
          G       0.27      0.25      0.26        36
          M       0.29      0.31      0.30        59
          O       0.00      0.00      0.00         1
          P       0.60      0.50      0.54        68
          R       0.39      0.31      0.35       102

avg / total       0.46      0.48      0.46       465

[[125   3  17  10   0   6  18]
 [  6   3   1   0   0   3   7]
 [ 20   1   9   2   0   2   2]
 [ 20   2   2  18   0   3  14]
 [  0   0   0   0   0   1   0]
 [ 14   1   1   8   0  34  10]
 [ 34   1   3  24   0   8  32]]

Reading  corpus/output832.json
SVM RBF
Classification_report:
             precision    recall  f1-score   support

          B       0.58      0.75      0.66       256
          C       0.60      0.15      0.24        40
          G       0.59      0.14      0.22        72
          M       0.33      0.16      0.22       104
          O       0.00      0.00      0.00         7
          P       0.71      0.60      0.65       133
          R       0.45      0.63      0.52       219

avg / total       0.53      0.53      0.50       831

[[193   0   4   7   0   8  44]
 [ 10   6   0   0   0   1  23]
 [ 50   1  10   0   0   1  10]
 [ 17   0   1  17   0   6  63]
 [  0   0   0   1   0   2   4]
 [ 19   0   2   6   0  80  26]
 [ 42   3   0  20   1  15 138]]

SVM linear
Classification_report:
             precision    recall  f1-score   support

          B       0.58      0.64      0.61       256
          C       0.21      0.28      0.24        40
          G       0.42      0.38      0.40        72
          M       0.27      0.34      0.30       104
          O       0.00      0.00      0.00         7
          P       0.62      0.55      0.58       133
          R       0.48      0.40      0.44       219

avg / total       0.49      0.48      0.48       831

[[165   8  27  20   0   8  28]
 [  9  11   0   2   0   1  17]
 [ 36   7  27   1   0   1   0]
 [ 18   4   4  35   0   8  35]
 [  0   1   0   0   0   5   1]
 [ 23   3   3  17   0  73  14]
 [ 35  18   3  54   0  21  88]]

