Reading  corpus/output366.json
SVM RBF
Classification_report:
             precision    recall  f1-score   support

          B       0.51      0.57      0.54        77
          C       0.44      0.20      0.28        20
          G       0.42      0.31      0.35        36
          M       0.30      0.22      0.26        45
          O       1.00      0.17      0.29         6
          P       0.72      0.68      0.70        65
          R       0.52      0.67      0.58       117

avg / total       0.52      0.52      0.51       366

[[44  0 12  2  0  5 14]
 [ 2  4  0  1  0  2 11]
 [19  0 11  0  0  0  6]
 [ 6  0  1 10  0  2 26]
 [ 0  0  0  0  1  2  3]
 [ 5  0  2  2  0 44 12]
 [10  5  0 18  0  6 78]]

SVM linear
Classification_report:
             precision    recall  f1-score   support

          B       0.53      0.60      0.56        77
          C       0.32      0.35      0.33        20
          G       0.46      0.36      0.41        36
          M       0.31      0.36      0.33        45
          O       1.00      0.33      0.50         6
          P       0.72      0.68      0.70        65
          R       0.56      0.56      0.56       117

avg / total       0.54      0.53      0.53       366

[[46  3 12  4  0  5  7]
 [ 2  7  0  1  0  2  8]
 [18  0 13  0  0  0  5]
 [ 5  1  1 16  0  2 20]
 [ 0  0  0  0  2  1  3]
 [ 5  3  2  3  0 44  8]
 [10  8  0 27  0  7 65]]

Reading  corpus/output466.json
SVM RBF
Classification_report:
             precision    recall  f1-score   support

          B       0.59      0.71      0.64       179
          C       0.27      0.15      0.19        20
          G       0.33      0.17      0.22        36
          M       0.25      0.25      0.25        59
          O       0.00      0.00      0.00         1
          P       0.62      0.56      0.59        68
          R       0.41      0.40      0.41       102

avg / total       0.48      0.49      0.48       465

[[127   2  10  15   0   7  18]
 [  4   3   1   1   0   2   9]
 [ 26   1   6   2   0   0   1]
 [ 16   3   0  15   0   5  20]
 [  0   0   0   0   0   0   1]
 [ 13   0   1   6   0  38  10]
 [ 29   2   0  21   0   9  41]]

SVM linear
Classification_report:
             precision    recall  f1-score   support

          B       0.60      0.64      0.62       179
          C       0.17      0.10      0.12        20
          G       0.29      0.25      0.27        36
          M       0.31      0.37      0.34        59
          O       0.00      0.00      0.00         1
          P       0.62      0.62      0.62        68
          R       0.43      0.39      0.41       102

avg / total       0.48      0.49      0.49       465

[[114   3  20  16   0   6  20]
 [  4   2   1   2   0   2   9]
 [ 24   1   9   2   0   0   0]
 [ 14   4   0  22   0   6  13]
 [  0   0   0   0   0   0   1]
 [ 11   0   0   6   0  42   9]
 [ 24   2   1  23   0  12  40]]

Reading  corpus/output832.json
SVM RBF
Classification_report:
             precision    recall  f1-score   support

          B       0.56      0.68      0.62       256
          C       0.47      0.20      0.28        40
          G       0.41      0.25      0.31        72
          M       0.31      0.23      0.26       104
          O       0.50      0.14      0.22         7
          P       0.71      0.65      0.68       133
          R       0.45      0.53      0.49       219

avg / total       0.51      0.52      0.50       831

[[175   0  22  12   0   6  41]
 [  8   8   1   2   0   5  16]
 [ 46   0  18   0   0   0   8]
 [ 19   1   1  24   0   6  53]
 [  0   1   0   0   1   1   4]
 [ 20   1   1   5   0  87  19]
 [ 42   6   1  35   1  18 116]]

SVM linear
Classification_report:
             precision    recall  f1-score   support

          B       0.54      0.59      0.57       256
          C       0.24      0.20      0.22        40
          G       0.36      0.33      0.35        72
          M       0.31      0.33      0.32       104
          O       0.50      0.14      0.22         7
          P       0.63      0.59      0.61       133
          R       0.42      0.41      0.41       219

avg / total       0.46      0.46      0.46       831

[[152   3  37  15   0  10  39]
 [ 11   8   0   1   0   4  16]
 [ 40   2  24   1   0   0   5]
 [ 19   5   1  34   0   6  39]
 [  0   1   0   0   1   2   3]
 [ 18   0   4  12   0  78  21]
 [ 42  14   1  48   1  24  89]]

