Reading  corpus/output366.json
SVM RBF
Classification_report:
             precision    recall  f1-score   support

          B       0.57      0.69      0.62        77
          C       0.18      0.10      0.13        20
          G       0.54      0.36      0.43        36
          M       0.34      0.24      0.29        45
          O       1.00      0.33      0.50         6
          P       0.73      0.57      0.64        65
          R       0.48      0.63      0.55       117

avg / total       0.53      0.52      0.51       366

[[53  0  8  0  0  5 11]
 [ 2  2  0  0  0  2 14]
 [15  0 13  0  0  0  8]
 [ 4  0  0 11  0  1 29]
 [ 0  1  0  0  2  0  3]
 [ 7  1  2  4  0 37 14]
 [12  7  1 17  0  6 74]]

SVM linear
Classification_report:
             precision    recall  f1-score   support

          B       0.53      0.60      0.56        77
          C       0.22      0.25      0.23        20
          G       0.45      0.39      0.42        36
          M       0.32      0.40      0.36        45
          O       1.00      0.17      0.29         6
          P       0.67      0.62      0.64        65
          R       0.52      0.48      0.50       117

avg / total       0.51      0.49      0.49       366

[[46  3 11  4  0  5  8]
 [ 1  5  0  1  0  4  9]
 [14  2 14  2  0  0  4]
 [ 6  0  0 18  0  2 19]
 [ 0  0  0  0  1  1  4]
 [ 6  1  4  6  0 40  8]
 [14 12  2 25  0  8 56]]

Reading  corpus/output466.json
SVM RBF
Classification_report:
             precision    recall  f1-score   support

          B       0.60      0.75      0.67       179
          C       0.36      0.25      0.29        20
          G       0.25      0.11      0.15        36
          M       0.33      0.27      0.30        59
          O       0.00      0.00      0.00         1
          P       0.50      0.38      0.43        68
          R       0.40      0.43      0.42       102

avg / total       0.47      0.49      0.47       465

[[135   3   8   9   0   6  18]
 [  5   5   1   1   0   5   3]
 [ 27   1   4   1   0   1   2]
 [ 12   2   1  16   0   4  24]
 [  0   0   0   0   0   1   0]
 [ 20   1   1   2   0  26  18]
 [ 27   2   1  19   0   9  44]]

SVM linear
Classification_report:
             precision    recall  f1-score   support

          B       0.64      0.68      0.66       179
          C       0.27      0.15      0.19        20
          G       0.29      0.28      0.28        36
          M       0.33      0.37      0.35        59
          O       0.00      0.00      0.00         1
          P       0.56      0.53      0.55        68
          R       0.42      0.41      0.42       102

avg / total       0.50      0.50      0.50       465

[[121   3  18  15   0   9  13]
 [  5   3   1   2   0   2   7]
 [ 17   1  10   1   0   2   5]
 [  9   2   2  22   0   4  20]
 [  0   0   0   0   0   1   0]
 [ 12   1   2   4   0  36  13]
 [ 25   1   2  22   0  10  42]]

Reading  corpus/output832.json
SVM RBF
Classification_report:
             precision    recall  f1-score   support

          B       0.57      0.72      0.64       256
          C       0.41      0.17      0.25        40
          G       0.39      0.17      0.23        72
          M       0.26      0.17      0.21       104
          O       0.50      0.14      0.22         7
          P       0.66      0.56      0.61       133
          R       0.45      0.56      0.50       219

avg / total       0.49      0.51      0.48       831

[[185   1  13   9   0  14  34]
 [ 11   7   0   1   0   2  19]
 [ 52   2  12   0   0   0   6]
 [ 20   0   1  18   0   4  61]
 [  0   1   0   0   1   3   2]
 [ 19   1   2   9   0  75  27]
 [ 39   5   3  33   1  16 122]]

SVM linear
Classification_report:
             precision    recall  f1-score   support

          B       0.58      0.62      0.60       256
          C       0.21      0.20      0.20        40
          G       0.36      0.38      0.36        72
          M       0.30      0.36      0.32       104
          O       0.50      0.14      0.22         7
          P       0.61      0.62      0.62       133
          R       0.46      0.37      0.41       219

avg / total       0.48      0.48      0.48       831

[[159   3  36  18   0  14  26]
 [ 10   8   0   2   0   2  18]
 [ 37   3  27   1   0   0   4]
 [ 18   4   3  37   0   8  34]
 [  1   0   0   1   1   3   1]
 [ 14   3   4  15   0  83  14]
 [ 36  18   6  51   1  25  82]]

