Reading  corpus/output366.json
SVM RBF
Classification_report:
             precision    recall  f1-score   support

          B       0.54      0.57      0.56        77
          C       0.32      0.30      0.31        20
          G       0.50      0.42      0.45        36
          M       0.20      0.20      0.20        45
          O       1.00      0.33      0.50         6
          P       0.60      0.65      0.62        65
          R       0.52      0.53      0.52       117

avg / total       0.49      0.49      0.49       366

[[44  0  9  5  0  9 10]
 [ 1  6  0  2  0  4  7]
 [11  0 15  0  0  0 10]
 [ 5  3  1  9  0  3 24]
 [ 0  0  0  0  2  3  1]
 [ 8  2  3  4  0 42  6]
 [12  8  2 24  0  9 62]]

SVM linear
Classification_report:
             precision    recall  f1-score   support

          B       0.51      0.60      0.55        77
          C       0.28      0.35      0.31        20
          G       0.48      0.39      0.43        36
          M       0.23      0.27      0.25        45
          O       1.00      0.50      0.67         6
          P       0.63      0.62      0.62        65
          R       0.51      0.45      0.48       117

avg / total       0.49      0.48      0.48       366

[[46  2  9  5  0  7  8]
 [ 2  7  0  1  0  3  7]
 [15  0 14  0  0  0  7]
 [ 6  2  1 12  0  3 21]
 [ 0  0  0  0  3  2  1]
 [ 9  2  3  4  0 40  7]
 [12 12  2 30  0  8 53]]

Reading  corpus/output466.json
SVM RBF
Classification_report:
             precision    recall  f1-score   support

          B       0.60      0.66      0.63       179
          C       0.25      0.20      0.22        20
          G       0.31      0.22      0.26        36
          M       0.22      0.22      0.22        59
          O       0.00      0.00      0.00         1
          P       0.51      0.51      0.51        68
          R       0.37      0.35      0.36       102

avg / total       0.45      0.46      0.45       465

[[118   4  14  14   0   9  20]
 [  5   4   1   1   0   3   6]
 [ 22   1   8   1   0   0   4]
 [ 15   3   0  13   0   7  21]
 [  0   0   0   0   0   0   1]
 [ 14   0   2   7   0  35  10]
 [ 23   4   1  24   0  14  36]]

SVM linear
Classification_report:
             precision    recall  f1-score   support

          B       0.56      0.60      0.58       179
          C       0.22      0.20      0.21        20
          G       0.30      0.22      0.25        36
          M       0.25      0.31      0.27        59
          O       0.00      0.00      0.00         1
          P       0.44      0.47      0.46        68
          R       0.35      0.28      0.31       102

avg / total       0.42      0.43      0.42       465

[[108   5  16  18   0  13  19]
 [  4   4   1   1   0   4   6]
 [ 24   1   8   1   0   0   2]
 [ 15   1   0  18   0   7  18]
 [  0   0   0   0   0   0   1]
 [ 13   2   2  10   0  32   9]
 [ 28   5   0  24   0  16  29]]

Reading  corpus/output832.json
SVM RBF
Classification_report:
             precision    recall  f1-score   support

          B       0.53      0.61      0.57       256
          C       0.18      0.17      0.18        40
          G       0.33      0.28      0.30        72
          M       0.29      0.29      0.29       104
          O       0.25      0.14      0.18         7
          P       0.64      0.59      0.61       133
          R       0.48      0.45      0.46       219

avg / total       0.47      0.47      0.47       831

[[157   8  34  20   0   6  31]
 [  9   7   1   3   0   7  13]
 [ 43   2  20   1   0   1   5]
 [ 22   4   1  30   0   9  38]
 [  0   1   0   0   1   2   3]
 [ 24   2   3   9   0  78  17]
 [ 44  14   2  40   3  18  98]]

SVM linear
Classification_report:
             precision    recall  f1-score   support

          B       0.54      0.61      0.57       256
          C       0.20      0.23      0.21        40
          G       0.33      0.29      0.31        72
          M       0.34      0.32      0.33       104
          O       0.17      0.14      0.15         7
          P       0.64      0.61      0.63       133
          R       0.49      0.45      0.47       219

avg / total       0.48      0.48      0.48       831

[[157   7  33  17   0  10  32]
 [  8   9   1   3   1   5  13]
 [ 39   3  21   1   0   1   7]
 [ 22   4   2  33   0   8  35]
 [  0   1   0   0   1   3   2]
 [ 22   3   4   6   2  81  15]
 [ 43  17   3  38   2  18  98]]

