WE(SOMA)
NB Bernoulli
Classification_report:
             precision    recall  f1-score   support

          B       0.41      0.34      0.37        77
          C       0.12      0.10      0.11        20
          G       0.32      0.42      0.36        36
          M       0.30      0.38      0.33        45
          O       0.00      0.00      0.00         6
          P       0.46      0.51      0.49        65
          R       0.46      0.42      0.44       117

avg / total       0.39      0.39      0.39       366

[[26  4 17  5  0  9 16]
 [ 4  2  1  1  0  3  9]
 [ 9  1 15  0  0  4  7]
 [ 4  0  3 17  2  5 14]
 [ 0  1  1  0  0  1  3]
 [ 3  4  4 11  2 33  8]
 [17  4  6 23  2 16 49]]

WE(MEDIA)
NB Bernoulli
Classification_report:
             precision    recall  f1-score   support

          B       0.41      0.34      0.37        77
          C       0.12      0.10      0.11        20
          G       0.32      0.42      0.36        36
          M       0.30      0.38      0.33        45
          O       0.00      0.00      0.00         6
          P       0.46      0.51      0.49        65
          R       0.46      0.42      0.44       117

avg / total       0.39      0.39      0.39       366

[[26  4 17  5  0  9 16]
 [ 4  2  1  1  0  3  9]
 [ 9  1 15  0  0  4  7]
 [ 4  0  3 17  2  5 14]
 [ 0  1  1  0  0  1  3]
 [ 3  4  4 11  2 33  8]
 [17  4  6 23  2 16 49]]

WE(SOMA)
NB Bernoulli
Classification_report:
             precision    recall  f1-score   support

          B       0.52      0.45      0.48       179
          C       0.05      0.05      0.05        20
          G       0.21      0.22      0.21        36
          M       0.29      0.41      0.34        59
          O       0.00      0.00      0.00         1
          P       0.38      0.56      0.45        68
          R       0.29      0.20      0.23       102

avg / total       0.37      0.37      0.36       465

[[80  7 21 24  0 24 23]
 [ 9  1  1  2  0  6  1]
 [17  1  8  4  0  2  4]
 [ 9  2  3 24  0  8 13]
 [ 0  0  0  0  0  0  1]
 [12  3  0  8  0 38  7]
 [26  5  6 22  0 23 20]]

WE(MEDIA)
NB Bernoulli
Classification_report:
             precision    recall  f1-score   support

          B       0.52      0.45      0.48       179
          C       0.05      0.05      0.05        20
          G       0.21      0.22      0.21        36
          M       0.29      0.41      0.34        59
          O       0.00      0.00      0.00         1
          P       0.38      0.56      0.45        68
          R       0.29      0.20      0.23       102

avg / total       0.37      0.37      0.36       465

[[80  7 21 24  0 24 23]
 [ 9  1  1  2  0  6  1]
 [17  1  8  4  0  2  4]
 [ 9  2  3 24  0  8 13]
 [ 0  0  0  0  0  0  1]
 [12  3  0  8  0 38  7]
 [26  5  6 22  0 23 20]]

WE(SOMA)
NB Bernoulli
Classification_report:
             precision    recall  f1-score   support

          B       0.52      0.47      0.49       256
          C       0.15      0.17      0.16        40
          G       0.30      0.39      0.34        72
          M       0.29      0.28      0.28       104
          O       0.14      0.14      0.14         7
          P       0.42      0.60      0.50       133
          R       0.39      0.28      0.32       219

avg / total       0.40      0.39      0.39       831

[[120  14  41  23   1  24  33]
 [  8   7   4   4   0  11   6]
 [ 28   4  28   0   0   5   7]
 [ 16   4   2  29   1  19  33]
 [  0   1   0   0   1   2   3]
 [ 16   5   8   8   1  80  15]
 [ 45  13  11  37   3  49  61]]

WE(MEDIA)
NB Bernoulli
Classification_report:
             precision    recall  f1-score   support

          B       0.52      0.47      0.49       256
          C       0.15      0.17      0.16        40
          G       0.30      0.39      0.34        72
          M       0.29      0.28      0.28       104
          O       0.14      0.14      0.14         7
          P       0.42      0.60      0.50       133
          R       0.39      0.28      0.32       219

avg / total       0.40      0.39      0.39       831

[[120  14  41  23   1  24  33]
 [  8   7   4   4   0  11   6]
 [ 28   4  28   0   0   5   7]
 [ 16   4   2  29   1  19  33]
 [  0   1   0   0   1   2   3]
 [ 16   5   8   8   1  80  15]
 [ 45  13  11  37   3  49  61]]
