WE(SOMA)
NB Bernoulli
Classification_report:
             precision    recall  f1-score   support

          B       0.41      0.36      0.38        77
          C       0.08      0.05      0.06        20
          G       0.32      0.36      0.34        36
          M       0.31      0.40      0.35        45
          O       0.25      0.17      0.20         6
          P       0.49      0.55      0.52        65
          R       0.49      0.44      0.46       117

avg / total       0.40      0.41      0.40       366

[[28  3 14 10  0  8 14]
 [ 5  1  1  1  0  4  8]
 [12  3 13  0  0  2  6]
 [ 3  0  2 18  0  6 16]
 [ 0  0  0  0  1  3  2]
 [ 5  1  6  7  1 36  9]
 [16  4  5 23  2 15 52]]

WE(MEDIA)
NB Bernoulli
Classification_report:
             precision    recall  f1-score   support

          B       0.41      0.36      0.38        77
          C       0.08      0.05      0.06        20
          G       0.32      0.36      0.34        36
          M       0.31      0.40      0.35        45
          O       0.25      0.17      0.20         6
          P       0.49      0.55      0.52        65
          R       0.49      0.44      0.46       117

avg / total       0.40      0.41      0.40       366

[[28  3 14 10  0  8 14]
 [ 5  1  1  1  0  4  8]
 [12  3 13  0  0  2  6]
 [ 3  0  2 18  0  6 16]
 [ 0  0  0  0  1  3  2]
 [ 5  1  6  7  1 36  9]
 [16  4  5 23  2 15 52]]

WE(SOMA)
NB Bernoulli
Classification_report:
             precision    recall  f1-score   support

          B       0.52      0.51      0.52       179
          C       0.00      0.00      0.00        20
          G       0.24      0.25      0.25        36
          M       0.27      0.34      0.30        59
          O       0.00      0.00      0.00         1
          P       0.42      0.54      0.47        68
          R       0.20      0.14      0.16       102

avg / total       0.36      0.37      0.36       465

[[92  3 22 19  0 16 27]
 [ 8  0  1  1  0  6  4]
 [20  1  9  2  0  0  4]
 [15  2  2 20  0  6 14]
 [ 0  0  0  0  0  0  1]
 [11  5  0  9  0 37  6]
 [30  6  3 24  1 24 14]]

WE(MEDIA)
NB Bernoulli
Classification_report:
             precision    recall  f1-score   support

          B       0.52      0.51      0.52       179
          C       0.00      0.00      0.00        20
          G       0.24      0.25      0.25        36
          M       0.27      0.34      0.30        59
          O       0.00      0.00      0.00         1
          P       0.42      0.54      0.47        68
          R       0.20      0.14      0.16       102

avg / total       0.36      0.37      0.36       465

[[92  3 22 19  0 16 27]
 [ 8  0  1  1  0  6  4]
 [20  1  9  2  0  0  4]
 [15  2  2 20  0  6 14]
 [ 0  0  0  0  0  0  1]
 [11  5  0  9  0 37  6]
 [30  6  3 24  1 24 14]]

WE(SOMA)
NB Bernoulli
Classification_report:
             precision    recall  f1-score   support

          B       0.48      0.41      0.44       256
          C       0.11      0.10      0.10        40
          G       0.25      0.36      0.29        72
          M       0.25      0.27      0.26       104
          O       0.00      0.00      0.00         7
          P       0.46      0.62      0.53       133
          R       0.36      0.28      0.32       219

avg / total       0.37      0.37      0.37       831

[[106   8  54  25   0  24  39]
 [  7   4   5   0   0  12  12]
 [ 31   5  26   1   0   5   4]
 [ 18   1   4  28   0  13  40]
 [  0   0   0   0   0   4   3]
 [  8   9   6  12   2  83  13]
 [ 51  10  11  45   2  38  62]]

WE(MEDIA)
NB Bernoulli
Classification_report:
             precision    recall  f1-score   support

          B       0.48      0.41      0.44       256
          C       0.11      0.10      0.10        40
          G       0.25      0.36      0.29        72
          M       0.25      0.27      0.26       104
          O       0.00      0.00      0.00         7
          P       0.46      0.62      0.53       133
          R       0.36      0.28      0.32       219

avg / total       0.37      0.37      0.37       831

[[106   8  54  25   0  24  39]
 [  7   4   5   0   0  12  12]
 [ 31   5  26   1   0   5   4]
 [ 18   1   4  28   0  13  40]
 [  0   0   0   0   0   4   3]
 [  8   9   6  12   2  83  13]
 [ 51  10  11  45   2  38  62]]
