WE(SOMA)
NB Bernoulli
Classification_report:
             precision    recall  f1-score   support

          B       0.47      0.44      0.46        77
          C       0.25      0.05      0.08        20
          G       0.35      0.36      0.36        36
          M       0.29      0.31      0.30        45
          O       0.20      0.17      0.18         6
          P       0.60      0.71      0.65        65
          R       0.45      0.47      0.46       117

avg / total       0.44      0.45      0.44       366

[[34  1 12  8  0  4 18]
 [ 3  1  1  1  0  2 12]
 [10  2 13  0  0  2  9]
 [ 3  0  2 14  1  7 18]
 [ 0  0  0  0  1  3  2]
 [ 3  0  3  4  1 46  8]
 [19  0  6 22  2 13 55]]

WE(MEDIA)
NB Bernoulli
Classification_report:
             precision    recall  f1-score   support

          B       0.47      0.44      0.46        77
          C       0.25      0.05      0.08        20
          G       0.35      0.36      0.36        36
          M       0.29      0.31      0.30        45
          O       0.20      0.17      0.18         6
          P       0.60      0.71      0.65        65
          R       0.45      0.47      0.46       117

avg / total       0.44      0.45      0.44       366

[[34  1 12  8  0  4 18]
 [ 3  1  1  1  0  2 12]
 [10  2 13  0  0  2  9]
 [ 3  0  2 14  1  7 18]
 [ 0  0  0  0  1  3  2]
 [ 3  0  3  4  1 46  8]
 [19  0  6 22  2 13 55]]

WE(SOMA)
NB Bernoulli
Classification_report:
             precision    recall  f1-score   support

          B       0.51      0.49      0.50       179
          C       0.00      0.00      0.00        20
          G       0.26      0.19      0.22        36
          M       0.29      0.39      0.33        59
          O       0.00      0.00      0.00         1
          P       0.47      0.57      0.52        68
          R       0.19      0.16      0.17       102

avg / total       0.36      0.37      0.37       465

[[88  8 15 19  0 14 35]
 [ 9  0  1  2  0  4  4]
 [21  2  7  3  0  0  3]
 [ 9  2  1 23  0  6 18]
 [ 0  0  0  0  0  0  1]
 [11  1  0  8  1 39  8]
 [33  4  3 25  1 20 16]]

WE(MEDIA)
NB Bernoulli
Classification_report:
             precision    recall  f1-score   support

          B       0.51      0.49      0.50       179
          C       0.00      0.00      0.00        20
          G       0.26      0.19      0.22        36
          M       0.29      0.39      0.33        59
          O       0.00      0.00      0.00         1
          P       0.47      0.57      0.52        68
          R       0.19      0.16      0.17       102

avg / total       0.36      0.37      0.37       465

[[88  8 15 19  0 14 35]
 [ 9  0  1  2  0  4  4]
 [21  2  7  3  0  0  3]
 [ 9  2  1 23  0  6 18]
 [ 0  0  0  0  0  0  1]
 [11  1  0  8  1 39  8]
 [33  4  3 25  1 20 16]]

WE(SOMA)
NB Bernoulli
Classification_report:
             precision    recall  f1-score   support

          B       0.50      0.48      0.49       256
          C       0.16      0.15      0.16        40
          G       0.28      0.33      0.30        72
          M       0.27      0.30      0.28       104
          O       0.14      0.14      0.14         7
          P       0.51      0.69      0.59       133
          R       0.37      0.28      0.32       219

avg / total       0.40      0.41      0.40       831

[[122   6  45  26   0  18  39]
 [  9   6   2   2   1   9  11]
 [ 31   7  24   2   0   4   4]
 [ 15   4   4  31   0  14  36]
 [  0   0   0   0   1   3   3]
 [  9   5   5   9   2  92  11]
 [ 57   9   6  44   3  39  61]]

WE(MEDIA)
NB Bernoulli
Classification_report:
             precision    recall  f1-score   support

          B       0.50      0.48      0.49       256
          C       0.16      0.15      0.16        40
          G       0.28      0.33      0.30        72
          M       0.27      0.30      0.28       104
          O       0.14      0.14      0.14         7
          P       0.51      0.69      0.59       133
          R       0.37      0.28      0.32       219

avg / total       0.40      0.41      0.40       831

[[122   6  45  26   0  18  39]
 [  9   6   2   2   1   9  11]
 [ 31   7  24   2   0   4   4]
 [ 15   4   4  31   0  14  36]
 [  0   0   0   0   1   3   3]
 [  9   5   5   9   2  92  11]
 [ 57   9   6  44   3  39  61]]
