WE(SOMA)
NB Bernoulli
Classification_report:
             precision    recall  f1-score   support

          B       0.38      0.45      0.42        77
          C       0.08      0.05      0.06        20
          G       0.36      0.28      0.31        36
          M       0.38      0.40      0.39        45
          O       0.14      0.17      0.15         6
          P       0.45      0.52      0.49        65
          R       0.47      0.43      0.45       117

avg / total       0.40      0.41      0.40       366

[[35  3  7  9  1  8 14]
 [ 4  1  4  0  0  3  8]
 [12  1 10  0  0  6  7]
 [ 5  0  0 18  1  7 14]
 [ 0  1  0  0  1  2  2]
 [ 7  2  4  6  1 34 11]
 [28  4  3 14  3 15 50]]

WE(MEDIA)
NB Bernoulli
Classification_report:
             precision    recall  f1-score   support

          B       0.38      0.45      0.42        77
          C       0.08      0.05      0.06        20
          G       0.36      0.28      0.31        36
          M       0.38      0.40      0.39        45
          O       0.14      0.17      0.15         6
          P       0.45      0.52      0.49        65
          R       0.47      0.43      0.45       117

avg / total       0.40      0.41      0.40       366

[[35  3  7  9  1  8 14]
 [ 4  1  4  0  0  3  8]
 [12  1 10  0  0  6  7]
 [ 5  0  0 18  1  7 14]
 [ 0  1  0  0  1  2  2]
 [ 7  2  4  6  1 34 11]
 [28  4  3 14  3 15 50]]

WE(SOMA)
NB Bernoulli
Classification_report:
             precision    recall  f1-score   support

          B       0.51      0.54      0.53       179
          C       0.08      0.05      0.06        20
          G       0.20      0.11      0.14        36
          M       0.28      0.29      0.29        59
          O       0.00      0.00      0.00         1
          P       0.37      0.44      0.40        68
          R       0.24      0.24      0.24       102

avg / total       0.36      0.37      0.36       465

[[97  6 13 14  0 16 33]
 [ 5  1  0  1  0  5  8]
 [21  1  4  4  0  1  5]
 [17  0  0 17  0 10 15]
 [ 0  0  0  0  0  1  0]
 [13  2  0  7  1 30 15]
 [37  2  3 17  0 19 24]]

WE(MEDIA)
NB Bernoulli
Classification_report:
             precision    recall  f1-score   support

          B       0.51      0.54      0.53       179
          C       0.08      0.05      0.06        20
          G       0.20      0.11      0.14        36
          M       0.28      0.29      0.29        59
          O       0.00      0.00      0.00         1
          P       0.37      0.44      0.40        68
          R       0.24      0.24      0.24       102

avg / total       0.36      0.37      0.36       465

[[97  6 13 14  0 16 33]
 [ 5  1  0  1  0  5  8]
 [21  1  4  4  0  1  5]
 [17  0  0 17  0 10 15]
 [ 0  0  0  0  0  1  0]
 [13  2  0  7  1 30 15]
 [37  2  3 17  0 19 24]]

WE(SOMA)
NB Bernoulli
Classification_report:
             precision    recall  f1-score   support

          B       0.46      0.50      0.48       256
          C       0.17      0.12      0.14        40
          G       0.24      0.17      0.20        72
          M       0.22      0.17      0.19       104
          O       0.10      0.14      0.12         7
          P       0.40      0.56      0.47       133
          R       0.35      0.31      0.33       219

avg / total       0.35      0.37      0.36       831

[[129  11  20  18   3  27  48]
 [ 10   5   3   2   0   7  13]
 [ 37   5  12   3   0   7   8]
 [ 26   0   4  18   1  21  34]
 [  1   0   0   0   1   4   1]
 [ 21   3   3   9   3  74  20]
 [ 58   5   9  33   2  45  67]]

WE(MEDIA)
NB Bernoulli
Classification_report:
             precision    recall  f1-score   support

          B       0.46      0.50      0.48       256
          C       0.17      0.12      0.14        40
          G       0.24      0.17      0.20        72
          M       0.22      0.17      0.19       104
          O       0.10      0.14      0.12         7
          P       0.40      0.56      0.47       133
          R       0.35      0.31      0.33       219

avg / total       0.35      0.37      0.36       831

[[129  11  20  18   3  27  48]
 [ 10   5   3   2   0   7  13]
 [ 37   5  12   3   0   7   8]
 [ 26   0   4  18   1  21  34]
 [  1   0   0   0   1   4   1]
 [ 21   3   3   9   3  74  20]
 [ 58   5   9  33   2  45  67]]
