WE(SOMA)
NB Bernoulli
Classification_report:
             precision    recall  f1-score   support

          B       0.28      0.25      0.26        77
          C       0.00      0.00      0.00        20
          G       0.26      0.14      0.18        36
          M       0.26      0.20      0.23        45
          O       0.00      0.00      0.00         6
          P       0.40      0.55      0.46        65
          R       0.36      0.46      0.41       117

avg / total       0.30      0.34      0.31       366

[[19  1  6  9  1 10 31]
 [ 3  0  2  0  0  5 10]
 [10  2  5  0  0  9 10]
 [ 4  0  0  9  1 10 21]
 [ 1  0  0  0  0  1  4]
 [ 5  0  1  5  0 36 18]
 [26  0  5 11  2 19 54]]

WE(MEDIA)
NB Bernoulli
Classification_report:
             precision    recall  f1-score   support

          B       0.28      0.25      0.26        77
          C       0.00      0.00      0.00        20
          G       0.26      0.14      0.18        36
          M       0.26      0.20      0.23        45
          O       0.00      0.00      0.00         6
          P       0.40      0.55      0.46        65
          R       0.36      0.46      0.41       117

avg / total       0.30      0.34      0.31       366

[[19  1  6  9  1 10 31]
 [ 3  0  2  0  0  5 10]
 [10  2  5  0  0  9 10]
 [ 4  0  0  9  1 10 21]
 [ 1  0  0  0  0  1  4]
 [ 5  0  1  5  0 36 18]
 [26  0  5 11  2 19 54]]

WE(SOMA)
NB Bernoulli
Classification_report:
             precision    recall  f1-score   support

          B       0.42      0.51      0.46       179
          C       0.00      0.00      0.00        20
          G       0.17      0.06      0.08        36
          M       0.27      0.22      0.24        59
          O       0.00      0.00      0.00         1
          P       0.41      0.51      0.45        68
          R       0.28      0.25      0.27       102

avg / total       0.33      0.36      0.34       465

[[92  4  7 18  0 24 34]
 [10  0  0  0  0  4  6]
 [25  0  2  2  0  2  5]
 [22  2  1 13  0  6 15]
 [ 1  0  0  0  0  0  0]
 [23  0  0  3  0 35  7]
 [46  0  2 13  0 15 26]]

WE(MEDIA)
NB Bernoulli
Classification_report:
             precision    recall  f1-score   support

          B       0.42      0.51      0.46       179
          C       0.00      0.00      0.00        20
          G       0.17      0.06      0.08        36
          M       0.27      0.22      0.24        59
          O       0.00      0.00      0.00         1
          P       0.41      0.51      0.45        68
          R       0.28      0.25      0.27       102

avg / total       0.33      0.36      0.34       465

[[92  4  7 18  0 24 34]
 [10  0  0  0  0  4  6]
 [25  0  2  2  0  2  5]
 [22  2  1 13  0  6 15]
 [ 1  0  0  0  0  0  0]
 [23  0  0  3  0 35  7]
 [46  0  2 13  0 15 26]]

WE(SOMA)
NB Bernoulli
Classification_report:
             precision    recall  f1-score   support

          B       0.40      0.48      0.44       256
          C       0.08      0.03      0.04        40
          G       0.19      0.04      0.07        72
          M       0.18      0.12      0.15       104
          O       0.00      0.00      0.00         7
          P       0.37      0.55      0.44       133
          R       0.31      0.32      0.31       219

avg / total       0.31      0.34      0.31       831

[[122   3   9  22   2  35  63]
 [ 18   1   3   0   0   7  11]
 [ 39   2   3   2   0  11  15]
 [ 32   1   0  13   1  22  35]
 [  3   0   0   0   0   2   2]
 [ 22   3   0   7   1  73  27]
 [ 66   3   1  30   2  48  69]]

WE(MEDIA)
NB Bernoulli
Classification_report:
             precision    recall  f1-score   support

          B       0.40      0.48      0.44       256
          C       0.08      0.03      0.04        40
          G       0.19      0.04      0.07        72
          M       0.18      0.12      0.15       104
          O       0.00      0.00      0.00         7
          P       0.37      0.55      0.44       133
          R       0.31      0.32      0.31       219

avg / total       0.31      0.34      0.31       831

[[122   3   9  22   2  35  63]
 [ 18   1   3   0   0   7  11]
 [ 39   2   3   2   0  11  15]
 [ 32   1   0  13   1  22  35]
 [  3   0   0   0   0   2   2]
 [ 22   3   0   7   1  73  27]
 [ 66   3   1  30   2  48  69]]
