WE(SOMA)
NB Bernoulli
Classification_report:
             precision    recall  f1-score   support

          B       0.42      0.38      0.40        77
          C       0.14      0.05      0.07        20
          G       0.23      0.17      0.19        36
          M       0.40      0.31      0.35        45
          O       0.00      0.00      0.00         6
          P       0.51      0.60      0.55        65
          R       0.46      0.59      0.52       117

avg / total       0.41      0.43      0.41       366

[[29  2 12  4  1  7 22]
 [ 1  1  4  0  1  3 10]
 [13  4  6  0  0  4  9]
 [ 3  0  1 14  0  4 23]
 [ 0  0  0  0  0  3  3]
 [ 7  0  3  3  0 39 13]
 [16  0  0 14  1 17 69]]

WE(MEDIA)
NB Bernoulli
Classification_report:
             precision    recall  f1-score   support

          B       0.42      0.38      0.40        77
          C       0.14      0.05      0.07        20
          G       0.23      0.17      0.19        36
          M       0.40      0.31      0.35        45
          O       0.00      0.00      0.00         6
          P       0.51      0.60      0.55        65
          R       0.46      0.59      0.52       117

avg / total       0.41      0.43      0.41       366

[[29  2 12  4  1  7 22]
 [ 1  1  4  0  1  3 10]
 [13  4  6  0  0  4  9]
 [ 3  0  1 14  0  4 23]
 [ 0  0  0  0  0  3  3]
 [ 7  0  3  3  0 39 13]
 [16  0  0 14  1 17 69]]

WE(SOMA)
NB Bernoulli
Classification_report:
             precision    recall  f1-score   support

          B       0.51      0.63      0.56       179
          C       0.11      0.05      0.07        20
          G       0.23      0.08      0.12        36
          M       0.25      0.20      0.22        59
          O       0.00      0.00      0.00         1
          P       0.52      0.53      0.53        68
          R       0.36      0.36      0.36       102

avg / total       0.40      0.43      0.41       465

[[112   4   7  13   1  10  32]
 [ 12   1   0   1   0   3   3]
 [ 25   0   3   3   0   1   4]
 [ 21   1   2  12   0   8  15]
 [  0   0   0   0   0   0   1]
 [ 16   0   0   3   1  36  12]
 [ 34   3   1  16   0  11  37]]

WE(MEDIA)
NB Bernoulli
Classification_report:
             precision    recall  f1-score   support

          B       0.51      0.63      0.56       179
          C       0.11      0.05      0.07        20
          G       0.23      0.08      0.12        36
          M       0.25      0.20      0.22        59
          O       0.00      0.00      0.00         1
          P       0.52      0.53      0.53        68
          R       0.36      0.36      0.36       102

avg / total       0.40      0.43      0.41       465

[[112   4   7  13   1  10  32]
 [ 12   1   0   1   0   3   3]
 [ 25   0   3   3   0   1   4]
 [ 21   1   2  12   0   8  15]
 [  0   0   0   0   0   0   1]
 [ 16   0   0   3   1  36  12]
 [ 34   3   1  16   0  11  37]]

WE(SOMA)
NB Bernoulli
Classification_report:
             precision    recall  f1-score   support

          B       0.50      0.50      0.50       256
          C       0.09      0.05      0.06        40
          G       0.28      0.26      0.27        72
          M       0.29      0.23      0.26       104
          O       0.00      0.00      0.00         7
          P       0.51      0.60      0.55       133
          R       0.40      0.43      0.42       219

avg / total       0.41      0.42      0.41       831

[[129   7  36  16   4  19  45]
 [ 13   2   4   1   1   4  15]
 [ 31   1  19   3   1   6  11]
 [ 19   2   3  24   0  13  43]
 [  0   1   0   0   0   3   3]
 [ 16   3   4   6   2  80  22]
 [ 50   6   2  33   1  33  94]]

WE(MEDIA)
NB Bernoulli
Classification_report:
             precision    recall  f1-score   support

          B       0.50      0.50      0.50       256
          C       0.09      0.05      0.06        40
          G       0.28      0.26      0.27        72
          M       0.29      0.23      0.26       104
          O       0.00      0.00      0.00         7
          P       0.51      0.60      0.55       133
          R       0.40      0.43      0.42       219

avg / total       0.41      0.42      0.41       831

[[129   7  36  16   4  19  45]
 [ 13   2   4   1   1   4  15]
 [ 31   1  19   3   1   6  11]
 [ 19   2   3  24   0  13  43]
 [  0   1   0   0   0   3   3]
 [ 16   3   4   6   2  80  22]
 [ 50   6   2  33   1  33  94]]
