WE(SOMA)
NB Bernoulli
Classification_report:
             precision    recall  f1-score   support

          B       0.29      0.29      0.29        77
          C       0.00      0.00      0.00        20
          G       0.06      0.03      0.04        36
          M       0.31      0.18      0.23        45
          O       0.00      0.00      0.00         6
          P       0.33      0.32      0.33        65
          R       0.43      0.64      0.51       117

avg / total       0.30      0.35      0.31       366

[[22  2 11  4  0 17 21]
 [ 7  0  0  1  0  2 10]
 [17  1  1  0  0  3 14]
 [ 3  0  0  8  1  5 28]
 [ 0  0  0  0  0  3  3]
 [11  0  1  7  0 21 25]
 [17  2  4  6  0 13 75]]

WE(MEDIA)
NB Bernoulli
Classification_report:
             precision    recall  f1-score   support

          B       0.29      0.29      0.29        77
          C       0.00      0.00      0.00        20
          G       0.06      0.03      0.04        36
          M       0.31      0.18      0.23        45
          O       0.00      0.00      0.00         6
          P       0.33      0.32      0.33        65
          R       0.43      0.64      0.51       117

avg / total       0.30      0.35      0.31       366

[[22  2 11  4  0 17 21]
 [ 7  0  0  1  0  2 10]
 [17  1  1  0  0  3 14]
 [ 3  0  0  8  1  5 28]
 [ 0  0  0  0  0  3  3]
 [11  0  1  7  0 21 25]
 [17  2  4  6  0 13 75]]

WE(SOMA)
NB Bernoulli
Classification_report:
             precision    recall  f1-score   support

          B       0.48      0.62      0.54       179
          C       0.00      0.00      0.00        20
          G       0.00      0.00      0.00        36
          M       0.27      0.24      0.25        59
          O       0.00      0.00      0.00         1
          P       0.38      0.38      0.38        68
          R       0.34      0.34      0.34       102

avg / total       0.35      0.40      0.37       465

[[111   2   5  15   0  13  33]
 [ 12   0   0   0   0   4   4]
 [ 26   0   0   3   0   3   4]
 [ 20   0   2  14   0   8  15]
 [  1   0   0   0   0   0   0]
 [ 27   1   0   3   0  26  11]
 [ 34   1   2  16   0  14  35]]

WE(MEDIA)
NB Bernoulli
Classification_report:
             precision    recall  f1-score   support

          B       0.48      0.62      0.54       179
          C       0.00      0.00      0.00        20
          G       0.00      0.00      0.00        36
          M       0.27      0.24      0.25        59
          O       0.00      0.00      0.00         1
          P       0.38      0.38      0.38        68
          R       0.34      0.34      0.34       102

avg / total       0.35      0.40      0.37       465

[[111   2   5  15   0  13  33]
 [ 12   0   0   0   0   4   4]
 [ 26   0   0   3   0   3   4]
 [ 20   0   2  14   0   8  15]
 [  1   0   0   0   0   0   0]
 [ 27   1   0   3   0  26  11]
 [ 34   1   2  16   0  14  35]]

WE(SOMA)
NB Bernoulli
Classification_report:
             precision    recall  f1-score   support

          B       0.43      0.54      0.48       256
          C       0.00      0.00      0.00        40
          G       0.07      0.03      0.04        72
          M       0.25      0.14      0.18       104
          O       0.00      0.00      0.00         7
          P       0.41      0.46      0.44       133
          R       0.39      0.49      0.44       219

avg / total       0.34      0.39      0.36       831

[[137   3  15  13   0  30  58]
 [ 18   0   1   2   0   5  14]
 [ 46   1   2   4   0   4  15]
 [ 29   0   2  15   0  16  42]
 [  1   0   0   0   0   2   4]
 [ 32   1   1   7   0  61  31]
 [ 55   0   7  20   1  29 107]]

WE(MEDIA)
NB Bernoulli
Classification_report:
             precision    recall  f1-score   support

          B       0.43      0.54      0.48       256
          C       0.00      0.00      0.00        40
          G       0.07      0.03      0.04        72
          M       0.25      0.14      0.18       104
          O       0.00      0.00      0.00         7
          P       0.41      0.46      0.44       133
          R       0.39      0.49      0.44       219

avg / total       0.34      0.39      0.36       831

[[137   3  15  13   0  30  58]
 [ 18   0   1   2   0   5  14]
 [ 46   1   2   4   0   4  15]
 [ 29   0   2  15   0  16  42]
 [  1   0   0   0   0   2   4]
 [ 32   1   1   7   0  61  31]
 [ 55   0   7  20   1  29 107]]
