WE(SOMA)
NB Bernoulli
Classification_report:
             precision    recall  f1-score   support

          B       0.33      0.30      0.31        77
          C       0.00      0.00      0.00        20
          G       0.34      0.33      0.34        36
          M       0.32      0.29      0.30        45
          O       0.00      0.00      0.00         6
          P       0.40      0.49      0.44        65
          R       0.44      0.50      0.47       117

avg / total       0.35      0.38      0.36       366

[[23  2  8  7  2 13 22]
 [ 2  0  2  1  1  4 10]
 [11  0 12  2  0  4  7]
 [ 2  0  2 13  0 11 17]
 [ 0  0  0  0  0  2  4]
 [11  1  3  5  0 32 13]
 [21  1  8 13  2 14 58]]

WE(MEDIA)
NB Bernoulli
Classification_report:
             precision    recall  f1-score   support

          B       0.33      0.30      0.31        77
          C       0.00      0.00      0.00        20
          G       0.34      0.33      0.34        36
          M       0.32      0.29      0.30        45
          O       0.00      0.00      0.00         6
          P       0.40      0.49      0.44        65
          R       0.44      0.50      0.47       117

avg / total       0.35      0.38      0.36       366

[[23  2  8  7  2 13 22]
 [ 2  0  2  1  1  4 10]
 [11  0 12  2  0  4  7]
 [ 2  0  2 13  0 11 17]
 [ 0  0  0  0  0  2  4]
 [11  1  3  5  0 32 13]
 [21  1  8 13  2 14 58]]

WE(SOMA)
NB Bernoulli
Classification_report:
             precision    recall  f1-score   support

          B       0.52      0.59      0.55       179
          C       0.06      0.05      0.05        20
          G       0.32      0.25      0.28        36
          M       0.34      0.36      0.35        59
          O       0.00      0.00      0.00         1
          P       0.44      0.54      0.49        68
          R       0.20      0.14      0.16       102

avg / total       0.38      0.40      0.39       465

[[105   6  11  10   0  16  31]
 [  8   1   1   1   0   7   2]
 [ 19   0   9   2   0   0   6]
 [ 12   3   3  21   0   8  12]
 [  0   0   0   1   0   0   0]
 [ 15   2   2   5   1  37   6]
 [ 43   6   2  21   0  16  14]]

WE(MEDIA)
NB Bernoulli
Classification_report:
             precision    recall  f1-score   support

          B       0.52      0.59      0.55       179
          C       0.06      0.05      0.05        20
          G       0.32      0.25      0.28        36
          M       0.34      0.36      0.35        59
          O       0.00      0.00      0.00         1
          P       0.44      0.54      0.49        68
          R       0.20      0.14      0.16       102

avg / total       0.38      0.40      0.39       465

[[105   6  11  10   0  16  31]
 [  8   1   1   1   0   7   2]
 [ 19   0   9   2   0   0   6]
 [ 12   3   3  21   0   8  12]
 [  0   0   0   1   0   0   0]
 [ 15   2   2   5   1  37   6]
 [ 43   6   2  21   0  16  14]]

WE(SOMA)
NB Bernoulli
Classification_report:
             precision    recall  f1-score   support

          B       0.45      0.51      0.48       256
          C       0.07      0.03      0.04        40
          G       0.22      0.15      0.18        72
          M       0.28      0.15      0.20       104
          O       0.00      0.00      0.00         7
          P       0.40      0.56      0.47       133
          R       0.36      0.37      0.37       219

avg / total       0.36      0.38      0.36       831

[[130   9  24  13   0  27  53]
 [ 10   1   3   1   1  11  13]
 [ 38   1  11   0   0   6  16]
 [ 20   0   3  16   0  24  41]
 [  1   0   0   0   0   2   4]
 [ 24   2   4   8   1  75  19]
 [ 65   2   6  19   4  41  82]]

WE(MEDIA)
NB Bernoulli
Classification_report:
             precision    recall  f1-score   support

          B       0.45      0.51      0.48       256
          C       0.07      0.03      0.04        40
          G       0.22      0.15      0.18        72
          M       0.28      0.15      0.20       104
          O       0.00      0.00      0.00         7
          P       0.40      0.56      0.47       133
          R       0.36      0.37      0.37       219

avg / total       0.36      0.38      0.36       831

[[130   9  24  13   0  27  53]
 [ 10   1   3   1   1  11  13]
 [ 38   1  11   0   0   6  16]
 [ 20   0   3  16   0  24  41]
 [  1   0   0   0   0   2   4]
 [ 24   2   4   8   1  75  19]
 [ 65   2   6  19   4  41  82]]
