WE(SOMA)
NB Bernoulli
Classification_report:
             precision    recall  f1-score   support

          B       0.32      0.27      0.30        77
          C       0.00      0.00      0.00        20
          G       0.36      0.33      0.35        36
          M       0.26      0.24      0.25        45
          O       0.20      0.17      0.18         6
          P       0.30      0.28      0.29        65
          R       0.39      0.53      0.45       117

avg / total       0.32      0.34      0.32       366

[[21  0  9  3  0  9 35]
 [ 4  0  2  0  1  5  8]
 [12  0 12  3  0  0  9]
 [ 2  0  2 11  0  8 22]
 [ 0  0  0  1  1  1  3]
 [10  0  3 12  1 18 21]
 [16  1  5 12  2 19 62]]

WE(MEDIA)
NB Bernoulli
Classification_report:
             precision    recall  f1-score   support

          B       0.32      0.27      0.30        77
          C       0.00      0.00      0.00        20
          G       0.36      0.33      0.35        36
          M       0.26      0.24      0.25        45
          O       0.20      0.17      0.18         6
          P       0.30      0.28      0.29        65
          R       0.39      0.53      0.45       117

avg / total       0.32      0.34      0.32       366

[[21  0  9  3  0  9 35]
 [ 4  0  2  0  1  5  8]
 [12  0 12  3  0  0  9]
 [ 2  0  2 11  0  8 22]
 [ 0  0  0  1  1  1  3]
 [10  0  3 12  1 18 21]
 [16  1  5 12  2 19 62]]

WE(SOMA)
NB Bernoulli
Classification_report:
             precision    recall  f1-score   support

          B       0.48      0.68      0.56       179
          C       0.00      0.00      0.00        20
          G       0.36      0.11      0.17        36
          M       0.27      0.22      0.24        59
          O       0.00      0.00      0.00         1
          P       0.43      0.29      0.35        68
          R       0.24      0.24      0.24       102

avg / total       0.36      0.39      0.36       465

[[122   0   5  15   0   6  31]
 [  9   0   0   0   0   3   8]
 [ 22   1   4   0   0   1   8]
 [ 25   0   0  13   0   6  15]
 [  1   0   0   0   0   0   0]
 [ 24   0   0   8   0  20  16]
 [ 52   0   2  13   0  11  24]]

WE(MEDIA)
NB Bernoulli
Classification_report:
             precision    recall  f1-score   support

          B       0.48      0.68      0.56       179
          C       0.00      0.00      0.00        20
          G       0.36      0.11      0.17        36
          M       0.27      0.22      0.24        59
          O       0.00      0.00      0.00         1
          P       0.43      0.29      0.35        68
          R       0.24      0.24      0.24       102

avg / total       0.36      0.39      0.36       465

[[122   0   5  15   0   6  31]
 [  9   0   0   0   0   3   8]
 [ 22   1   4   0   0   1   8]
 [ 25   0   0  13   0   6  15]
 [  1   0   0   0   0   0   0]
 [ 24   0   0   8   0  20  16]
 [ 52   0   2  13   0  11  24]]

WE(SOMA)
NB Bernoulli
Classification_report:
             precision    recall  f1-score   support

          B       0.41      0.54      0.47       256
          C       0.00      0.00      0.00        40
          G       0.29      0.17      0.21        72
          M       0.19      0.10      0.13       104
          O       0.00      0.00      0.00         7
          P       0.36      0.37      0.37       133
          R       0.32      0.38      0.35       219

avg / total       0.32      0.35      0.33       831

[[137   0  19  13   0  21  66]
 [ 17   0   0   0   1   5  17]
 [ 45   0  12   1   0   3  11]
 [ 32   0   2  10   1  19  40]
 [  1   0   0   0   0   2   4]
 [ 27   1   3  12   1  49  40]
 [ 73   3   5  16   2  36  84]]

WE(MEDIA)
NB Bernoulli
Classification_report:
             precision    recall  f1-score   support

          B       0.41      0.54      0.47       256
          C       0.00      0.00      0.00        40
          G       0.29      0.17      0.21        72
          M       0.19      0.10      0.13       104
          O       0.00      0.00      0.00         7
          P       0.36      0.37      0.37       133
          R       0.32      0.38      0.35       219

avg / total       0.32      0.35      0.33       831

[[137   0  19  13   0  21  66]
 [ 17   0   0   0   1   5  17]
 [ 45   0  12   1   0   3  11]
 [ 32   0   2  10   1  19  40]
 [  1   0   0   0   0   2   4]
 [ 27   1   3  12   1  49  40]
 [ 73   3   5  16   2  36  84]]
