WE(SOMA)
NB Bernoulli
Classification_report:
             precision    recall  f1-score   support

          B       0.40      0.40      0.40        77
          C       0.11      0.05      0.07        20
          G       0.42      0.22      0.29        36
          M       0.23      0.20      0.21        45
          O       0.00      0.00      0.00         6
          P       0.45      0.55      0.50        65
          R       0.39      0.45      0.42       117

avg / total       0.36      0.38      0.37       366

[[31  1  5  5  0 12 23]
 [ 3  1  2  1  1  2 10]
 [12  1  8  2  0  1 12]
 [ 2  0  0  9  3  7 24]
 [ 0  0  0  0  0  3  3]
 [ 6  3  2  6  0 36 12]
 [23  3  2 16  1 19 53]]

WE(MEDIA)
NB Bernoulli
Classification_report:
             precision    recall  f1-score   support

          B       0.40      0.40      0.40        77
          C       0.11      0.05      0.07        20
          G       0.42      0.22      0.29        36
          M       0.23      0.20      0.21        45
          O       0.00      0.00      0.00         6
          P       0.45      0.55      0.50        65
          R       0.39      0.45      0.42       117

avg / total       0.36      0.38      0.37       366

[[31  1  5  5  0 12 23]
 [ 3  1  2  1  1  2 10]
 [12  1  8  2  0  1 12]
 [ 2  0  0  9  3  7 24]
 [ 0  0  0  0  0  3  3]
 [ 6  3  2  6  0 36 12]
 [23  3  2 16  1 19 53]]

WE(SOMA)
NB Bernoulli
Classification_report:
             precision    recall  f1-score   support

          B       0.50      0.60      0.55       179
          C       0.00      0.00      0.00        20
          G       0.14      0.08      0.11        36
          M       0.31      0.31      0.31        59
          O       0.00      0.00      0.00         1
          P       0.42      0.46      0.44        68
          R       0.33      0.28      0.30       102

avg / total       0.38      0.41      0.39       465

[[108   3  13  13   0  16  26]
 [ 10   0   2   1   0   3   4]
 [ 28   0   3   3   0   0   2]
 [ 19   2   0  18   0   7  13]
 [  0   0   0   0   0   0   1]
 [ 14   0   2   6   1  31  14]
 [ 38   1   1  17   0  16  29]]

WE(MEDIA)
NB Bernoulli
Classification_report:
             precision    recall  f1-score   support

          B       0.50      0.60      0.55       179
          C       0.00      0.00      0.00        20
          G       0.14      0.08      0.11        36
          M       0.31      0.31      0.31        59
          O       0.00      0.00      0.00         1
          P       0.42      0.46      0.44        68
          R       0.33      0.28      0.30       102

avg / total       0.38      0.41      0.39       465

[[108   3  13  13   0  16  26]
 [ 10   0   2   1   0   3   4]
 [ 28   0   3   3   0   0   2]
 [ 19   2   0  18   0   7  13]
 [  0   0   0   0   0   0   1]
 [ 14   0   2   6   1  31  14]
 [ 38   1   1  17   0  16  29]]

WE(SOMA)
NB Bernoulli
Classification_report:
             precision    recall  f1-score   support

          B       0.48      0.53      0.50       256
          C       0.11      0.05      0.07        40
          G       0.26      0.21      0.23        72
          M       0.24      0.21      0.22       104
          O       0.00      0.00      0.00         7
          P       0.46      0.59      0.52       133
          R       0.43      0.39      0.41       219

avg / total       0.39      0.41      0.40       831

[[136   6  29  22   2  22  39]
 [ 16   2   2   1   1   9   9]
 [ 38   1  15   4   0   3  11]
 [ 25   3   3  22   1  17  33]
 [  0   0   0   0   0   4   3]
 [ 17   2   3  11   2  79  19]
 [ 52   5   5  33   2  36  86]]

WE(MEDIA)
NB Bernoulli
Classification_report:
             precision    recall  f1-score   support

          B       0.48      0.53      0.50       256
          C       0.11      0.05      0.07        40
          G       0.26      0.21      0.23        72
          M       0.24      0.21      0.22       104
          O       0.00      0.00      0.00         7
          P       0.46      0.59      0.52       133
          R       0.43      0.39      0.41       219

avg / total       0.39      0.41      0.40       831

[[136   6  29  22   2  22  39]
 [ 16   2   2   1   1   9   9]
 [ 38   1  15   4   0   3  11]
 [ 25   3   3  22   1  17  33]
 [  0   0   0   0   0   4   3]
 [ 17   2   3  11   2  79  19]
 [ 52   5   5  33   2  36  86]]
