WE(SOMA)
NB Bernoulli
Classification_report:
             precision    recall  f1-score   support

          B       0.40      0.31      0.35        77
          C       0.00      0.00      0.00        20
          G       0.16      0.11      0.13        36
          M       0.34      0.22      0.27        45
          O       0.00      0.00      0.00         6
          P       0.48      0.57      0.52        65
          R       0.41      0.60      0.49       117

avg / total       0.36      0.40      0.37       366

[[24  1 10  3  0 11 28]
 [ 2  0  0  0  1  5 12]
 [17  1  4  0  0  3 11]
 [ 2  0  1 10  0  6 26]
 [ 0  0  1  0  0  2  3]
 [ 3  0  3  3  0 37 19]
 [12  2  6 13  1 13 70]]

WE(MEDIA)
NB Bernoulli
Classification_report:
             precision    recall  f1-score   support

          B       0.40      0.31      0.35        77
          C       0.00      0.00      0.00        20
          G       0.16      0.11      0.13        36
          M       0.34      0.22      0.27        45
          O       0.00      0.00      0.00         6
          P       0.48      0.57      0.52        65
          R       0.41      0.60      0.49       117

avg / total       0.36      0.40      0.37       366

[[24  1 10  3  0 11 28]
 [ 2  0  0  0  1  5 12]
 [17  1  4  0  0  3 11]
 [ 2  0  1 10  0  6 26]
 [ 0  0  1  0  0  2  3]
 [ 3  0  3  3  0 37 19]
 [12  2  6 13  1 13 70]]

WE(SOMA)
NB Bernoulli
Classification_report:
             precision    recall  f1-score   support

          B       0.49      0.54      0.51       179
          C       0.11      0.05      0.07        20
          G       0.13      0.06      0.08        36
          M       0.26      0.20      0.23        59
          O       0.00      0.00      0.00         1
          P       0.39      0.43      0.41        68
          R       0.28      0.33      0.30       102

avg / total       0.35      0.37      0.36       465

[[96  5 11 12  0 18 37]
 [ 9  1  1  0  0  3  6]
 [28  0  2  2  0  0  4]
 [13  0  0 12  0 11 23]
 [ 1  0  0  0  0  0  0]
 [16  1  0  2  1 29 19]
 [33  2  1 18  0 14 34]]

WE(MEDIA)
NB Bernoulli
Classification_report:
             precision    recall  f1-score   support

          B       0.49      0.54      0.51       179
          C       0.11      0.05      0.07        20
          G       0.13      0.06      0.08        36
          M       0.26      0.20      0.23        59
          O       0.00      0.00      0.00         1
          P       0.39      0.43      0.41        68
          R       0.28      0.33      0.30       102

avg / total       0.35      0.37      0.36       465

[[96  5 11 12  0 18 37]
 [ 9  1  1  0  0  3  6]
 [28  0  2  2  0  0  4]
 [13  0  0 12  0 11 23]
 [ 1  0  0  0  0  0  0]
 [16  1  0  2  1 29 19]
 [33  2  1 18  0 14 34]]

WE(SOMA)
NB Bernoulli
Classification_report:
             precision    recall  f1-score   support

          B       0.44      0.44      0.44       256
          C       0.11      0.05      0.07        40
          G       0.24      0.15      0.19        72
          M       0.24      0.19      0.21       104
          O       0.00      0.00      0.00         7
          P       0.44      0.56      0.49       133
          R       0.39      0.44      0.41       219

avg / total       0.36      0.38      0.37       831

[[113   8  28  28   1  24  54]
 [ 14   2   1   1   1   9  12]
 [ 44   1  11   1   0   4  11]
 [ 18   0   1  20   0  19  46]
 [  1   1   0   0   0   4   1]
 [ 21   3   1   4   1  74  29]
 [ 48   4   4  30   1  36  96]]

WE(MEDIA)
NB Bernoulli
Classification_report:
             precision    recall  f1-score   support

          B       0.44      0.44      0.44       256
          C       0.11      0.05      0.07        40
          G       0.24      0.15      0.19        72
          M       0.24      0.19      0.21       104
          O       0.00      0.00      0.00         7
          P       0.44      0.56      0.49       133
          R       0.39      0.44      0.41       219

avg / total       0.36      0.38      0.37       831

[[113   8  28  28   1  24  54]
 [ 14   2   1   1   1   9  12]
 [ 44   1  11   1   0   4  11]
 [ 18   0   1  20   0  19  46]
 [  1   1   0   0   0   4   1]
 [ 21   3   1   4   1  74  29]
 [ 48   4   4  30   1  36  96]]
