WE(SOMA)
NB Bernoulli
Classification_report:
             precision    recall  f1-score   support

          B       0.29      0.27      0.28        77
          C       0.00      0.00      0.00        20
          G       0.18      0.06      0.09        36
          M       0.21      0.07      0.10        45
          O       0.00      0.00      0.00         6
          P       0.33      0.32      0.33        65
          R       0.34      0.60      0.44       117

avg / total       0.27      0.32      0.28       366

[[21  0  3  2  0 11 40]
 [ 3  0  1  0  0  5 11]
 [ 7  0  2  0  0  8 19]
 [ 8  0  0  3  0  6 28]
 [ 0  0  0  0  0  2  4]
 [10  0  1  1  0 21 32]
 [24  0  4  8  0 11 70]]

WE(MEDIA)
NB Bernoulli
Classification_report:
             precision    recall  f1-score   support

          B       0.29      0.27      0.28        77
          C       0.00      0.00      0.00        20
          G       0.18      0.06      0.09        36
          M       0.21      0.07      0.10        45
          O       0.00      0.00      0.00         6
          P       0.33      0.32      0.33        65
          R       0.34      0.60      0.44       117

avg / total       0.27      0.32      0.28       366

[[21  0  3  2  0 11 40]
 [ 3  0  1  0  0  5 11]
 [ 7  0  2  0  0  8 19]
 [ 8  0  0  3  0  6 28]
 [ 0  0  0  0  0  2  4]
 [10  0  1  1  0 21 32]
 [24  0  4  8  0 11 70]]

WE(SOMA)
NB Bernoulli
Classification_report:
             precision    recall  f1-score   support

          B       0.42      0.75      0.54       179
          C       0.00      0.00      0.00        20
          G       0.00      0.00      0.00        36
          M       0.27      0.07      0.11        59
          O       0.00      0.00      0.00         1
          P       0.41      0.21      0.27        68
          R       0.24      0.20      0.21       102

avg / total       0.31      0.37      0.31       465

[[135   2   1   3   0   8  30]
 [ 15   0   0   0   0   3   2]
 [ 28   0   0   0   0   3   5]
 [ 31   1   0   4   0   2  21]
 [  0   0   0   0   0   1   0]
 [ 46   1   0   0   0  14   7]
 [ 69   1   1   8   0   3  20]]

WE(MEDIA)
NB Bernoulli
Classification_report:
             precision    recall  f1-score   support

          B       0.42      0.75      0.54       179
          C       0.00      0.00      0.00        20
          G       0.00      0.00      0.00        36
          M       0.27      0.07      0.11        59
          O       0.00      0.00      0.00         1
          P       0.41      0.21      0.27        68
          R       0.24      0.20      0.21       102

avg / total       0.31      0.37      0.31       465

[[135   2   1   3   0   8  30]
 [ 15   0   0   0   0   3   2]
 [ 28   0   0   0   0   3   5]
 [ 31   1   0   4   0   2  21]
 [  0   0   0   0   0   1   0]
 [ 46   1   0   0   0  14   7]
 [ 69   1   1   8   0   3  20]]

WE(SOMA)
NB Bernoulli
Classification_report:
             precision    recall  f1-score   support

          B       0.39      0.59      0.47       256
          C       0.00      0.00      0.00        40
          G       0.00      0.00      0.00        72
          M       0.10      0.01      0.02       104
          O       0.00      0.00      0.00         7
          P       0.34      0.29      0.31       133
          R       0.33      0.47      0.39       219

avg / total       0.27      0.35      0.30       831

[[152   0   3   3   1  27  70]
 [ 20   0   0   0   0   8  12]
 [ 42   0   0   0   0   7  23]
 [ 38   1   0   1   0  10  54]
 [  0   0   0   0   0   3   4]
 [ 50   0   0   1   0  38  44]
 [ 90   2   1   5   0  18 103]]

WE(MEDIA)
NB Bernoulli
Classification_report:
             precision    recall  f1-score   support

          B       0.39      0.59      0.47       256
          C       0.00      0.00      0.00        40
          G       0.00      0.00      0.00        72
          M       0.10      0.01      0.02       104
          O       0.00      0.00      0.00         7
          P       0.34      0.29      0.31       133
          R       0.33      0.47      0.39       219

avg / total       0.27      0.35      0.30       831

[[152   0   3   3   1  27  70]
 [ 20   0   0   0   0   8  12]
 [ 42   0   0   0   0   7  23]
 [ 38   1   0   1   0  10  54]
 [  0   0   0   0   0   3   4]
 [ 50   0   0   1   0  38  44]
 [ 90   2   1   5   0  18 103]]
