WE(SOMA)
NB Bernoulli
Classification_report:
             precision    recall  f1-score   support

          B       0.42      0.36      0.39        77
          C       0.20      0.20      0.20        20
          G       0.33      0.36      0.34        36
          M       0.25      0.38      0.30        45
          O       0.29      0.33      0.31         6
          P       0.45      0.58      0.51        65
          R       0.51      0.35      0.41       117

avg / total       0.41      0.39      0.39       366

[[28  4 13 10  1 11 10]
 [ 1  4  2  2  0  5  6]
 [13  6 13  2  0  2  0]
 [ 5  0  1 17  0  9 13]
 [ 0  0  0  0  2  2  2]
 [ 4  1  4  7  2 38  9]
 [15  5  7 29  2 18 41]]

WE(MEDIA)
NB Bernoulli
Classification_report:
             precision    recall  f1-score   support

          B       0.42      0.36      0.39        77
          C       0.20      0.20      0.20        20
          G       0.33      0.36      0.34        36
          M       0.25      0.38      0.30        45
          O       0.29      0.33      0.31         6
          P       0.45      0.58      0.51        65
          R       0.51      0.35      0.41       117

avg / total       0.41      0.39      0.39       366

[[28  4 13 10  1 11 10]
 [ 1  4  2  2  0  5  6]
 [13  6 13  2  0  2  0]
 [ 5  0  1 17  0  9 13]
 [ 0  0  0  0  2  2  2]
 [ 4  1  4  7  2 38  9]
 [15  5  7 29  2 18 41]]

WE(SOMA)
NB Bernoulli
Classification_report:
             precision    recall  f1-score   support

          B       0.55      0.36      0.44       179
          C       0.06      0.10      0.08        20
          G       0.24      0.33      0.28        36
          M       0.29      0.46      0.35        59
          O       0.00      0.00      0.00         1
          P       0.46      0.60      0.52        68
          R       0.32      0.23      0.27       102

avg / total       0.41      0.37      0.37       465

[[65 18 27 26  4 17 22]
 [ 3  2  3  3  0  5  4]
 [15  1 12  5  0  0  3]
 [ 7  4  2 27  0  7 12]
 [ 0  0  0  1  0  0  0]
 [ 7  3  2  6  2 41  7]
 [22  5  5 26  1 20 23]]

WE(MEDIA)
NB Bernoulli
Classification_report:
             precision    recall  f1-score   support

          B       0.55      0.36      0.44       179
          C       0.06      0.10      0.08        20
          G       0.24      0.33      0.28        36
          M       0.29      0.46      0.35        59
          O       0.00      0.00      0.00         1
          P       0.46      0.60      0.52        68
          R       0.32      0.23      0.27       102

avg / total       0.41      0.37      0.37       465

[[65 18 27 26  4 17 22]
 [ 3  2  3  3  0  5  4]
 [15  1 12  5  0  0  3]
 [ 7  4  2 27  0  7 12]
 [ 0  0  0  1  0  0  0]
 [ 7  3  2  6  2 41  7]
 [22  5  5 26  1 20 23]]

WE(SOMA)
NB Bernoulli
Classification_report:
             precision    recall  f1-score   support

          B       0.57      0.36      0.44       256
          C       0.13      0.20      0.16        40
          G       0.26      0.46      0.34        72
          M       0.22      0.27      0.24       104
          O       0.23      0.43      0.30         7
          P       0.45      0.62      0.52       133
          R       0.41      0.30      0.35       219

avg / total       0.42      0.38      0.38       831

[[92 13 60 36  1 24 30]
 [ 2  8  8  3  1 11  7]
 [19  8 33  1  0  4  7]
 [11  4  5 28  1 19 36]
 [ 0  0  0  0  3  2  2]
 [ 5  8 10 12  3 83 12]
 [31 19  9 48  4 42 66]]

WE(MEDIA)
NB Bernoulli
Classification_report:
             precision    recall  f1-score   support

          B       0.57      0.36      0.44       256
          C       0.13      0.20      0.16        40
          G       0.26      0.46      0.34        72
          M       0.22      0.27      0.24       104
          O       0.23      0.43      0.30         7
          P       0.45      0.62      0.52       133
          R       0.41      0.30      0.35       219

avg / total       0.42      0.38      0.38       831

[[92 13 60 36  1 24 30]
 [ 2  8  8  3  1 11  7]
 [19  8 33  1  0  4  7]
 [11  4  5 28  1 19 36]
 [ 0  0  0  0  3  2  2]
 [ 5  8 10 12  3 83 12]
 [31 19  9 48  4 42 66]]
