WE(SOMA)
NB Bernoulli
Classification_report:
             precision    recall  f1-score   support

          B       0.43      0.38      0.40        77
          C       0.32      0.30      0.31        20
          G       0.31      0.39      0.35        36
          M       0.26      0.36      0.30        45
          O       0.12      0.17      0.14         6
          P       0.45      0.60      0.52        65
          R       0.50      0.34      0.41       117

avg / total       0.41      0.40      0.40       366

[[29  3 16  6  1 11 11]
 [ 1  6  0  1  0  7  5]
 [12  4 14  2  0  2  2]
 [ 4  1  2 16  0  9 13]
 [ 0  0  0  0  1  3  2]
 [ 4  1  5  6  3 39  7]
 [17  4  8 30  3 15 40]]

WE(MEDIA)
NB Bernoulli
Classification_report:
             precision    recall  f1-score   support

          B       0.43      0.38      0.40        77
          C       0.32      0.30      0.31        20
          G       0.31      0.39      0.35        36
          M       0.26      0.36      0.30        45
          O       0.12      0.17      0.14         6
          P       0.45      0.60      0.52        65
          R       0.50      0.34      0.41       117

avg / total       0.41      0.40      0.40       366

[[29  3 16  6  1 11 11]
 [ 1  6  0  1  0  7  5]
 [12  4 14  2  0  2  2]
 [ 4  1  2 16  0  9 13]
 [ 0  0  0  0  1  3  2]
 [ 4  1  5  6  3 39  7]
 [17  4  8 30  3 15 40]]

WE(SOMA)
NB Bernoulli
Classification_report:
             precision    recall  f1-score   support

          B       0.56      0.36      0.44       179
          C       0.05      0.10      0.07        20
          G       0.24      0.39      0.30        36
          M       0.27      0.41      0.32        59
          O       0.00      0.00      0.00         1
          P       0.39      0.53      0.45        68
          R       0.25      0.16      0.19       102

avg / total       0.38      0.34      0.34       465

[[65 17 31 25  3 21 17]
 [ 6  2  3  2  0  3  4]
 [14  1 14  4  0  0  3]
 [ 7  4  2 24  0  8 14]
 [ 0  0  0  1  0  0  0]
 [ 6  7  1  6  3 36  9]
 [19  7  7 27  1 25 16]]

WE(MEDIA)
NB Bernoulli
Classification_report:
             precision    recall  f1-score   support

          B       0.56      0.36      0.44       179
          C       0.05      0.10      0.07        20
          G       0.24      0.39      0.30        36
          M       0.27      0.41      0.32        59
          O       0.00      0.00      0.00         1
          P       0.39      0.53      0.45        68
          R       0.25      0.16      0.19       102

avg / total       0.38      0.34      0.34       465

[[65 17 31 25  3 21 17]
 [ 6  2  3  2  0  3  4]
 [14  1 14  4  0  0  3]
 [ 7  4  2 24  0  8 14]
 [ 0  0  0  1  0  0  0]
 [ 6  7  1  6  3 36  9]
 [19  7  7 27  1 25 16]]

WE(SOMA)
NB Bernoulli
Classification_report:
             precision    recall  f1-score   support

          B       0.56      0.36      0.44       256
          C       0.16      0.23      0.19        40
          G       0.27      0.50      0.35        72
          M       0.25      0.32      0.28       104
          O       0.21      0.43      0.29         7
          P       0.44      0.62      0.51       133
          R       0.44      0.28      0.34       219

avg / total       0.42      0.38      0.39       831

[[93 15 61 33  1 28 25]
 [ 2  9  7  4  1 11  6]
 [20  7 36  3  0  2  4]
 [13  4  4 33  2 19 29]
 [ 0  0  0  0  3  2  2]
 [ 7  7  8 12  3 82 14]
 [32 15 18 46  4 42 62]]

WE(MEDIA)
NB Bernoulli
Classification_report:
             precision    recall  f1-score   support

          B       0.56      0.36      0.44       256
          C       0.16      0.23      0.19        40
          G       0.27      0.50      0.35        72
          M       0.25      0.32      0.28       104
          O       0.21      0.43      0.29         7
          P       0.44      0.62      0.51       133
          R       0.44      0.28      0.34       219

avg / total       0.42      0.38      0.39       831

[[93 15 61 33  1 28 25]
 [ 2  9  7  4  1 11  6]
 [20  7 36  3  0  2  4]
 [13  4  4 33  2 19 29]
 [ 0  0  0  0  3  2  2]
 [ 7  7  8 12  3 82 14]
 [32 15 18 46  4 42 62]]
