WE(SOMA)
NB Bernoulli
Classification_report:
             precision    recall  f1-score   support

          B       0.38      0.36      0.37        77
          C       0.31      0.20      0.24        20
          G       0.28      0.19      0.23        36
          M       0.27      0.31      0.29        45
          O       0.40      0.33      0.36         6
          P       0.45      0.55      0.50        65
          R       0.46      0.47      0.47       117

avg / total       0.39      0.40      0.39       366

[[28  3 10  7  0 11 18]
 [ 2  4  0  2  0  3  9]
 [15  1  7  2  0  2  9]
 [ 3  0  2 14  0 11 15]
 [ 0  1  0  0  2  1  2]
 [ 7  2  2  6  1 36 11]
 [18  2  4 20  2 16 55]]

WE(MEDIA)
NB Bernoulli
Classification_report:
             precision    recall  f1-score   support

          B       0.38      0.36      0.37        77
          C       0.31      0.20      0.24        20
          G       0.28      0.19      0.23        36
          M       0.27      0.31      0.29        45
          O       0.40      0.33      0.36         6
          P       0.45      0.55      0.50        65
          R       0.46      0.47      0.47       117

avg / total       0.39      0.40      0.39       366

[[28  3 10  7  0 11 18]
 [ 2  4  0  2  0  3  9]
 [15  1  7  2  0  2  9]
 [ 3  0  2 14  0 11 15]
 [ 0  1  0  0  2  1  2]
 [ 7  2  2  6  1 36 11]
 [18  2  4 20  2 16 55]]

WE(SOMA)
NB Bernoulli
Classification_report:
             precision    recall  f1-score   support

          B       0.56      0.54      0.55       179
          C       0.00      0.00      0.00        20
          G       0.24      0.25      0.25        36
          M       0.25      0.31      0.27        59
          O       0.00      0.00      0.00         1
          P       0.44      0.60      0.51        68
          R       0.36      0.28      0.32       102

avg / total       0.41      0.42      0.41       465

[[97  4 20 19  1 19 19]
 [ 9  0  2  2  0  3  4]
 [17  1  9  3  0  0  6]
 [14  2  3 18  0 10 12]
 [ 0  0  0  0  0  0  1]
 [ 7  1  1  8  1 41  9]
 [28  1  2 22  0 20 29]]

WE(MEDIA)
NB Bernoulli
Classification_report:
             precision    recall  f1-score   support

          B       0.56      0.54      0.55       179
          C       0.00      0.00      0.00        20
          G       0.24      0.25      0.25        36
          M       0.25      0.31      0.27        59
          O       0.00      0.00      0.00         1
          P       0.44      0.60      0.51        68
          R       0.36      0.28      0.32       102

avg / total       0.41      0.42      0.41       465

[[97  4 20 19  1 19 19]
 [ 9  0  2  2  0  3  4]
 [17  1  9  3  0  0  6]
 [14  2  3 18  0 10 12]
 [ 0  0  0  0  0  0  1]
 [ 7  1  1  8  1 41  9]
 [28  1  2 22  0 20 29]]

WE(SOMA)
NB Bernoulli
Classification_report:
             precision    recall  f1-score   support

          B       0.46      0.45      0.46       256
          C       0.17      0.10      0.13        40
          G       0.26      0.26      0.26        72
          M       0.25      0.23      0.24       104
          O       0.18      0.29      0.22         7
          P       0.42      0.59      0.50       133
          R       0.44      0.38      0.41       219

avg / total       0.39      0.39      0.39       831

[[116  10  39  21   1  33  36]
 [ 11   4   3   1   1  11   9]
 [ 34   0  19   3   0   6  10]
 [ 24   1   3  24   0  23  29]
 [  0   0   0   0   2   2   3]
 [ 15   3   2  12   3  79  19]
 [ 51   5   8  35   4  32  84]]

WE(MEDIA)
NB Bernoulli
Classification_report:
             precision    recall  f1-score   support

          B       0.46      0.45      0.46       256
          C       0.17      0.10      0.13        40
          G       0.26      0.26      0.26        72
          M       0.25      0.23      0.24       104
          O       0.18      0.29      0.22         7
          P       0.42      0.59      0.50       133
          R       0.44      0.38      0.41       219

avg / total       0.39      0.39      0.39       831

[[116  10  39  21   1  33  36]
 [ 11   4   3   1   1  11   9]
 [ 34   0  19   3   0   6  10]
 [ 24   1   3  24   0  23  29]
 [  0   0   0   0   2   2   3]
 [ 15   3   2  12   3  79  19]
 [ 51   5   8  35   4  32  84]]
