WE(SOMA)
NB Bernoulli
Classification_report:
             precision    recall  f1-score   support

          B       0.37      0.45      0.41        77
          C       0.38      0.15      0.21        20
          G       0.41      0.25      0.31        36
          M       0.27      0.29      0.28        45
          O       0.25      0.17      0.20         6
          P       0.61      0.62      0.61        65
          R       0.46      0.48      0.47       117

avg / total       0.43      0.43      0.42       366

[[35  1  8  7  0  8 18]
 [ 4  3  0  1  1  1 10]
 [17  1  9  2  0  1  6]
 [ 5  0  1 13  0  5 21]
 [ 1  0  0  0  1  3  1]
 [ 6  2  3  4  0 40 10]
 [27  1  1 22  2  8 56]]

WE(MEDIA)
NB Bernoulli
Classification_report:
             precision    recall  f1-score   support

          B       0.37      0.45      0.41        77
          C       0.38      0.15      0.21        20
          G       0.41      0.25      0.31        36
          M       0.27      0.29      0.28        45
          O       0.25      0.17      0.20         6
          P       0.61      0.62      0.61        65
          R       0.46      0.48      0.47       117

avg / total       0.43      0.43      0.42       366

[[35  1  8  7  0  8 18]
 [ 4  3  0  1  1  1 10]
 [17  1  9  2  0  1  6]
 [ 5  0  1 13  0  5 21]
 [ 1  0  0  0  1  3  1]
 [ 6  2  3  4  0 40 10]
 [27  1  1 22  2  8 56]]

WE(SOMA)
NB Bernoulli
Classification_report:
             precision    recall  f1-score   support

          B       0.57      0.56      0.57       179
          C       0.00      0.00      0.00        20
          G       0.28      0.22      0.25        36
          M       0.30      0.39      0.34        59
          O       0.00      0.00      0.00         1
          P       0.47      0.60      0.53        68
          R       0.38      0.32      0.35       102

avg / total       0.43      0.44      0.43       465

[[101   2  14  19   1  18  24]
 [  8   0   2   2   0   3   5]
 [ 18   0   8   4   0   1   5]
 [ 15   0   1  23   0   8  12]
 [  0   0   0   0   0   0   1]
 [  9   1   2   7   0  41   8]
 [ 27   3   2  21   0  16  33]]

WE(MEDIA)
NB Bernoulli
Classification_report:
             precision    recall  f1-score   support

          B       0.57      0.56      0.57       179
          C       0.00      0.00      0.00        20
          G       0.28      0.22      0.25        36
          M       0.30      0.39      0.34        59
          O       0.00      0.00      0.00         1
          P       0.47      0.60      0.53        68
          R       0.38      0.32      0.35       102

avg / total       0.43      0.44      0.43       465

[[101   2  14  19   1  18  24]
 [  8   0   2   2   0   3   5]
 [ 18   0   8   4   0   1   5]
 [ 15   0   1  23   0   8  12]
 [  0   0   0   0   0   0   1]
 [  9   1   2   7   0  41   8]
 [ 27   3   2  21   0  16  33]]

WE(SOMA)
NB Bernoulli
Classification_report:
             precision    recall  f1-score   support

          B       0.50      0.52      0.51       256
          C       0.17      0.10      0.13        40
          G       0.39      0.29      0.33        72
          M       0.26      0.24      0.25       104
          O       0.17      0.14      0.15         7
          P       0.50      0.67      0.57       133
          R       0.43      0.42      0.42       219

avg / total       0.42      0.44      0.43       831

[[132   8  27  19   0  26  44]
 [ 12   4   1   1   1   7  14]
 [ 33   2  21   3   0   5   8]
 [ 23   0   1  25   0  15  40]
 [  0   0   0   0   1   3   3]
 [ 15   4   3  10   1  89  11]
 [ 50   5   1  37   3  32  91]]

WE(MEDIA)
NB Bernoulli
Classification_report:
             precision    recall  f1-score   support

          B       0.50      0.52      0.51       256
          C       0.17      0.10      0.13        40
          G       0.39      0.29      0.33        72
          M       0.26      0.24      0.25       104
          O       0.17      0.14      0.15         7
          P       0.50      0.67      0.57       133
          R       0.43      0.42      0.42       219

avg / total       0.42      0.44      0.43       831

[[132   8  27  19   0  26  44]
 [ 12   4   1   1   1   7  14]
 [ 33   2  21   3   0   5   8]
 [ 23   0   1  25   0  15  40]
 [  0   0   0   0   1   3   3]
 [ 15   4   3  10   1  89  11]
 [ 50   5   1  37   3  32  91]]
