WE(SOMA)
NB Bernoulli
Classification_report:
             precision    recall  f1-score   support

          B       0.28      0.30      0.29        77
          C       0.17      0.05      0.08        20
          G       0.16      0.08      0.11        36
          M       0.22      0.22      0.22        45
          O       0.00      0.00      0.00         6
          P       0.24      0.18      0.21        65
          R       0.34      0.47      0.40       117

avg / total       0.26      0.28      0.27       366

[[23  2  8  7  2  6 29]
 [ 3  1  1  1  0  6  8]
 [14  0  3  1  0  1 17]
 [ 7  0  1 10  0  6 21]
 [ 0  0  0  1  0  0  5]
 [12  2  1 12  0 12 26]
 [22  1  5 13  2 19 55]]

WE(MEDIA)
NB Bernoulli
Classification_report:
             precision    recall  f1-score   support

          B       0.28      0.30      0.29        77
          C       0.17      0.05      0.08        20
          G       0.16      0.08      0.11        36
          M       0.22      0.22      0.22        45
          O       0.00      0.00      0.00         6
          P       0.24      0.18      0.21        65
          R       0.34      0.47      0.40       117

avg / total       0.26      0.28      0.27       366

[[23  2  8  7  2  6 29]
 [ 3  1  1  1  0  6  8]
 [14  0  3  1  0  1 17]
 [ 7  0  1 10  0  6 21]
 [ 0  0  0  1  0  0  5]
 [12  2  1 12  0 12 26]
 [22  1  5 13  2 19 55]]

WE(SOMA)
NB Bernoulli
Classification_report:
             precision    recall  f1-score   support

          B       0.42      0.55      0.48       179
          C       0.00      0.00      0.00        20
          G       0.00      0.00      0.00        36
          M       0.28      0.25      0.27        59
          O       0.00      0.00      0.00         1
          P       0.41      0.44      0.43        68
          R       0.16      0.14      0.15       102

avg / total       0.29      0.34      0.31       465

[[98  6  8 17  0 19 31]
 [10  0  0  2  0  4  4]
 [27  0  0  1  0  1  7]
 [23  1  0 15  0  5 15]
 [ 1  0  0  0  0  0  0]
 [15  0  0  6  0 30 17]
 [58  1  3 12  0 14 14]]

WE(MEDIA)
NB Bernoulli
Classification_report:
             precision    recall  f1-score   support

          B       0.42      0.55      0.48       179
          C       0.00      0.00      0.00        20
          G       0.00      0.00      0.00        36
          M       0.28      0.25      0.27        59
          O       0.00      0.00      0.00         1
          P       0.41      0.44      0.43        68
          R       0.16      0.14      0.15       102

avg / total       0.29      0.34      0.31       465

[[98  6  8 17  0 19 31]
 [10  0  0  2  0  4  4]
 [27  0  0  1  0  1  7]
 [23  1  0 15  0  5 15]
 [ 1  0  0  0  0  0  0]
 [15  0  0  6  0 30 17]
 [58  1  3 12  0 14 14]]

WE(SOMA)
NB Bernoulli
Classification_report:
             precision    recall  f1-score   support

          B       0.41      0.49      0.44       256
          C       0.11      0.03      0.04        40
          G       0.00      0.00      0.00        72
          M       0.27      0.14      0.19       104
          O       0.00      0.00      0.00         7
          P       0.31      0.39      0.35       133
          R       0.28      0.34      0.31       219

avg / total       0.29      0.32      0.30       831

[[126   4   6  13   2  31  74]
 [ 17   1   1   2   0  10   9]
 [ 44   0   0   2   0   6  20]
 [ 24   1   1  15   0  20  43]
 [  1   0   0   0   0   2   4]
 [ 26   0   1   7   2  52  45]
 [ 73   3   3  16   2  47  75]]

WE(MEDIA)
NB Bernoulli
Classification_report:
             precision    recall  f1-score   support

          B       0.41      0.49      0.44       256
          C       0.11      0.03      0.04        40
          G       0.00      0.00      0.00        72
          M       0.27      0.14      0.19       104
          O       0.00      0.00      0.00         7
          P       0.31      0.39      0.35       133
          R       0.28      0.34      0.31       219

avg / total       0.29      0.32      0.30       831

[[126   4   6  13   2  31  74]
 [ 17   1   1   2   0  10   9]
 [ 44   0   0   2   0   6  20]
 [ 24   1   1  15   0  20  43]
 [  1   0   0   0   0   2   4]
 [ 26   0   1   7   2  52  45]
 [ 73   3   3  16   2  47  75]]
