WE(SOMA)
NB Bernoulli
Classification_report:
             precision    recall  f1-score   support

          B       0.37      0.34      0.35        77
          C       0.20      0.15      0.17        20
          G       0.32      0.28      0.30        36
          M       0.24      0.22      0.23        45
          O       0.33      0.33      0.33         6
          P       0.34      0.46      0.39        65
          R       0.45      0.44      0.44       117

avg / total       0.36      0.36      0.36       366

[[26  3 11  5  1 14 17]
 [ 2  3  0  0  1  5  9]
 [14  1 10  2  0  4  5]
 [ 3  1  1 10  0 16 14]
 [ 0  1  0  0  2  1  2]
 [ 6  2  4  7  0 30 16]
 [19  4  5 17  2 19 51]]

WE(MEDIA)
NB Bernoulli
Classification_report:
             precision    recall  f1-score   support

          B       0.37      0.34      0.35        77
          C       0.20      0.15      0.17        20
          G       0.32      0.28      0.30        36
          M       0.24      0.22      0.23        45
          O       0.33      0.33      0.33         6
          P       0.34      0.46      0.39        65
          R       0.45      0.44      0.44       117

avg / total       0.36      0.36      0.36       366

[[26  3 11  5  1 14 17]
 [ 2  3  0  0  1  5  9]
 [14  1 10  2  0  4  5]
 [ 3  1  1 10  0 16 14]
 [ 0  1  0  0  2  1  2]
 [ 6  2  4  7  0 30 16]
 [19  4  5 17  2 19 51]]

WE(SOMA)
NB Bernoulli
Classification_report:
             precision    recall  f1-score   support

          B       0.53      0.49      0.51       179
          C       0.00      0.00      0.00        20
          G       0.15      0.17      0.16        36
          M       0.31      0.31      0.31        59
          O       0.00      0.00      0.00         1
          P       0.36      0.51      0.42        68
          R       0.27      0.23      0.25       102

avg / total       0.37      0.37      0.36       465

[[88  6 19 16  1 25 24]
 [ 7  0  2  2  0  5  4]
 [20  0  6  4  0  2  4]
 [11  3  1 18  0  9 17]
 [ 0  0  0  0  0  0  1]
 [ 7  4  3  6  1 35 12]
 [34  2  8 13  1 21 23]]

WE(MEDIA)
NB Bernoulli
Classification_report:
             precision    recall  f1-score   support

          B       0.53      0.49      0.51       179
          C       0.00      0.00      0.00        20
          G       0.15      0.17      0.16        36
          M       0.31      0.31      0.31        59
          O       0.00      0.00      0.00         1
          P       0.36      0.51      0.42        68
          R       0.27      0.23      0.25       102

avg / total       0.37      0.37      0.36       465

[[88  6 19 16  1 25 24]
 [ 7  0  2  2  0  5  4]
 [20  0  6  4  0  2  4]
 [11  3  1 18  0  9 17]
 [ 0  0  0  0  0  0  1]
 [ 7  4  3  6  1 35 12]
 [34  2  8 13  1 21 23]]

WE(SOMA)
NB Bernoulli
Classification_report:
             precision    recall  f1-score   support

          B       0.44      0.43      0.44       256
          C       0.06      0.03      0.03        40
          G       0.31      0.31      0.31        72
          M       0.21      0.18      0.20       104
          O       0.11      0.14      0.12         7
          P       0.37      0.54      0.44       133
          R       0.42      0.39      0.41       219

avg / total       0.36      0.37      0.37       831

[[109   9  30  24   1  38  45]
 [ 16   1   1   2   2  10   8]
 [ 29   1  22   3   0  10   7]
 [ 22   1   2  19   0  25  35]
 [  0   0   0   1   1   2   3]
 [ 23   4   3  10   1  72  20]
 [ 46   2  13  30   4  38  86]]

WE(MEDIA)
NB Bernoulli
Classification_report:
             precision    recall  f1-score   support

          B       0.44      0.43      0.44       256
          C       0.06      0.03      0.03        40
          G       0.31      0.31      0.31        72
          M       0.21      0.18      0.20       104
          O       0.11      0.14      0.12         7
          P       0.37      0.54      0.44       133
          R       0.42      0.39      0.41       219

avg / total       0.36      0.37      0.37       831

[[109   9  30  24   1  38  45]
 [ 16   1   1   2   2  10   8]
 [ 29   1  22   3   0  10   7]
 [ 22   1   2  19   0  25  35]
 [  0   0   0   1   1   2   3]
 [ 23   4   3  10   1  72  20]
 [ 46   2  13  30   4  38  86]]
