WE(SOMA)
NB Bernoulli
Classification_report:
             precision    recall  f1-score   support

          B       0.47      0.47      0.47        77
          C       0.33      0.10      0.15        20
          G       0.32      0.28      0.30        36
          M       0.25      0.33      0.29        45
          O       0.40      0.33      0.36         6
          P       0.52      0.52      0.52        65
          R       0.45      0.47      0.46       117

avg / total       0.42      0.42      0.42       366

[[36  1 11  5  0  5 19]
 [ 1  2  1  2  1  2 11]
 [14  1 10  0  0  1 10]
 [ 3  0  2 15  0  7 18]
 [ 0  0  0  0  2  2  2]
 [ 6  1  4 12  0 34  8]
 [17  1  3 25  2 14 55]]

WE(MEDIA)
NB Bernoulli
Classification_report:
             precision    recall  f1-score   support

          B       0.47      0.47      0.47        77
          C       0.33      0.10      0.15        20
          G       0.32      0.28      0.30        36
          M       0.25      0.33      0.29        45
          O       0.40      0.33      0.36         6
          P       0.52      0.52      0.52        65
          R       0.45      0.47      0.46       117

avg / total       0.42      0.42      0.42       366

[[36  1 11  5  0  5 19]
 [ 1  2  1  2  1  2 11]
 [14  1 10  0  0  1 10]
 [ 3  0  2 15  0  7 18]
 [ 0  0  0  0  2  2  2]
 [ 6  1  4 12  0 34  8]
 [17  1  3 25  2 14 55]]

WE(SOMA)
NB Bernoulli
Classification_report:
             precision    recall  f1-score   support

          B       0.50      0.44      0.47       179
          C       0.00      0.00      0.00        20
          G       0.22      0.25      0.23        36
          M       0.30      0.37      0.33        59
          O       0.00      0.00      0.00         1
          P       0.46      0.57      0.51        68
          R       0.36      0.34      0.35       102

avg / total       0.39      0.39      0.39       465

[[78  5 25 17  1 19 34]
 [ 8  0  1  2  0  5  4]
 [19  0  9  3  0  0  5]
 [15  1  1 22  0  7 13]
 [ 0  0  0  0  0  0  1]
 [10  1  2  9  1 39  6]
 [25  2  3 21  1 15 35]]

WE(MEDIA)
NB Bernoulli
Classification_report:
             precision    recall  f1-score   support

          B       0.50      0.44      0.47       179
          C       0.00      0.00      0.00        20
          G       0.22      0.25      0.23        36
          M       0.30      0.37      0.33        59
          O       0.00      0.00      0.00         1
          P       0.46      0.57      0.51        68
          R       0.36      0.34      0.35       102

avg / total       0.39      0.39      0.39       465

[[78  5 25 17  1 19 34]
 [ 8  0  1  2  0  5  4]
 [19  0  9  3  0  0  5]
 [15  1  1 22  0  7 13]
 [ 0  0  0  0  0  0  1]
 [10  1  2  9  1 39  6]
 [25  2  3 21  1 15 35]]

WE(SOMA)
NB Bernoulli
Classification_report:
             precision    recall  f1-score   support

          B       0.49      0.45      0.47       256
          C       0.16      0.15      0.16        40
          G       0.33      0.35      0.34        72
          M       0.21      0.23      0.22       104
          O       0.25      0.29      0.27         7
          P       0.52      0.63      0.57       133
          R       0.38      0.34      0.36       219

avg / total       0.40      0.40      0.40       831

[[115  10  37  24   1  24  45]
 [ 13   6   1   3   1   8   8]
 [ 29   2  25   4   0   4   8]
 [ 22   3   2  24   0  13  40]
 [  0   0   0   0   2   2   3]
 [ 16   3   6   6   2  84  16]
 [ 42  13   5  55   2  27  75]]

WE(MEDIA)
NB Bernoulli
Classification_report:
             precision    recall  f1-score   support

          B       0.49      0.45      0.47       256
          C       0.16      0.15      0.16        40
          G       0.33      0.35      0.34        72
          M       0.21      0.23      0.22       104
          O       0.25      0.29      0.27         7
          P       0.52      0.63      0.57       133
          R       0.38      0.34      0.36       219

avg / total       0.40      0.40      0.40       831

[[115  10  37  24   1  24  45]
 [ 13   6   1   3   1   8   8]
 [ 29   2  25   4   0   4   8]
 [ 22   3   2  24   0  13  40]
 [  0   0   0   0   2   2   3]
 [ 16   3   6   6   2  84  16]
 [ 42  13   5  55   2  27  75]]
