WE(SOMA)
NB Bernoulli
Classification_report:
             precision    recall  f1-score   support

          B       0.36      0.35      0.35        77
          C       0.12      0.05      0.07        20
          G       0.10      0.06      0.07        36
          M       0.24      0.16      0.19        45
          O       0.25      0.17      0.20         6
          P       0.33      0.49      0.39        65
          R       0.43      0.48      0.45       117

avg / total       0.32      0.34      0.33       366

[[27  4 11  6  0 11 18]
 [ 4  1  1  0  0  4 10]
 [18  1  2  0  0  2 13]
 [ 3  0  0  7  1 20 14]
 [ 0  0  0  1  1  1  3]
 [ 5  1  5  5  1 32 16]
 [19  1  2 10  1 28 56]]

WE(MEDIA)
NB Bernoulli
Classification_report:
             precision    recall  f1-score   support

          B       0.36      0.35      0.35        77
          C       0.12      0.05      0.07        20
          G       0.10      0.06      0.07        36
          M       0.24      0.16      0.19        45
          O       0.25      0.17      0.20         6
          P       0.33      0.49      0.39        65
          R       0.43      0.48      0.45       117

avg / total       0.32      0.34      0.33       366

[[27  4 11  6  0 11 18]
 [ 4  1  1  0  0  4 10]
 [18  1  2  0  0  2 13]
 [ 3  0  0  7  1 20 14]
 [ 0  0  0  1  1  1  3]
 [ 5  1  5  5  1 32 16]
 [19  1  2 10  1 28 56]]

WE(SOMA)
NB Bernoulli
Classification_report:
             precision    recall  f1-score   support

          B       0.45      0.49      0.47       179
          C       0.00      0.00      0.00        20
          G       0.22      0.19      0.21        36
          M       0.19      0.15      0.17        59
          O       0.00      0.00      0.00         1
          P       0.27      0.37      0.31        68
          R       0.23      0.20      0.21       102

avg / total       0.30      0.32      0.31       465

[[87  4 17 14  1 26 30]
 [ 7  0  1  2  0  7  3]
 [22  0  7  2  0  2  3]
 [23  0  2  9  0  8 17]
 [ 1  0  0  0  0  0  0]
 [21  1  1  4  1 25 15]
 [34  3  4 16  0 25 20]]

WE(MEDIA)
NB Bernoulli
Classification_report:
             precision    recall  f1-score   support

          B       0.45      0.49      0.47       179
          C       0.00      0.00      0.00        20
          G       0.22      0.19      0.21        36
          M       0.19      0.15      0.17        59
          O       0.00      0.00      0.00         1
          P       0.27      0.37      0.31        68
          R       0.23      0.20      0.21       102

avg / total       0.30      0.32      0.31       465

[[87  4 17 14  1 26 30]
 [ 7  0  1  2  0  7  3]
 [22  0  7  2  0  2  3]
 [23  0  2  9  0  8 17]
 [ 1  0  0  0  0  0  0]
 [21  1  1  4  1 25 15]
 [34  3  4 16  0 25 20]]

WE(SOMA)
NB Bernoulli
Classification_report:
             precision    recall  f1-score   support

          B       0.43      0.48      0.45       256
          C       0.17      0.05      0.08        40
          G       0.20      0.15      0.17        72
          M       0.22      0.11      0.14       104
          O       0.14      0.14      0.14         7
          P       0.34      0.50      0.41       133
          R       0.34      0.36      0.35       219

avg / total       0.33      0.35      0.33       831

[[122   5  24  12   2  38  53]
 [ 15   2   1   1   0   8  13]
 [ 44   0  11   1   0   4  12]
 [ 24   1   3  11   1  23  41]
 [  0   0   0   0   1   3   3]
 [ 23   2   6   5   2  67  28]
 [ 53   2  11  20   1  54  78]]

WE(MEDIA)
NB Bernoulli
Classification_report:
             precision    recall  f1-score   support

          B       0.43      0.48      0.45       256
          C       0.17      0.05      0.08        40
          G       0.20      0.15      0.17        72
          M       0.22      0.11      0.14       104
          O       0.14      0.14      0.14         7
          P       0.34      0.50      0.41       133
          R       0.34      0.36      0.35       219

avg / total       0.33      0.35      0.33       831

[[122   5  24  12   2  38  53]
 [ 15   2   1   1   0   8  13]
 [ 44   0  11   1   0   4  12]
 [ 24   1   3  11   1  23  41]
 [  0   0   0   0   1   3   3]
 [ 23   2   6   5   2  67  28]
 [ 53   2  11  20   1  54  78]]
