WE(SOMA)
NB Bernoulli
Classification_report:
             precision    recall  f1-score   support

          B       0.41      0.38      0.39        77
          C       0.26      0.25      0.26        20
          G       0.34      0.28      0.31        36
          M       0.24      0.31      0.27        45
          O       0.33      0.17      0.22         6
          P       0.54      0.60      0.57        65
          R       0.45      0.44      0.45       117

avg / total       0.41      0.41      0.41       366

[[29  5 12 10  0  5 16]
 [ 4  5  0  0  0  4  7]
 [13  1 10  0  0  4  8]
 [ 5  1  2 14  0  5 18]
 [ 0  2  0  0  1  2  1]
 [ 1  2  3  6  1 39 13]
 [18  3  2 28  1 13 52]]

WE(MEDIA)
NB Bernoulli
Classification_report:
             precision    recall  f1-score   support

          B       0.41      0.38      0.39        77
          C       0.26      0.25      0.26        20
          G       0.34      0.28      0.31        36
          M       0.24      0.31      0.27        45
          O       0.33      0.17      0.22         6
          P       0.54      0.60      0.57        65
          R       0.45      0.44      0.45       117

avg / total       0.41      0.41      0.41       366

[[29  5 12 10  0  5 16]
 [ 4  5  0  0  0  4  7]
 [13  1 10  0  0  4  8]
 [ 5  1  2 14  0  5 18]
 [ 0  2  0  0  1  2  1]
 [ 1  2  3  6  1 39 13]
 [18  3  2 28  1 13 52]]

WE(SOMA)
NB Bernoulli
Classification_report:
             precision    recall  f1-score   support

          B       0.51      0.42      0.46       179
          C       0.00      0.00      0.00        20
          G       0.18      0.22      0.20        36
          M       0.26      0.37      0.31        59
          O       0.00      0.00      0.00         1
          P       0.42      0.54      0.47        68
          R       0.31      0.25      0.27       102

avg / total       0.37      0.36      0.36       465

[[76 11 29 19  0 17 27]
 [ 6  0  1  4  0  5  4]
 [19  0  8  5  0  0  4]
 [12  3  1 22  0 10 11]
 [ 0  0  0  1  0  0  0]
 [ 9  2  1 10  0 37  9]
 [26  4  5 23  0 19 25]]

WE(MEDIA)
NB Bernoulli
Classification_report:
             precision    recall  f1-score   support

          B       0.51      0.42      0.46       179
          C       0.00      0.00      0.00        20
          G       0.18      0.22      0.20        36
          M       0.26      0.37      0.31        59
          O       0.00      0.00      0.00         1
          P       0.42      0.54      0.47        68
          R       0.31      0.25      0.27       102

avg / total       0.37      0.36      0.36       465

[[76 11 29 19  0 17 27]
 [ 6  0  1  4  0  5  4]
 [19  0  8  5  0  0  4]
 [12  3  1 22  0 10 11]
 [ 0  0  0  1  0  0  0]
 [ 9  2  1 10  0 37  9]
 [26  4  5 23  0 19 25]]

WE(SOMA)
NB Bernoulli
Classification_report:
             precision    recall  f1-score   support

          B       0.48      0.41      0.44       256
          C       0.15      0.20      0.17        40
          G       0.29      0.35      0.32        72
          M       0.20      0.20      0.20       104
          O       0.10      0.14      0.12         7
          P       0.46      0.62      0.52       133
          R       0.37      0.31      0.33       219

avg / total       0.38      0.37      0.37       831

[[104  15  42  26   2  25  42]
 [  9   8   1   3   2   8   9]
 [ 31   3  25   1   0   5   7]
 [ 20   6   2  21   1  19  35]
 [  0   1   0   0   1   2   3]
 [  8   8   4  11   2  82  18]
 [ 44  14  11  42   2  39  67]]

WE(MEDIA)
NB Bernoulli
Classification_report:
             precision    recall  f1-score   support

          B       0.48      0.41      0.44       256
          C       0.15      0.20      0.17        40
          G       0.29      0.35      0.32        72
          M       0.20      0.20      0.20       104
          O       0.10      0.14      0.12         7
          P       0.46      0.62      0.52       133
          R       0.37      0.31      0.33       219

avg / total       0.38      0.37      0.37       831

[[104  15  42  26   2  25  42]
 [  9   8   1   3   2   8   9]
 [ 31   3  25   1   0   5   7]
 [ 20   6   2  21   1  19  35]
 [  0   1   0   0   1   2   3]
 [  8   8   4  11   2  82  18]
 [ 44  14  11  42   2  39  67]]
