WE(SOMA)
NB Bernoulli
Classification_report:
             precision    recall  f1-score   support

          B       0.31      0.30      0.30        77
          C       0.33      0.25      0.29        20
          G       0.24      0.22      0.23        36
          M       0.30      0.38      0.34        45
          O       0.25      0.17      0.20         6
          P       0.49      0.54      0.51        65
          R       0.43      0.41      0.42       117

avg / total       0.37      0.37      0.37       366

[[23  3 16  8  1  7 19]
 [ 3  5  0  2  0  3  7]
 [15  0  8  0  0  4  9]
 [ 6  0  2 17  0  7 13]
 [ 0  1  0  0  1  2  2]
 [ 4  3  3  7  0 35 13]
 [23  3  5 22  2 14 48]]

WE(MEDIA)
NB Bernoulli
Classification_report:
             precision    recall  f1-score   support

          B       0.31      0.30      0.30        77
          C       0.33      0.25      0.29        20
          G       0.24      0.22      0.23        36
          M       0.30      0.38      0.34        45
          O       0.25      0.17      0.20         6
          P       0.49      0.54      0.51        65
          R       0.43      0.41      0.42       117

avg / total       0.37      0.37      0.37       366

[[23  3 16  8  1  7 19]
 [ 3  5  0  2  0  3  7]
 [15  0  8  0  0  4  9]
 [ 6  0  2 17  0  7 13]
 [ 0  1  0  0  1  2  2]
 [ 4  3  3  7  0 35 13]
 [23  3  5 22  2 14 48]]

WE(SOMA)
NB Bernoulli
Classification_report:
             precision    recall  f1-score   support

          B       0.52      0.45      0.48       179
          C       0.07      0.05      0.06        20
          G       0.25      0.25      0.25        36
          M       0.25      0.29      0.27        59
          O       0.00      0.00      0.00         1
          P       0.43      0.57      0.49        68
          R       0.25      0.24      0.24       102

avg / total       0.37      0.37      0.37       465

[[81  5 19 20  1 21 32]
 [ 7  1  3  1  0  3  5]
 [18  2  9  2  0  2  3]
 [12  1  1 17  0  7 21]
 [ 0  0  0  0  0  0  1]
 [ 6  4  1  8  0 39 10]
 [32  2  3 20  2 19 24]]

WE(MEDIA)
NB Bernoulli
Classification_report:
             precision    recall  f1-score   support

          B       0.52      0.45      0.48       179
          C       0.07      0.05      0.06        20
          G       0.25      0.25      0.25        36
          M       0.25      0.29      0.27        59
          O       0.00      0.00      0.00         1
          P       0.43      0.57      0.49        68
          R       0.25      0.24      0.24       102

avg / total       0.37      0.37      0.37       465

[[81  5 19 20  1 21 32]
 [ 7  1  3  1  0  3  5]
 [18  2  9  2  0  2  3]
 [12  1  1 17  0  7 21]
 [ 0  0  0  0  0  0  1]
 [ 6  4  1  8  0 39 10]
 [32  2  3 20  2 19 24]]

WE(SOMA)
NB Bernoulli
Classification_report:
             precision    recall  f1-score   support

          B       0.50      0.42      0.46       256
          C       0.17      0.17      0.17        40
          G       0.25      0.28      0.26        72
          M       0.25      0.27      0.26       104
          O       0.11      0.14      0.12         7
          P       0.44      0.61      0.51       133
          R       0.39      0.33      0.36       219

avg / total       0.39      0.38      0.38       831

[[108  17  40  26   1  26  38]
 [ 10   7   3   0   1   7  12]
 [ 32   2  20   3   0   6   9]
 [ 17   1   4  28   0  21  33]
 [  0   0   0   0   1   2   4]
 [ 11   6   2  14   2  81  17]
 [ 40   7  12  41   4  43  72]]

WE(MEDIA)
NB Bernoulli
Classification_report:
             precision    recall  f1-score   support

          B       0.50      0.42      0.46       256
          C       0.17      0.17      0.17        40
          G       0.25      0.28      0.26        72
          M       0.25      0.27      0.26       104
          O       0.11      0.14      0.12         7
          P       0.44      0.61      0.51       133
          R       0.39      0.33      0.36       219

avg / total       0.39      0.38      0.38       831

[[108  17  40  26   1  26  38]
 [ 10   7   3   0   1   7  12]
 [ 32   2  20   3   0   6   9]
 [ 17   1   4  28   0  21  33]
 [  0   0   0   0   1   2   4]
 [ 11   6   2  14   2  81  17]
 [ 40   7  12  41   4  43  72]]
