WE(SOMA)
NB Bernoulli
Classification_report:
             precision    recall  f1-score   support

          B       0.40      0.35      0.38        77
          C       0.17      0.05      0.08        20
          G       0.36      0.42      0.38        36
          M       0.19      0.27      0.22        45
          O       0.00      0.00      0.00         6
          P       0.35      0.43      0.39        65
          R       0.42      0.38      0.40       117

avg / total       0.35      0.35      0.34       366

[[27  1 11 10  1  8 19]
 [ 2  1  3  1  0  7  6]
 [ 9  0 15  0  1  6  5]
 [ 5  0  1 12  1 12 14]
 [ 0  1  0  1  0  1  3]
 [ 5  1  7 11  0 28 13]
 [19  2  5 27  2 18 44]]

WE(MEDIA)
NB Bernoulli
Classification_report:
             precision    recall  f1-score   support

          B       0.40      0.35      0.38        77
          C       0.17      0.05      0.08        20
          G       0.36      0.42      0.38        36
          M       0.19      0.27      0.22        45
          O       0.00      0.00      0.00         6
          P       0.35      0.43      0.39        65
          R       0.42      0.38      0.40       117

avg / total       0.35      0.35      0.34       366

[[27  1 11 10  1  8 19]
 [ 2  1  3  1  0  7  6]
 [ 9  0 15  0  1  6  5]
 [ 5  0  1 12  1 12 14]
 [ 0  1  0  1  0  1  3]
 [ 5  1  7 11  0 28 13]
 [19  2  5 27  2 18 44]]

WE(SOMA)
NB Bernoulli
Classification_report:
             precision    recall  f1-score   support

          B       0.45      0.40      0.42       179
          C       0.00      0.00      0.00        20
          G       0.21      0.17      0.19        36
          M       0.33      0.39      0.36        59
          O       0.00      0.00      0.00         1
          P       0.34      0.49      0.40        68
          R       0.24      0.21      0.22       102

avg / total       0.34      0.33      0.33       465

[[72 12 17 17  1 29 31]
 [ 8  0  2  2  0  5  3]
 [18  2  6  3  0  1  6]
 [12  2  1 23  0  8 13]
 [ 0  0  0  0  0  0  1]
 [16  3  1  4  0 33 11]
 [34  5  1 20  0 21 21]]

WE(MEDIA)
NB Bernoulli
Classification_report:
             precision    recall  f1-score   support

          B       0.45      0.40      0.42       179
          C       0.00      0.00      0.00        20
          G       0.21      0.17      0.19        36
          M       0.33      0.39      0.36        59
          O       0.00      0.00      0.00         1
          P       0.34      0.49      0.40        68
          R       0.24      0.21      0.22       102

avg / total       0.34      0.33      0.33       465

[[72 12 17 17  1 29 31]
 [ 8  0  2  2  0  5  3]
 [18  2  6  3  0  1  6]
 [12  2  1 23  0  8 13]
 [ 0  0  0  0  0  0  1]
 [16  3  1  4  0 33 11]
 [34  5  1 20  0 21 21]]

WE(SOMA)
NB Bernoulli
Classification_report:
             precision    recall  f1-score   support

          B       0.42      0.43      0.43       256
          C       0.07      0.05      0.06        40
          G       0.24      0.21      0.22        72
          M       0.29      0.22      0.25       104
          O       0.00      0.00      0.00         7
          P       0.35      0.52      0.42       133
          R       0.33      0.29      0.31       219

avg / total       0.33      0.34      0.33       831

[[111  13  32  15   3  32  50]
 [  9   2   3   1   1  11  13]
 [ 39   1  15   1   0  10   6]
 [ 22   1   1  23   1  21  35]
 [  0   1   0   0   0   3   3]
 [ 26   4   5   5   0  69  24]
 [ 58   5   6  34   3  49  64]]

WE(MEDIA)
NB Bernoulli
Classification_report:
             precision    recall  f1-score   support

          B       0.42      0.43      0.43       256
          C       0.07      0.05      0.06        40
          G       0.24      0.21      0.22        72
          M       0.29      0.22      0.25       104
          O       0.00      0.00      0.00         7
          P       0.35      0.52      0.42       133
          R       0.33      0.29      0.31       219

avg / total       0.33      0.34      0.33       831

[[111  13  32  15   3  32  50]
 [  9   2   3   1   1  11  13]
 [ 39   1  15   1   0  10   6]
 [ 22   1   1  23   1  21  35]
 [  0   1   0   0   0   3   3]
 [ 26   4   5   5   0  69  24]
 [ 58   5   6  34   3  49  64]]
