WE(SOMA)
NB Bernoulli
Classification_report:
             precision    recall  f1-score   support

          B       0.41      0.42      0.41        77
          C       0.22      0.20      0.21        20
          G       0.36      0.28      0.31        36
          M       0.26      0.31      0.29        45
          O       0.00      0.00      0.00         6
          P       0.56      0.62      0.59        65
          R       0.44      0.44      0.44       117

avg / total       0.41      0.41      0.41       366

[[32  3 12  4  0  7 19]
 [ 4  4  1  0  0  3  8]
 [13  1 10  3  0  2  7]
 [ 5  0  0 14  0  6 20]
 [ 0  0  0  0  0  4  2]
 [ 3  3  2  7  0 40 10]
 [21  7  3 25  1  9 51]]

WE(MEDIA)
NB Bernoulli
Classification_report:
             precision    recall  f1-score   support

          B       0.41      0.42      0.41        77
          C       0.22      0.20      0.21        20
          G       0.36      0.28      0.31        36
          M       0.26      0.31      0.29        45
          O       0.00      0.00      0.00         6
          P       0.56      0.62      0.59        65
          R       0.44      0.44      0.44       117

avg / total       0.41      0.41      0.41       366

[[32  3 12  4  0  7 19]
 [ 4  4  1  0  0  3  8]
 [13  1 10  3  0  2  7]
 [ 5  0  0 14  0  6 20]
 [ 0  0  0  0  0  4  2]
 [ 3  3  2  7  0 40 10]
 [21  7  3 25  1  9 51]]

WE(SOMA)
NB Bernoulli
Classification_report:
             precision    recall  f1-score   support

          B       0.56      0.53      0.54       179
          C       0.08      0.05      0.06        20
          G       0.29      0.31      0.30        36
          M       0.31      0.41      0.35        59
          O       0.00      0.00      0.00         1
          P       0.48      0.57      0.52        68
          R       0.38      0.31      0.34       102

avg / total       0.43      0.43      0.43       465

[[95  4 23 20  2 17 18]
 [ 8  1  0  2  0  4  5]
 [20  0 11  2  0  1  2]
 [12  1  1 24  0  5 16]
 [ 0  0  0  1  0  0  0]
 [ 8  2  2  5  1 39 11]
 [27  4  1 23  0 15 32]]

WE(MEDIA)
NB Bernoulli
Classification_report:
             precision    recall  f1-score   support

          B       0.56      0.53      0.54       179
          C       0.08      0.05      0.06        20
          G       0.29      0.31      0.30        36
          M       0.31      0.41      0.35        59
          O       0.00      0.00      0.00         1
          P       0.48      0.57      0.52        68
          R       0.38      0.31      0.34       102

avg / total       0.43      0.43      0.43       465

[[95  4 23 20  2 17 18]
 [ 8  1  0  2  0  4  5]
 [20  0 11  2  0  1  2]
 [12  1  1 24  0  5 16]
 [ 0  0  0  1  0  0  0]
 [ 8  2  2  5  1 39 11]
 [27  4  1 23  0 15 32]]

WE(SOMA)
NB Bernoulli
Classification_report:
             precision    recall  f1-score   support

          B       0.49      0.48      0.49       256
          C       0.09      0.07      0.08        40
          G       0.30      0.29      0.29        72
          M       0.27      0.26      0.26       104
          O       0.00      0.00      0.00         7
          P       0.49      0.62      0.55       133
          R       0.41      0.38      0.40       219

avg / total       0.40      0.41      0.41       831

[[124   9  38  19   0  26  40]
 [ 10   3   2   4   1  11   9]
 [ 34   3  21   4   0   3   7]
 [ 19   2   2  27   0  14  40]
 [  0   0   0   0   0   4   3]
 [ 14   5   3   7   1  82  21]
 [ 51  11   5  39   3  26  84]]

WE(MEDIA)
NB Bernoulli
Classification_report:
             precision    recall  f1-score   support

          B       0.49      0.48      0.49       256
          C       0.09      0.07      0.08        40
          G       0.30      0.29      0.29        72
          M       0.27      0.26      0.26       104
          O       0.00      0.00      0.00         7
          P       0.49      0.62      0.55       133
          R       0.41      0.38      0.40       219

avg / total       0.40      0.41      0.41       831

[[124   9  38  19   0  26  40]
 [ 10   3   2   4   1  11   9]
 [ 34   3  21   4   0   3   7]
 [ 19   2   2  27   0  14  40]
 [  0   0   0   0   0   4   3]
 [ 14   5   3   7   1  82  21]
 [ 51  11   5  39   3  26  84]]
