SVM RBF
Classification_report:
             precision    recall  f1-score   support

          B       0.56      0.44      0.49        77
          C       0.00      0.00      0.00        20
          G       1.00      0.03      0.05        36
          M       0.00      0.00      0.00        45
          O       0.00      0.00      0.00         6
          P       0.62      0.28      0.38        65
          R       0.38      0.90      0.54       117

avg / total       0.45      0.43      0.35       366

[[ 34   0   0   0   0   3  40]
 [  1   0   0   0   0   0  19]
 [  9   0   1   0   0   0  26]
 [  1   0   0   0   0   3  41]
 [  0   0   0   0   0   1   5]
 [  8   0   0   0   0  18  39]
 [  8   0   0   0   0   4 105]]

SVM linear
Classification_report:
             precision    recall  f1-score   support

          B       0.45      0.48      0.46        77
          C       0.09      0.10      0.10        20
          G       0.34      0.36      0.35        36
          M       0.15      0.18      0.16        45
          O       0.75      0.50      0.60         6
          P       0.53      0.54      0.53        65
          R       0.48      0.41      0.44       117

avg / total       0.41      0.40      0.40       366

[[37  4 16  6  0  7  7]
 [ 4  2  0  0  1  2 11]
 [13  1 13  1  0  5  3]
 [11  1  0  8  0  4 21]
 [ 0  0  0  0  3  1  2]
 [ 6  4  4  8  0 35  8]
 [12 10  5 30  0 12 48]]

KNN
Classification_report:
             precision    recall  f1-score   support

          B       0.33      0.49      0.39        77
          C       0.21      0.15      0.18        20
          G       0.23      0.28      0.25        36
          M       0.11      0.11      0.11        45
          O       0.00      0.00      0.00         6
          P       0.38      0.32      0.35        65
          R       0.44      0.33      0.38       117

avg / total       0.33      0.32      0.31       366

[[38  3 10  4  1  6 15]
 [ 8  3  3  0  0  4  2]
 [13  3 10  1  1  3  5]
 [13  1  2  5  1  5 18]
 [ 0  0  2  0  0  3  1]
 [14  2  5 14  1 21  8]
 [30  2 12 20  0 14 39]]

NB Gaussian
Classification_report:
             precision    recall  f1-score   support

          B       0.49      0.38      0.43        77
          C       0.33      0.20      0.25        20
          G       0.17      0.61      0.27        36
          M       0.39      0.36      0.37        45
          O       0.06      0.17      0.08         6
          P       0.67      0.65      0.66        65
          R       0.32      0.13      0.18       117

avg / total       0.41      0.35      0.35       366

[[29  0 30  2  3  9  4]
 [ 0  4  4  0  2  1  9]
 [ 9  0 22  3  0  0  2]
 [ 2  3 13 16  2  2  7]
 [ 0  0  0  0  1  0  5]
 [ 9  0  2  5  2 42  5]
 [10  5 55 15  8  9 15]]

NB Bernoulli
Classification_report:
             precision    recall  f1-score   support

          B       0.52      0.55      0.53        77
          C       0.00      0.00      0.00        20
          G       0.45      0.14      0.21        36
          M       0.78      0.16      0.26        45
          O       1.00      0.50      0.67         6
          P       0.72      0.71      0.71        65
          R       0.49      0.82      0.61       117

avg / total       0.55      0.54      0.50       366

[[42  0  3  2  0  4 26]
 [ 2  0  3  0  0  1 14]
 [17  0  5  0  0  1 13]
 [ 4  0  0  7  0  3 31]
 [ 0  2  0  0  3  1  0]
 [ 3  0  0  0  0 46 16]
 [13  0  0  0  0  8 96]]

DT
Classification_report:
             precision    recall  f1-score   support

          B       0.44      0.47      0.46        77
          C       0.00      0.00      0.00        20
          G       0.19      0.25      0.22        36
          M       0.19      0.16      0.17        45
          O       0.00      0.00      0.00         6
          P       0.64      0.66      0.65        65
          R       0.42      0.43      0.43       117

avg / total       0.39      0.40      0.39       366

[[36  1 13  8  0  6 13]
 [ 3  0  4  1  0  2 10]
 [10  3  9  1  0  0 13]
 [ 9  3  3  7  0  2 21]
 [ 0  0  0  0  0  5  1]
 [ 5  1  3  2  1 43 10]
 [18  7 15 18  0  9 50]]

CRF
Classification_report:
             precision    recall  f1-score   support

          B       0.50      0.55      0.52        77
          C       0.40      0.50      0.44        20
          G       0.36      0.25      0.30        36
          M       0.23      0.16      0.19        45
          O       0.00      0.00      0.00         6
          P       0.60      0.51      0.55        65
          R       0.58      0.72      0.64       117

avg / total       0.48      0.51      0.49       366

CRF 2.0
Classification_report:
             precision    recall  f1-score   support

          B       0.62      0.55      0.58        77
          C       0.31      0.20      0.24        20
          G       0.40      0.33      0.36        36
          M       0.26      0.29      0.27        45
          O       0.00      0.00      0.00         6
          P       0.63      0.60      0.61        65
          R       0.54      0.66      0.59       117

avg / total       0.50      0.51      0.50       366


SVM RBF
Classification_report:
             precision    recall  f1-score   support

          B       0.48      0.95      0.63       179
          C       0.00      0.00      0.00        20
          G       0.00      0.00      0.00        36
          M       0.71      0.08      0.15        59
          O       0.00      0.00      0.00         1
          P       0.81      0.25      0.38        68
          R       0.39      0.30      0.34       102

avg / total       0.48      0.48      0.39       465

[[170   0   0   0   0   1   8]
 [ 11   0   0   0   0   0   9]
 [ 36   0   0   0   0   0   0]
 [ 28   0   0   5   0   1  25]
 [  1   0   0   0   0   0   0]
 [ 44   0   0   0   0  17   7]
 [ 67   0   0   2   0   2  31]]

SVM linear
Classification_report:
             precision    recall  f1-score   support

          B       0.62      0.62      0.62       179
          C       0.26      0.25      0.26        20
          G       0.29      0.33      0.31        36
          M       0.34      0.37      0.35        59
          O       0.00      0.00      0.00         1
          P       0.48      0.56      0.52        68
          R       0.43      0.34      0.38       102

avg / total       0.48      0.48      0.48       465

[[111   4  25  10   0  18  11]
 [  1   5   0   3   0   0  11]
 [ 21   0  12   0   0   2   1]
 [ 11   3   0  22   0   7  16]
 [  0   0   0   0   0   1   0]
 [ 15   1   2   4   0  38   8]
 [ 20   6   2  26   0  13  35]]

KNN
Classification_report:
             precision    recall  f1-score   support

          B       0.46      0.76      0.58       179
          C       0.19      0.15      0.17        20
          G       0.15      0.11      0.13        36
          M       0.28      0.19      0.22        59
          O       0.00      0.00      0.00         1
          P       0.48      0.21      0.29        68
          R       0.33      0.20      0.25       102

avg / total       0.38      0.40      0.36       465

[[136   2  12   9   0   5  15]
 [ 11   3   0   1   0   2   3]
 [ 29   1   4   1   0   0   1]
 [ 29   4   0  11   0   3  12]
 [  0   0   0   0   0   0   1]
 [ 33   2   4   6   0  14   9]
 [ 56   4   6  11   0   5  20]]

NB Gaussian
Classification_report:
             precision    recall  f1-score   support

          B       0.55      0.18      0.28       179
          C       0.20      0.15      0.17        20
          G       0.17      0.67      0.27        36
          M       0.25      0.54      0.34        59
          O       0.00      0.00      0.00         1
          P       0.42      0.59      0.49        68
          R       0.25      0.07      0.11       102

avg / total       0.38      0.30      0.27       465

[[33  4 85 31  0 23  3]
 [ 3  3  2  5  0  2  5]
 [ 6  0 24  3  0  1  2]
 [ 3  2  6 32  0  9  7]
 [ 1  0  0  0  0  0  0]
 [ 4  1  3 16  0 40  4]
 [10  5 20 40  0 20  7]]

NB Bernoulli
Classification_report:
             precision    recall  f1-score   support

          B       0.58      0.88      0.70       179
          C       0.00      0.00      0.00        20
          G       0.00      0.00      0.00        36
          M       0.47      0.25      0.33        59
          O       0.00      0.00      0.00         1
          P       0.68      0.57      0.62        68
          R       0.38      0.38      0.38       102

avg / total       0.47      0.54      0.49       465

[[157   0   1   0   0   3  18]
 [  5   0   1   2   0   3   9]
 [ 33   0   0   1   0   0   2]
 [ 17   0   0  15   0   3  24]
 [  0   0   0   0   0   1   0]
 [ 14   0   0   3   0  39  12]
 [ 43   0   1  11   0   8  39]]

DT
Classification_report:
             precision    recall  f1-score   support

          B       0.74      0.79      0.76       179
          C       0.05      0.05      0.05        20
          G       0.44      0.33      0.38        36
          M       0.38      0.34      0.36        59
          O       0.00      0.00      0.00         1
          P       0.53      0.56      0.54        68
          R       0.41      0.40      0.41       102

avg / total       0.54      0.55      0.54       465

[[142   2  13   1   1  10  10]
 [  0   1   0   2   0   4  13]
 [ 23   0  12   0   0   0   1]
 [  3   3   1  20   0   7  25]
 [  0   0   0   1   0   0   0]
 [ 15   2   0   4   0  38   9]
 [ 10  12   1  25   0  13  41]]

CRF
Classification_report:
             precision    recall  f1-score   support

          B       0.86      0.96      0.91       179
          C       0.74      0.70      0.72        20
          G       0.78      0.58      0.67        36
          M       0.56      0.49      0.52        59
          O       0.00      0.00      0.00         1
          P       0.84      0.75      0.79        68
          R       0.65      0.68      0.66       102

avg / total       0.76      0.77      0.76       465

CRF 2.0
Classification_report:
             precision    recall  f1-score   support

          B       0.94      0.98      0.96       179
          C       0.40      0.30      0.34        20
          G       0.86      0.83      0.85        36
          M       0.79      0.76      0.78        59
          O       0.00      0.00      0.00         1
          P       0.87      0.81      0.84        68
          R       0.80      0.85      0.82       102

avg / total       0.85      0.86      0.85       465


SVM RBF
Classification_report:
             precision    recall  f1-score   support

          B       0.47      0.81      0.60       256
          C       0.00      0.00      0.00        40
          G       0.00      0.00      0.00        72
          M       0.75      0.03      0.06       104
          O       0.00      0.00      0.00         7
          P       0.67      0.35      0.46       133
          R       0.45      0.65      0.53       219

avg / total       0.46      0.48      0.40       831

[[208   0   0   0   0   4  44]
 [ 13   0   0   0   0   2  25]
 [ 66   0   0   0   0   1   5]
 [ 26   0   0   3   0   6  69]
 [  0   0   0   0   0   2   5]
 [ 59   0   0   0   0  46  28]
 [ 68   0   0   1   0   8 142]]

SVM linear
Classification_report:
             precision    recall  f1-score   support

          B       0.55      0.59      0.57       256
          C       0.18      0.25      0.21        40
          G       0.26      0.32      0.29        72
          M       0.28      0.32      0.30       104
          O       0.38      0.43      0.40         7
          P       0.50      0.44      0.47       133
          R       0.46      0.36      0.41       219

avg / total       0.44      0.43      0.43       831

[[152   7  40  19   0  12  26]
 [  4  10   4   0   1   6  15]
 [ 37   5  23   0   0   1   6]
 [ 17   7   2  33   1  12  32]
 [  0   0   0   0   3   3   1]
 [ 27  10   8  18   0  59  11]
 [ 37  16  11  48   3  25  79]]

KNN
Classification_report:
             precision    recall  f1-score   support

          B       0.40      0.60      0.48       256
          C       0.09      0.07      0.08        40
          G       0.20      0.19      0.20        72
          M       0.26      0.18      0.21       104
          O       0.20      0.14      0.17         7
          P       0.43      0.30      0.35       133
          R       0.36      0.29      0.32       219

avg / total       0.34      0.35      0.34       831

[[154   6  25  13   2  18  38]
 [ 15   3   4   3   0   5  10]
 [ 44   1  14   2   0   4   7]
 [ 33   7   3  19   0   9  33]
 [  1   0   0   0   1   0   5]
 [ 52   5   8  10   0  40  18]
 [ 83  10  16  27   2  18  63]]

NB Gaussian
Classification_report:
             precision    recall  f1-score   support

          B       0.49      0.17      0.25       256
          C       0.13      0.33      0.19        40
          G       0.16      0.64      0.26        72
          M       0.28      0.39      0.33       104
          O       0.00      0.00      0.00         7
          P       0.56      0.52      0.54       133
          R       0.31      0.11      0.16       219

avg / total       0.38      0.28      0.28       831

[[ 43  21 123  34   3  22  10]
 [  2  13   9   2   1   4   9]
 [ 14   2  46   5   0   3   2]
 [  8   7  27  41   0   6  15]
 [  1   0   0   0   0   1   5]
 [  8  23   5  13   3  69  12]
 [ 12  31  76  50   8  18  24]]

NB Bernoulli
Classification_report:
             precision    recall  f1-score   support

          B       0.60      0.76      0.67       256
          C       0.62      0.12      0.21        40
          G       0.60      0.21      0.31        72
          M       0.38      0.21      0.27       104
          O       1.00      0.43      0.60         7
          P       0.68      0.68      0.68       133
          R       0.49      0.63      0.55       219

avg / total       0.56      0.56      0.54       831

[[195   0   4   3   0  13  41]
 [  7   5   2   1   0   5  20]
 [ 47   0  15   1   0   1   8]
 [ 20   0   1  22   0   8  53]
 [  0   3   0   0   3   1   0]
 [ 14   0   0   9   0  90  20]
 [ 42   0   3  22   0  15 137]]

DT
Classification_report:
             precision    recall  f1-score   support

          B       0.57      0.55      0.56       256
          C       0.21      0.23      0.22        40
          G       0.31      0.33      0.32        72
          M       0.26      0.23      0.25       104
          O       0.50      0.29      0.36         7
          P       0.55      0.56      0.56       133
          R       0.46      0.49      0.48       219

avg / total       0.46      0.46      0.46       831

[[142   4  34  14   0  29  33]
 [  5   9   1   4   0   4  17]
 [ 25   2  24   6   0   3  12]
 [ 21   3   7  24   0   8  41]
 [  0   0   0   2   2   2   1]
 [ 20   6   5   5   2  75  20]
 [ 35  18   7  36   0  16 107]]

CRF
Classification_report:
             precision    recall  f1-score   support

          B       0.70      0.81      0.75       256
          C       0.53      0.45      0.49        40
          G       0.60      0.47      0.53        72
          M       0.38      0.26      0.31       104
          O       1.00      0.29      0.44         7
          P       0.72      0.59      0.65       133
          R       0.57      0.68      0.62       219

avg / total       0.61      0.62      0.61       831

CRF 2.0
Classification_report:
             precision    recall  f1-score   support

          B       0.89      0.87      0.88       256
          C       0.47      0.40      0.43        40
          G       0.73      0.65      0.69        72
          M       0.54      0.52      0.53       104
          O       0.00      0.00      0.00         7
          P       0.75      0.69      0.72       133
          R       0.65      0.76      0.70       219

avg / total       0.72      0.72      0.72       831
