SVM RBF
Classification_report:
             precision    recall  f1-score   support

          B       0.63      0.42      0.50        77
          C       0.00      0.00      0.00        20
          G       1.00      0.03      0.05        36
          M       0.00      0.00      0.00        45
          O       0.00      0.00      0.00         6
          P       0.56      0.34      0.42        65
          R       0.39      0.92      0.55       117

avg / total       0.46      0.45      0.36       366

[[ 32   0   0   0   0   4  41]
 [  1   0   0   0   0   1  18]
 [ 10   0   1   0   0   3  22]
 [  0   0   0   0   0   1  44]
 [  0   0   0   0   0   1   5]
 [  6   0   0   0   0  22  37]
 [  2   0   0   0   0   7 108]]

SVM linear
Classification_report:
             precision    recall  f1-score   support

          B       0.49      0.55      0.52        77
          C       0.12      0.10      0.11        20
          G       0.39      0.36      0.38        36
          M       0.28      0.29      0.28        45
          O       1.00      0.17      0.29         6
          P       0.66      0.65      0.65        65
          R       0.51      0.52      0.52       117

avg / total       0.48      0.48      0.47       366

[[42  2 11  6  0  3 13]
 [ 2  2  2  1  0  2 11]
 [13  2 13  0  0  4  4]
 [ 7  1  1 13  0  3 20]
 [ 0  0  0  0  1  3  2]
 [ 7  2  3  3  0 42  8]
 [15  7  3 24  0  7 61]]

KNN
Classification_report:
             precision    recall  f1-score   support

          B       0.34      0.47      0.39        77
          C       0.29      0.20      0.24        20
          G       0.18      0.22      0.20        36
          M       0.24      0.22      0.23        45
          O       0.25      0.17      0.20         6
          P       0.42      0.43      0.42        65
          R       0.48      0.37      0.42       117

avg / total       0.37      0.36      0.36       366

[[36  1 10  9  0  8 13]
 [ 4  4  4  0  0  3  5]
 [14  5  8  0  1  5  3]
 [11  0  2 10  1  5 16]
 [ 1  0  0  0  1  3  1]
 [12  1  8  7  0 28  9]
 [28  3 12 15  1 15 43]]

NB Gaussian
Classification_report:
             precision    recall  f1-score   support

          B       0.47      0.45      0.46        77
          C       0.33      0.20      0.25        20
          G       0.28      0.56      0.37        36
          M       0.26      0.42      0.32        45
          O       0.06      0.17      0.08         6
          P       0.60      0.65      0.62        65
          R       0.34      0.14      0.20       117

avg / total       0.39      0.37      0.36       366

[[35  0 20  5  3 10  4]
 [ 1  4  2  0  2  2  9]
 [11  1 20  2  0  1  1]
 [ 3  3  8 19  2  3  7]
 [ 0  0  0  0  1  0  5]
 [ 8  0  0  8  2 42  5]
 [16  4 21 40  8 12 16]]

NB Bernoulli
Classification_report:
             precision    recall  f1-score   support

          B       0.51      0.45      0.48        77
          C       0.50      0.05      0.09        20
          G       0.39      0.33      0.36        36
          M       0.35      0.31      0.33        45
          O       1.00      0.33      0.50         6
          P       0.61      0.66      0.64        65
          R       0.52      0.68      0.59       117

avg / total       0.51      0.51      0.49       366

[[35  0  9  8  0  8 17]
 [ 2  1  2  1  0  2 12]
 [13  0 12  0  0  0 11]
 [ 4  0  1 14  0  5 21]
 [ 0  1  1  0  2  2  0]
 [ 3  0  4  3  0 43 12]
 [12  0  2 14  0 10 79]]

DT
Classification_report:
             precision    recall  f1-score   support

          B       0.44      0.44      0.44        77
          C       0.06      0.05      0.05        20
          G       0.36      0.25      0.30        36
          M       0.25      0.24      0.25        45
          O       0.43      0.50      0.46         6
          P       0.62      0.65      0.63        65
          R       0.45      0.49      0.47       117

avg / total       0.42      0.43      0.42       366

[[34  2  6  9  2  4 20]
 [ 4  1  2  2  0  0 11]
 [ 7  3  9  2  0  5 10]
 [ 3  3  1 11  0  6 21]
 [ 1  0  0  0  3  2  0]
 [ 4  0  3  5  2 42  9]
 [24  8  4 15  0  9 57]]

CRF
Classification_report:
             precision    recall  f1-score   support

          B       0.56      0.52      0.54        77
          C       0.40      0.40      0.40        20
          G       0.33      0.22      0.27        36
          M       0.17      0.16      0.16        45
          O       0.00      0.00      0.00         6
          P       0.61      0.51      0.55        65
          R       0.54      0.71      0.61       117

avg / total       0.47      0.49      0.48       366

CRF 2.0
Classification_report:
             precision    recall  f1-score   support

          B       0.48      0.47      0.47        77
          C       0.13      0.10      0.11        20
          G       0.32      0.22      0.26        36
          M       0.24      0.24      0.24        45
          O       0.00      0.00      0.00         6
          P       0.61      0.57      0.59        65
          R       0.53      0.65      0.58       117

avg / total       0.45      0.46      0.45       366


SVM RBF
Classification_report:
             precision    recall  f1-score   support

          B       0.48      0.96      0.64       179
          C       0.00      0.00      0.00        20
          G       0.00      0.00      0.00        36
          M       0.67      0.03      0.06        59
          O       0.00      0.00      0.00         1
          P       0.90      0.28      0.43        68
          R       0.35      0.28      0.32       102

avg / total       0.48      0.48      0.38       465

[[171   0   0   0   0   1   7]
 [ 12   0   0   0   0   0   8]
 [ 35   0   0   0   0   0   1]
 [ 30   0   0   2   0   0  27]
 [  0   0   0   0   0   0   1]
 [ 40   0   0   0   0  19   9]
 [ 71   0   0   1   0   1  29]]

SVM linear
Classification_report:
             precision    recall  f1-score   support

          B       0.60      0.64      0.62       179
          C       0.18      0.15      0.16        20
          G       0.25      0.17      0.20        36
          M       0.32      0.34      0.33        59
          O       0.00      0.00      0.00         1
          P       0.51      0.54      0.52        68
          R       0.46      0.45      0.46       102

avg / total       0.48      0.49      0.48       465

[[114   2  17  14   0  17  15]
 [  1   3   0   2   0   2  12]
 [ 27   1   6   0   0   1   1]
 [ 10   3   0  20   0   7  19]
 [  0   0   0   0   0   0   1]
 [ 20   2   1   3   0  37   5]
 [ 17   6   0  24   0   9  46]]

KNN
Classification_report:
             precision    recall  f1-score   support

          B       0.49      0.79      0.60       179
          C       0.23      0.30      0.26        20
          G       0.19      0.11      0.14        36
          M       0.24      0.19      0.21        59
          O       0.00      0.00      0.00         1
          P       0.50      0.26      0.35        68
          R       0.27      0.12      0.16       102

avg / total       0.38      0.42      0.37       465

[[142   3   6   9   0   8  11]
 [  9   6   1   3   0   0   1]
 [ 22   3   4   3   0   2   2]
 [ 37   1   1  11   0   0   9]
 [  0   0   0   0   0   0   1]
 [ 28   4   4   6   0  18   8]
 [ 54   9   5  14   0   8  12]]

NB Gaussian
Classification_report:
             precision    recall  f1-score   support

          B       0.55      0.18      0.28       179
          C       0.20      0.15      0.17        20
          G       0.17      0.67      0.28        36
          M       0.27      0.54      0.36        59
          O       0.00      0.00      0.00         1
          P       0.41      0.63      0.50        68
          R       0.27      0.08      0.12       102

avg / total       0.39      0.31      0.28       465

[[33  4 84 28  0 26  4]
 [ 4  3  2  4  0  2  5]
 [ 6  0 24  3  0  1  2]
 [ 3  2  6 32  0  9  7]
 [ 1  0  0  0  0  0  0]
 [ 4  1  3 13  0 43  4]
 [ 9  5 19 38  0 23  8]]

NB Bernoulli
Classification_report:
             precision    recall  f1-score   support

          B       0.59      0.77      0.67       179
          C       0.00      0.00      0.00        20
          G       0.43      0.08      0.14        36
          M       0.37      0.39      0.38        59
          O       0.00      0.00      0.00         1
          P       0.55      0.62      0.58        68
          R       0.37      0.31      0.34       102

avg / total       0.47      0.51      0.48       465

[[137   0   2   9   0   9  22]
 [  5   0   1   1   0   7   6]
 [ 29   0   3   2   0   0   2]
 [ 12   0   0  23   0   4  20]
 [  0   0   0   1   0   0   0]
 [ 11   1   0   9   0  42   5]
 [ 37   0   1  17   0  15  32]]

DT
Classification_report:
             precision    recall  f1-score   support

          B       0.65      0.73      0.69       179
          C       0.12      0.15      0.13        20
          G       0.26      0.22      0.24        36
          M       0.25      0.22      0.24        59
          O       0.00      0.00      0.00         1
          P       0.56      0.53      0.55        68
          R       0.42      0.38      0.40       102

avg / total       0.48      0.49      0.49       465

[[130   2  19   5   1  12  10]
 [  4   3   0   2   0   2   9]
 [ 27   0   8   0   0   1   0]
 [  6   6   0  13   0   5  29]
 [  0   0   0   1   0   0   0]
 [ 15   1   4   5   1  36   6]
 [ 17  13   0  25   0   8  39]]

CRF
Classification_report:
             precision    recall  f1-score   support

          B       0.83      0.95      0.89       179
          C       0.76      0.65      0.70        20
          G       0.83      0.56      0.67        36
          M       0.47      0.44      0.46        59
          O       0.00      0.00      0.00         1
          P       0.86      0.75      0.80        68
          R       0.61      0.63      0.62       102

avg / total       0.74      0.74      0.73       465

CRF 2.0
Classification_report:
             precision    recall  f1-score   support

          B       0.84      0.93      0.88       179
          C       0.38      0.30      0.33        20
          G       0.81      0.47      0.60        36
          M       0.58      0.53      0.55        59
          O       0.00      0.00      0.00         1
          P       0.76      0.76      0.76        68
          R       0.66      0.71      0.68       102

avg / total       0.73      0.74      0.73       465


SVM RBF
Classification_report:
             precision    recall  f1-score   support

          B       0.47      0.82      0.59       256
          C       0.00      0.00      0.00        40
          G       0.00      0.00      0.00        72
          M       0.50      0.02      0.04       104
          O       0.00      0.00      0.00         7
          P       0.72      0.39      0.51       133
          R       0.45      0.63      0.53       219

avg / total       0.44      0.48      0.41       831

[[210   0   0   0   0   6  40]
 [ 14   0   0   1   0   1  24]
 [ 68   0   0   0   0   1   3]
 [ 30   0   0   2   0   4  68]
 [  0   0   0   0   0   3   4]
 [ 53   0   0   0   0  52  28]
 [ 75   0   0   1   0   5 138]]

SVM linear
Classification_report:
             precision    recall  f1-score   support

          B       0.52      0.62      0.57       256
          C       0.24      0.20      0.22        40
          G       0.33      0.31      0.32        72
          M       0.31      0.32      0.31       104
          O       0.25      0.14      0.18         7
          P       0.58      0.55      0.57       133
          R       0.52      0.46      0.49       219

avg / total       0.47      0.48      0.47       831

[[158   7  33  21   0  13  24]
 [  9   8   1   1   0   6  15]
 [ 44   0  22   2   0   1   3]
 [ 21   5   1  33   1  10  33]
 [  0   0   0   0   1   4   2]
 [ 26   4   5   9   0  73  16]
 [ 44   9   4  42   2  18 100]]

KNN
Classification_report:
             precision    recall  f1-score   support

          B       0.39      0.56      0.46       256
          C       0.19      0.20      0.19        40
          G       0.17      0.14      0.15        72
          M       0.23      0.16      0.19       104
          O       0.17      0.14      0.15         7
          P       0.39      0.36      0.37       133
          R       0.33      0.24      0.28       219

avg / total       0.32      0.34      0.32       831

[[144   2  21  16   1  34  38]
 [ 15   8   3   3   0   3   8]
 [ 44   5  10   1   0   6   6]
 [ 33   3   5  17   1  11  34]
 [  2   0   1   1   1   1   1]
 [ 47   4   8   8   0  48  18]
 [ 83  21  11  28   3  21  52]]

NB Gaussian
Classification_report:
             precision    recall  f1-score   support

          B       0.52      0.20      0.28       256
          C       0.19      0.33      0.24        40
          G       0.17      0.64      0.27        72
          M       0.29      0.49      0.36       104
          O       0.00      0.00      0.00         7
          P       0.57      0.57      0.57       133
          R       0.31      0.11      0.17       219

avg / total       0.39      0.31      0.30       831

[[ 50  13 119  37   3  24  10]
 [  2  13   9   2   0   4  10]
 [ 14   2  46   5   0   3   2]
 [  8   2  21  51   0   7  15]
 [  1   0   0   0   0   1   5]
 [  7  13   3  19   2  76  13]
 [ 14  24  67  63   7  19  25]]

NB Bernoulli
Classification_report:
             precision    recall  f1-score   support

          B       0.56      0.58      0.57       256
          C       0.25      0.07      0.12        40
          G       0.31      0.31      0.31        72
          M       0.30      0.30      0.30       104
          O       1.00      0.29      0.44         7
          P       0.58      0.71      0.64       133
          R       0.44      0.42      0.43       219

avg / total       0.46      0.47      0.46       831

[[148   1  35  21   0  18  33]
 [  7   3   4   0   0  10  16]
 [ 40   1  22   0   0   3   6]
 [ 13   0   1  31   0   9  50]
 [  0   3   0   0   2   1   1]
 [  6   2   4  12   0  95  14]
 [ 51   2   5  41   0  27  93]]

DT
Classification_report:
             precision    recall  f1-score   support

          B       0.60      0.61      0.61       256
          C       0.14      0.15      0.14        40
          G       0.28      0.25      0.26        72
          M       0.27      0.24      0.25       104
          O       0.18      0.29      0.22         7
          P       0.59      0.59      0.59       133
          R       0.40      0.41      0.40       219

avg / total       0.45      0.45      0.45       831

[[156   6  25  14   2  12  41]
 [  4   6   3   2   2   5  18]
 [ 25   3  18   7   0   3  16]
 [ 21   5   4  25   1   6  42]
 [  0   0   0   1   2   3   1]
 [ 19   5   3   7   2  79  18]
 [ 34  19  12  38   2  25  89]]

CRF
Classification_report:
             precision    recall  f1-score   support

          B       0.72      0.81      0.76       256
          C       0.41      0.40      0.41        40
          G       0.61      0.47      0.53        72
          M       0.33      0.25      0.29       104
          O       0.00      0.00      0.00         7
          P       0.72      0.62      0.66       133
          R       0.56      0.65      0.60       219

avg / total       0.60      0.61      0.60       831

CRF 2.0
Classification_report:
             precision    recall  f1-score   support

          B       0.80      0.85      0.83       256
          C       0.38      0.28      0.32        40
          G       0.63      0.46      0.53        72
          M       0.59      0.44      0.51       104
          O       0.00      0.00      0.00         7
          P       0.73      0.73      0.73       133
          R       0.61      0.75      0.67       219

avg / total       0.67      0.68      0.67       831
