SVM RBF
Classification_report:
             precision    recall  f1-score   support

          B       0.59      0.42      0.49        77
          C       0.00      0.00      0.00        20
          G       1.00      0.03      0.05        36
          M       0.00      0.00      0.00        45
          O       0.00      0.00      0.00         6
          P       0.55      0.45      0.49        65
          R       0.40      0.88      0.55       117

avg / total       0.45      0.45      0.37       366

[[ 32   0   0   0   0   6  39]
 [  1   0   0   0   0   2  17]
 [  9   0   1   0   0   6  20]
 [  0   0   0   0   0   2  43]
 [  0   0   0   0   0   1   5]
 [  5   0   0   0   0  29  31]
 [  7   0   0   0   0   7 103]]

SVM linear
Classification_report:
             precision    recall  f1-score   support

          B       0.52      0.58      0.55        77
          C       0.20      0.15      0.17        20
          G       0.47      0.42      0.44        36
          M       0.27      0.29      0.28        45
          O       1.00      0.17      0.29         6
          P       0.69      0.63      0.66        65
          R       0.55      0.58      0.57       117

avg / total       0.52      0.51      0.51       366

[[45  3  9  7  0  2 11]
 [ 2  3  0  1  0  3 11]
 [15  1 15  0  0  1  4]
 [ 8  1  0 13  0  2 21]
 [ 0  0  0  0  1  4  1]
 [ 7  2  3  5  0 41  7]
 [10  5  5 23  0  6 68]]

KNN
Classification_report:
             precision    recall  f1-score   support

          B       0.33      0.45      0.38        77
          C       0.33      0.20      0.25        20
          G       0.15      0.19      0.17        36
          M       0.27      0.22      0.24        45
          O       0.20      0.17      0.18         6
          P       0.45      0.42      0.43        65
          R       0.44      0.37      0.40       117

avg / total       0.36      0.35      0.35       366

[[35  2  9  7  1  7 16]
 [ 5  4  3  0  0  2  6]
 [13  4  7  0  1  4  7]
 [12  0  4 10  1  3 15]
 [ 1  0  1  0  1  2  1]
 [11  1  8  7  1 27 10]
 [30  1 15 13  0 15 43]]

NB Gaussian
Classification_report:
             precision    recall  f1-score   support

          B       0.43      0.47      0.45        77
          C       0.33      0.20      0.25        20
          G       0.30      0.44      0.36        36
          M       0.25      0.42      0.32        45
          O       0.06      0.17      0.08         6
          P       0.60      0.63      0.62        65
          R       0.40      0.19      0.26       117

avg / total       0.40      0.38      0.37       366

[[36  0 19  5  3 10  4]
 [ 2  4  2  0  2  1  9]
 [14  1 16  2  0  1  2]
 [ 3  3  6 19  2  4  8]
 [ 0  0  0  0  1  0  5]
 [ 9  0  0  8  2 41  5]
 [20  4 11 41  8 11 22]]

NB Bernoulli
Classification_report:
             precision    recall  f1-score   support

          B       0.51      0.49      0.50        77
          C       0.50      0.05      0.09        20
          G       0.50      0.39      0.44        36
          M       0.38      0.33      0.36        45
          O       1.00      0.17      0.29         6
          P       0.68      0.77      0.72        65
          R       0.48      0.61      0.54       117

avg / total       0.52      0.52      0.50       366

[[38  0  6  7  0  3 23]
 [ 3  1  1  1  0  2 12]
 [11  1 14  0  0  0 10]
 [ 2  0  2 15  0  5 21]
 [ 0  0  0  0  1  3  2]
 [ 3  0  2  2  0 50  8]
 [18  0  3 14  0 11 71]]

DT
Classification_report:
             precision    recall  f1-score   support

          B       0.38      0.36      0.37        77
          C       0.04      0.05      0.05        20
          G       0.21      0.19      0.20        36
          M       0.27      0.24      0.26        45
          O       0.00      0.00      0.00         6
          P       0.53      0.60      0.57        65
          R       0.43      0.42      0.42       117

avg / total       0.37      0.37      0.37       366

[[28  7  3  7  0  8 24]
 [ 4  1  4  1  1  0  9]
 [11  2  7  4  1  2  9]
 [ 5  5  8 11  0  5 11]
 [ 0  0  0  0  0  6  0]
 [ 6  1  3  1  2 39 13]
 [20  8  8 17  2 13 49]]

CRF
Classification_report:
             precision    recall  f1-score   support

          B       0.54      0.57      0.55        77
          C       0.43      0.45      0.44        20
          G       0.37      0.31      0.33        36
          M       0.18      0.13      0.15        45
          O       0.00      0.00      0.00         6
          P       0.60      0.52      0.56        65
          R       0.57      0.69      0.63       117

avg / total       0.48      0.51      0.49       366

CRF 2.0
Classification_report:
             precision    recall  f1-score   support

          B       0.49      0.49      0.49        77
          C       0.20      0.10      0.13        20
          G       0.41      0.25      0.31        36
          M       0.27      0.24      0.26        45
          O       0.00      0.00      0.00         6
          P       0.59      0.55      0.57        65
          R       0.55      0.72      0.62       117

avg / total       0.47      0.49      0.47       366


SVM RBF
Classification_report:
             precision    recall  f1-score   support

          B       0.49      0.94      0.64       179
          C       0.00      0.00      0.00        20
          G       0.00      0.00      0.00        36
          M       1.00      0.05      0.10        59
          O       0.00      0.00      0.00         1
          P       0.95      0.28      0.43        68
          R       0.38      0.35      0.37       102

avg / total       0.54      0.49      0.40       465

[[169   0   0   0   0   0  10]
 [ 10   0   0   0   0   0  10]
 [ 36   0   0   0   0   0   0]
 [ 28   0   0   3   0   0  28]
 [  0   0   0   0   0   0   1]
 [ 39   0   0   0   0  19  10]
 [ 65   0   0   0   0   1  36]]

SVM linear
Classification_report:
             precision    recall  f1-score   support

          B       0.62      0.70      0.66       179
          C       0.13      0.10      0.11        20
          G       0.26      0.17      0.20        36
          M       0.33      0.34      0.33        59
          O       0.00      0.00      0.00         1
          P       0.59      0.57      0.58        68
          R       0.43      0.41      0.42       102

avg / total       0.49      0.51      0.49       465

[[126   2  17   9   0  11  14]
 [  4   2   0   1   0   2  11]
 [ 27   0   6   0   0   2   1]
 [ 11   3   0  20   0   4  21]
 [  0   0   0   0   0   1   0]
 [ 13   3   0   4   0  39   9]
 [ 21   5   0  27   0   7  42]]

KNN
Classification_report:
             precision    recall  f1-score   support

          B       0.48      0.79      0.60       179
          C       0.27      0.30      0.29        20
          G       0.17      0.08      0.11        36
          M       0.23      0.17      0.19        59
          O       0.00      0.00      0.00         1
          P       0.50      0.26      0.35        68
          R       0.28      0.13      0.17       102

avg / total       0.37      0.41      0.36       465

[[142   0   6   8   0   6  17]
 [ 10   6   0   1   0   1   2]
 [ 24   2   3   4   0   2   1]
 [ 38   2   1  10   0   1   7]
 [  0   0   0   0   0   0   1]
 [ 33   3   3   5   0  18   6]
 [ 51   9   5  16   0   8  13]]

NB Gaussian
Classification_report:
             precision    recall  f1-score   support

          B       0.56      0.23      0.33       179
          C       0.23      0.15      0.18        20
          G       0.18      0.67      0.29        36
          M       0.29      0.56      0.38        59
          O       0.00      0.00      0.00         1
          P       0.45      0.68      0.54        68
          R       0.27      0.09      0.13       102

avg / total       0.40      0.34      0.31       465

[[41  3 79 25  0 26  5]
 [ 4  3  2  4  0  2  5]
 [ 7  0 24  3  0  0  2]
 [ 3  2  5 33  0  8  8]
 [ 1  0  0  0  0  0  0]
 [ 5  1  3  9  0 46  4]
 [12  4 17 39  0 21  9]]

NB Bernoulli
Classification_report:
             precision    recall  f1-score   support

          B       0.56      0.68      0.62       179
          C       0.00      0.00      0.00        20
          G       0.33      0.11      0.17        36
          M       0.33      0.37      0.35        59
          O       0.00      0.00      0.00         1
          P       0.54      0.65      0.59        68
          R       0.27      0.24      0.25       102

avg / total       0.42      0.46      0.44       465

[[122   0   6   9   0  10  32]
 [  9   0   0   2   0   4   5]
 [ 27   0   4   3   0   0   2]
 [  9   1   1  22   0   6  20]
 [  0   0   0   0   0   0   1]
 [ 12   0   0   7   0  44   5]
 [ 37   0   1  23   0  17  24]]

DT
Classification_report:
             precision    recall  f1-score   support

          B       0.69      0.74      0.72       179
          C       0.09      0.05      0.06        20
          G       0.31      0.31      0.31        36
          M       0.32      0.37      0.35        59
          O       0.00      0.00      0.00         1
          P       0.62      0.50      0.55        68
          R       0.42      0.42      0.42       102

avg / total       0.52      0.52      0.52       465

[[133   0  21   6   1   8  10]
 [  2   1   0   6   0   2   9]
 [ 25   0  11   0   0   0   0]
 [  4   1   0  22   0   2  30]
 [  0   0   0   1   0   0   0]
 [ 19   0   2   3   0  34  10]
 [ 10   9   1  30   0   9  43]]

CRF
Classification_report:
             precision    recall  f1-score   support

          B       0.87      0.96      0.91       179
          C       0.71      0.75      0.73        20
          G       0.81      0.61      0.70        36
          M       0.53      0.44      0.48        59
          O       0.00      0.00      0.00         1
          P       0.84      0.75      0.79        68
          R       0.64      0.69      0.66       102

avg / total       0.76      0.77      0.76       465

CRF 2.0
Classification_report:
             precision    recall  f1-score   support

          B       0.84      0.99      0.91       179
          C       0.42      0.25      0.31        20
          G       1.00      0.44      0.62        36
          M       0.69      0.61      0.65        59
          O       0.00      0.00      0.00         1
          P       0.78      0.74      0.76        68
          R       0.70      0.75      0.72       102

avg / total       0.77      0.78      0.76       465


SVM RBF
Classification_report:
             precision    recall  f1-score   support

          B       0.50      0.83      0.62       256
          C       0.00      0.00      0.00        40
          G       0.00      0.00      0.00        72
          M       0.50      0.03      0.05       104
          O       0.00      0.00      0.00         7
          P       0.73      0.50      0.59       133
          R       0.46      0.64      0.54       219

avg / total       0.45      0.51      0.43       831

[[212   0   0   0   0   5  39]
 [ 13   0   0   1   0   2  24]
 [ 68   0   0   0   0   0   4]
 [ 27   0   0   3   0   6  68]
 [  0   0   0   0   0   3   4]
 [ 40   0   0   0   0  66  27]
 [ 68   0   0   2   0   8 141]]

SVM linear
Classification_report:
             precision    recall  f1-score   support

          B       0.56      0.62      0.59       256
          C       0.24      0.23      0.23        40
          G       0.36      0.32      0.34        72
          M       0.41      0.40      0.41       104
          O       0.50      0.14      0.22         7
          P       0.61      0.57      0.59       133
          R       0.50      0.49      0.50       219

avg / total       0.50      0.50      0.50       831

[[159   7  34  16   0   9  31]
 [ 10   9   0   2   0   3  16]
 [ 39   0  23   2   0   3   5]
 [ 14   3   1  42   0   9  35]
 [  0   0   0   0   1   3   3]
 [ 23   6   2   9   0  76  17]
 [ 41  12   4  32   1  21 108]]

KNN
Classification_report:
             precision    recall  f1-score   support

          B       0.39      0.59      0.47       256
          C       0.20      0.17      0.19        40
          G       0.16      0.12      0.14        72
          M       0.22      0.16      0.19       104
          O       0.25      0.14      0.18         7
          P       0.41      0.38      0.40       133
          R       0.36      0.24      0.29       219

avg / total       0.33      0.35      0.33       831

[[150   2  23  16   1  28  36]
 [ 18   7   2   2   0   4   7]
 [ 44   5   9   1   0   7   6]
 [ 39   1   6  17   0   8  33]
 [  0   0   1   1   1   3   1]
 [ 45   4   8  11   1  51  13]
 [ 88  16   7  31   1  23  53]]

NB Gaussian
Classification_report:
             precision    recall  f1-score   support

          B       0.52      0.22      0.31       256
          C       0.23      0.35      0.28        40
          G       0.22      0.62      0.33        72
          M       0.25      0.54      0.34       104
          O       0.00      0.00      0.00         7
          P       0.56      0.59      0.58       133
          R       0.32      0.12      0.17       219

avg / total       0.39      0.33      0.32       831

[[56 11 95 57  3 23 11]
 [ 2 14  6  4  0  4 10]
 [14  2 45  6  0  3  2]
 [ 8  1 15 56  0  9 15]
 [ 1  0  0  0  0  1  5]
 [ 7 11  1 20  2 79 13]
 [20 22 40 83  7 21 26]]

NB Bernoulli
Classification_report:
             precision    recall  f1-score   support

          B       0.55      0.59      0.57       256
          C       0.27      0.10      0.15        40
          G       0.32      0.31      0.31        72
          M       0.26      0.27      0.27       104
          O       0.50      0.14      0.22         7
          P       0.57      0.71      0.63       133
          R       0.42      0.38      0.40       219

avg / total       0.45      0.46      0.45       831

[[151   1  37  16   0  16  35]
 [ 10   4   1   2   0   9  14]
 [ 36   2  22   3   0   4   5]
 [ 16   0   2  28   0  14  44]
 [  0   2   0   0   1   3   1]
 [ 10   1   3   9   0  95  15]
 [ 50   5   4  48   1  27  84]]

DT
Classification_report:
             precision    recall  f1-score   support

          B       0.62      0.61      0.62       256
          C       0.24      0.23      0.23        40
          G       0.34      0.31      0.32        72
          M       0.19      0.19      0.19       104
          O       0.00      0.00      0.00         7
          P       0.52      0.60      0.56       133
          R       0.44      0.42      0.43       219

avg / total       0.45      0.46      0.46       831

[[157   5  21  18   1  22  32]
 [  4   9   2   4   0   5  16]
 [ 25   0  22  11   0   3  11]
 [ 20   7   7  20   0  13  37]
 [  0   0   0   0   0   5   2]
 [ 17   3   4   5   3  80  21]
 [ 31  14   9  46   0  26  93]]

CRF
Classification_report:
             precision    recall  f1-score   support

          B       0.72      0.81      0.76       256
          C       0.59      0.47      0.53        40
          G       0.62      0.49      0.55        72
          M       0.35      0.28      0.31       104
          O       1.00      0.29      0.44         7
          P       0.72      0.62      0.66       133
          R       0.57      0.67      0.62       219

avg / total       0.62      0.63      0.62       831

CRF 2.0
Classification_report:
             precision    recall  f1-score   support

          B       0.80      0.86      0.83       256
          C       0.27      0.20      0.23        40
          G       0.71      0.54      0.61        72
          M       0.56      0.50      0.53       104
          O       0.00      0.00      0.00         7
          P       0.74      0.74      0.74       133
          R       0.59      0.66      0.62       219

avg / total       0.66      0.68      0.67       831
