SVM RBF
Classification_report:
             precision    recall  f1-score   support

          B       0.54      0.58      0.56        77
          C       0.00      0.00      0.00        20
          G       0.00      0.00      0.00        36
          M       1.00      0.02      0.04        45
          O       0.00      0.00      0.00         6
          P       0.66      0.60      0.63        65
          R       0.45      0.85      0.59       117

avg / total       0.50      0.51      0.42       366

[[ 45   0   1   0   0   4  27]
 [  2   0   0   0   0   4  14]
 [ 17   0   0   0   0   2  17]
 [  3   0   0   1   0   2  39]
 [  0   0   0   0   0   1   5]
 [  6   0   0   0   0  39  20]
 [ 10   0   0   0   0   7 100]]

SVM linear
Classification_report:
             precision    recall  f1-score   support

          B       0.49      0.56      0.52        77
          C       0.30      0.30      0.30        20
          G       0.35      0.33      0.34        36
          M       0.27      0.29      0.28        45
          O       1.00      0.17      0.29         6
          P       0.68      0.62      0.65        65
          R       0.50      0.50      0.50       117

avg / total       0.48      0.47      0.47       366

[[43  3 13  2  0  4 12]
 [ 3  6  0  1  0  1  9]
 [13  1 12  3  0  0  7]
 [ 5  0  1 13  0  4 22]
 [ 0  0  0  0  1  3  2]
 [ 9  2  2  5  0 40  7]
 [14  8  6 24  0  7 58]]

KNN
Classification_report:
             precision    recall  f1-score   support

          B       0.34      0.39      0.36        77
          C       0.17      0.15      0.16        20
          G       0.16      0.22      0.19        36
          M       0.31      0.31      0.31        45
          O       0.00      0.00      0.00         6
          P       0.41      0.40      0.41        65
          R       0.45      0.39      0.42       117

avg / total       0.35      0.35      0.35       366

[[30  2 10 10  0  8 17]
 [ 4  3  3  1  0  2  7]
 [14  3  8  1  0  3  7]
 [ 7  1  2 14  0  4 17]
 [ 0  0  2  0  0  3  1]
 [15  2 10  4  0 26  8]
 [18  7 14 15  0 17 46]]

NB Gaussian
Classification_report:
             precision    recall  f1-score   support

          B       0.45      0.39      0.42        77
          C       0.36      0.20      0.26        20
          G       0.19      0.58      0.29        36
          M       0.28      0.36      0.31        45
          O       0.06      0.17      0.08         6
          P       0.67      0.58      0.62        65
          R       0.34      0.14      0.20       117

avg / total       0.40      0.34      0.34       366

[[30  0 29  4  3  7  4]
 [ 0  4  4  0  2  1  9]
 [10  0 21  3  0  0  2]
 [ 4  3 11 16  2  2  7]
 [ 0  0  0  0  1  0  5]
 [10  0  1 10  2 38  4]
 [13  4 42 25  8  9 16]]

NB Bernoulli
Classification_report:
             precision    recall  f1-score   support

          B       0.53      0.52      0.52        77
          C       0.20      0.05      0.08        20
          G       0.50      0.08      0.14        36
          M       0.67      0.13      0.22        45
          O       1.00      0.17      0.29         6
          P       0.71      0.74      0.72        65
          R       0.48      0.82      0.60       117

avg / total       0.55      0.53      0.48       366

[[40  0  3  1  0  6 27]
 [ 4  1  0  0  0  1 14]
 [19  0  3  0  0  1 13]
 [ 1  0  0  6  0  3 35]
 [ 0  4  0  0  1  1  0]
 [ 1  0  0  0  0 48 16]
 [11  0  0  2  0  8 96]]

DT
Classification_report:
             precision    recall  f1-score   support

          B       0.43      0.38      0.40        77
          C       0.29      0.25      0.27        20
          G       0.18      0.14      0.16        36
          M       0.26      0.27      0.26        45
          O       0.33      0.17      0.22         6
          P       0.56      0.57      0.56        65
          R       0.46      0.55      0.50       117

avg / total       0.41      0.42      0.41       366

[[29  4  8  7  0  9 20]
 [ 1  5  1  3  0  1  9]
 [ 9  2  5  7  0  2 11]
 [ 8  0  4 12  1  3 17]
 [ 0  0  0  0  1  3  2]
 [ 5  1  0  6  0 37 16]
 [15  5 10 11  1 11 64]]

CRF
Classification_report:
             precision    recall  f1-score   support

          B       0.56      0.57      0.56        77
          C       0.42      0.50      0.45        20
          G       0.34      0.28      0.31        36
          M       0.24      0.13      0.17        45
          O       0.00      0.00      0.00         6
          P       0.61      0.55      0.58        65
          R       0.56      0.72      0.63       117

avg / total       0.49      0.52      0.50       366

CRF 2.0
Classification_report:
             precision    recall  f1-score   support

          B       0.55      0.58      0.57        77
          C       0.27      0.15      0.19        20
          G       0.25      0.25      0.25        36
          M       0.27      0.22      0.24        45
          O       0.00      0.00      0.00         6
          P       0.56      0.52      0.54        65
          R       0.51      0.61      0.56       117

avg / total       0.45      0.47      0.46       366


SVM RBF
Classification_report:
             precision    recall  f1-score   support

          B       0.54      0.94      0.69       179
          C       0.00      0.00      0.00        20
          G       0.00      0.00      0.00        36
          M       0.60      0.05      0.09        59
          O       0.00      0.00      0.00         1
          P       0.91      0.31      0.46        68
          R       0.46      0.57      0.51       102

avg / total       0.52      0.54      0.46       465

[[169   0   0   0   0   1   9]
 [  5   0   0   0   0   0  15]
 [ 36   0   0   0   0   0   0]
 [ 22   0   0   3   0   1  33]
 [  1   0   0   0   0   0   0]
 [ 37   0   0   0   0  21  10]
 [ 42   0   0   2   0   0  58]]

SVM linear
Classification_report:
             precision    recall  f1-score   support

          B       0.71      0.73      0.72       179
          C       0.31      0.25      0.28        20
          G       0.46      0.44      0.45        36
          M       0.35      0.41      0.38        59
          O       0.00      0.00      0.00         1
          P       0.61      0.65      0.63        68
          R       0.47      0.41      0.44       102

avg / total       0.56      0.56      0.56       465

[[130   3  18   8   0  11   9]
 [  0   5   0   1   0   2  12]
 [ 18   0  16   0   0   1   1]
 [  9   2   1  24   0   4  19]
 [  0   0   0   0   0   1   0]
 [ 11   1   0   5   0  44   7]
 [ 16   5   0  30   0   9  42]]

KNN
Classification_report:
             precision    recall  f1-score   support

          B       0.51      0.73      0.60       179
          C       0.13      0.15      0.14        20
          G       0.23      0.17      0.19        36
          M       0.21      0.15      0.18        59
          O       0.00      0.00      0.00         1
          P       0.51      0.35      0.42        68
          R       0.33      0.23      0.27       102

avg / total       0.39      0.42      0.39       465

[[130   5  12  10   0  11  11]
 [  8   3   1   0   0   1   7]
 [ 27   1   6   0   0   1   1]
 [ 23   4   2   9   0   4  17]
 [  0   0   0   0   0   0   1]
 [ 28   3   0   3   0  24  10]
 [ 41   7   5  20   0   6  23]]

NB Gaussian
Classification_report:
             precision    recall  f1-score   support

          B       0.54      0.18      0.27       179
          C       0.20      0.15      0.17        20
          G       0.17      0.67      0.27        36
          M       0.26      0.56      0.36        59
          O       0.00      0.00      0.00         1
          P       0.41      0.59      0.48        68
          R       0.25      0.07      0.11       102

avg / total       0.38      0.30      0.27       465

[[32  4 85 31  0 23  4]
 [ 4  3  2  5  0  2  4]
 [ 6  0 24  3  0  1  2]
 [ 2  2  6 33  0  9  7]
 [ 1  0  0  0  0  0  0]
 [ 4  1  3 16  0 40  4]
 [10  5 20 38  0 22  7]]

NB Bernoulli
Classification_report:
             precision    recall  f1-score   support

          B       0.57      0.83      0.68       179
          C       0.00      0.00      0.00        20
          G       0.00      0.00      0.00        36
          M       0.41      0.20      0.27        59
          O       0.00      0.00      0.00         1
          P       0.67      0.59      0.62        68
          R       0.40      0.43      0.41       102

avg / total       0.46      0.53      0.48       465

[[149   0   3   2   0   6  19]
 [  8   0   0   1   0   4   7]
 [ 33   0   0   1   0   0   2]
 [ 16   0   0  12   0   4  27]
 [  0   0   0   0   0   1   0]
 [ 12   1   0   3   0  40  12]
 [ 42   0   1  10   0   5  44]]

DT
Classification_report:
             precision    recall  f1-score   support

          B       0.73      0.75      0.74       179
          C       0.12      0.15      0.14        20
          G       0.33      0.36      0.35        36
          M       0.34      0.34      0.34        59
          O       0.00      0.00      0.00         1
          P       0.69      0.63      0.66        68
          R       0.44      0.42      0.43       102

avg / total       0.55      0.55      0.55       465

[[134   1  21   3   0  10  10]
 [  0   3   0   4   0   1  12]
 [ 21   0  13   0   0   1   1]
 [  7   4   1  20   0   4  23]
 [  0   0   1   0   0   0   0]
 [ 11   2   1   2   0  43   9]
 [ 11  14   2  29   0   3  43]]

CRF
Classification_report:
             precision    recall  f1-score   support

          B       0.86      0.95      0.90       179
          C       0.72      0.65      0.68        20
          G       0.81      0.58      0.68        36
          M       0.51      0.42      0.46        59
          O       0.00      0.00      0.00         1
          P       0.80      0.75      0.77        68
          R       0.62      0.68      0.65       102

avg / total       0.74      0.75      0.74       465

CRF 2.0
Classification_report:
             precision    recall  f1-score   support

          B       0.95      1.00      0.98       179
          C       0.62      0.40      0.48        20
          G       1.00      0.81      0.89        36
          M       0.77      0.69      0.73        59
          O       0.00      0.00      0.00         1
          P       0.91      0.85      0.88        68
          R       0.76      0.88      0.82       102

avg / total       0.87      0.87      0.87       465


SVM RBF
Classification_report:
             precision    recall  f1-score   support

          B       0.55      0.86      0.67       256
          C       0.00      0.00      0.00        40
          G       0.00      0.00      0.00        72
          M       0.89      0.08      0.14       104
          O       0.00      0.00      0.00         7
          P       0.74      0.51      0.60       133
          R       0.50      0.74      0.59       219

avg / total       0.53      0.55      0.48       831

[[220   0   0   0   0   4  32]
 [ 10   0   0   0   0   1  29]
 [ 64   0   0   0   0   1   7]
 [ 23   0   0   8   0   5  68]
 [  0   0   0   0   0   3   4]
 [ 39   0   0   0   0  68  26]
 [ 45   0   0   1   0  10 163]]

SVM linear
Classification_report:
             precision    recall  f1-score   support

          B       0.57      0.66      0.61       256
          C       0.32      0.28      0.30        40
          G       0.42      0.38      0.39        72
          M       0.28      0.30      0.29       104
          O       0.50      0.14      0.22         7
          P       0.61      0.55      0.58       133
          R       0.45      0.42      0.44       219

avg / total       0.48      0.49      0.48       831

[[168   3  28  19   0  12  26]
 [  9  11   0   2   0   5  13]
 [ 36   2  27   0   0   1   6]
 [ 15   1   1  31   0   7  49]
 [  0   0   0   0   1   3   3]
 [ 25   5   5   9   0  73  16]
 [ 41  12   4  49   1  19  93]]

KNN
Classification_report:
             precision    recall  f1-score   support

          B       0.46      0.57      0.51       256
          C       0.18      0.17      0.18        40
          G       0.22      0.22      0.22        72
          M       0.28      0.22      0.25       104
          O       0.67      0.29      0.40         7
          P       0.49      0.50      0.49       133
          R       0.39      0.32      0.35       219

avg / total       0.39      0.40      0.39       831

[[145   5  24  18   0  28  36]
 [  9   7   2   2   0   2  18]
 [ 40   2  16   3   0   7   4]
 [ 24   6   6  23   0   6  39]
 [  1   0   1   0   2   2   1]
 [ 32   8   6   8   0  67  12]
 [ 62  11  19  29   1  26  71]]

NB Gaussian
Classification_report:
             precision    recall  f1-score   support

          B       0.48      0.16      0.24       256
          C       0.16      0.30      0.21        40
          G       0.16      0.64      0.25        72
          M       0.25      0.39      0.30       104
          O       0.00      0.00      0.00         7
          P       0.55      0.51      0.53       133
          R       0.32      0.11      0.17       219

avg / total       0.37      0.28      0.27       831

[[ 41  19 124  36   3  23  10]
 [  2  12   9   3   0   4  10]
 [ 14   2  46   5   0   3   2]
 [  8   3  30  41   0   7  15]
 [  1   0   0   0   0   1   5]
 [  7  17   5  22   2  68  12]
 [ 12  23  77  58   7  17  25]]

NB Bernoulli
Classification_report:
             precision    recall  f1-score   support

          B       0.60      0.73      0.65       256
          C       0.40      0.05      0.09        40
          G       0.50      0.15      0.23        72
          M       0.30      0.19      0.24       104
          O       1.00      0.43      0.60         7
          P       0.65      0.68      0.66       133
          R       0.45      0.58      0.51       219

avg / total       0.52      0.53      0.50       831

[[186   0   8   8   0  15  39]
 [ 12   2   0   1   0   5  20]
 [ 50   0  11   0   0   2   9]
 [ 14   0   1  20   0   8  61]
 [  0   3   0   0   3   1   0]
 [ 12   0   0   5   0  91  25]
 [ 38   0   2  32   0  19 128]]

DT
Classification_report:
             precision    recall  f1-score   support

          B       0.62      0.57      0.59       256
          C       0.14      0.10      0.12        40
          G       0.33      0.35      0.34        72
          M       0.23      0.27      0.25       104
          O       0.10      0.14      0.12         7
          P       0.59      0.58      0.59       133
          R       0.42      0.45      0.44       219

avg / total       0.46      0.45      0.46       831

[[145   4  28  19   0  21  39]
 [  3   4   1   9   2   3  18]
 [ 21   0  25   7   0   1  18]
 [ 15   4   9  28   1   7  40]
 [  0   1   0   2   1   2   1]
 [ 21   2   2  10   4  77  17]
 [ 29  13  10  48   2  19  98]]

CRF
Classification_report:
             precision    recall  f1-score   support

          B       0.71      0.79      0.75       256
          C       0.53      0.47      0.50        40
          G       0.56      0.46      0.50        72
          M       0.40      0.29      0.34       104
          O       0.67      0.29      0.40         7
          P       0.73      0.60      0.66       133
          R       0.55      0.67      0.60       219

avg / total       0.61      0.62      0.61       831

CRF 2.0
Classification_report:
             precision    recall  f1-score   support

          B       0.86      0.85      0.86       256
          C       0.26      0.25      0.26        40
          G       0.67      0.60      0.63        72
          M       0.53      0.49      0.51       104
          O       0.00      0.00      0.00         7
          P       0.72      0.71      0.72       133
          R       0.65      0.74      0.69       219

avg / total       0.69      0.69      0.69       831
