SVM RBF
Classification_report:
             precision    recall  f1-score   support

          B       0.49      0.56      0.52        77
          C       0.00      0.00      0.00        20
          G       0.60      0.08      0.15        36
          M       1.00      0.02      0.04        45
          O       0.00      0.00      0.00         6
          P       0.45      0.48      0.46        65
          R       0.47      0.81      0.59       117

avg / total       0.51      0.47      0.40       366

[[43  0  0  0  0 12 22]
 [ 2  0  0  0  0  4 14]
 [15  0  3  0  0  6 12]
 [ 3  0  0  1  0  5 36]
 [ 0  0  0  0  0  1  5]
 [13  0  2  0  0 31 19]
 [12  0  0  0  0 10 95]]

SVM linear
Classification_report:
             precision    recall  f1-score   support

          B       0.42      0.48      0.45        77
          C       0.07      0.10      0.09        20
          G       0.26      0.28      0.27        36
          M       0.19      0.27      0.22        45
          O       1.00      0.33      0.50         6
          P       0.41      0.35      0.38        65
          R       0.48      0.38      0.42       117

avg / total       0.39      0.36      0.36       366

[[37  3 14  8  0  7  8]
 [ 3  2  2  2  0  3  8]
 [14  6 10  1  0  2  3]
 [ 4  0  2 12  0  7 20]
 [ 0  0  0  1  2  2  1]
 [14  2  6 13  0 23  7]
 [16 14  4 27  0 12 44]]

KNN
Classification_report:
             precision    recall  f1-score   support

          B       0.34      0.49      0.40        77
          C       0.14      0.10      0.12        20
          G       0.20      0.22      0.21        36
          M       0.11      0.09      0.10        45
          O       0.00      0.00      0.00         6
          P       0.44      0.34      0.38        65
          R       0.50      0.48      0.49       117

avg / total       0.35      0.36      0.35       366

[[38  2 10  4  0 11 12]
 [ 3  2  1  4  0  1  9]
 [18  2  8  2  0  2  4]
 [ 7  3  3  4  1  5 22]
 [ 1  0  2  0  0  1  2]
 [19  4  7  6  0 22  7]
 [25  1  9 18  0  8 56]]

NB Gaussian
Classification_report:
             precision    recall  f1-score   support

          B       0.49      0.36      0.42        77
          C       0.31      0.20      0.24        20
          G       0.17      0.61      0.27        36
          M       0.33      0.29      0.31        45
          O       0.06      0.17      0.08         6
          P       0.64      0.63      0.64        65
          R       0.34      0.13      0.19       117

avg / total       0.40      0.34      0.34       366

[[28  0 31  2  3  9  4]
 [ 0  4  4  0  2  1  9]
 [ 9  0 22  3  0  0  2]
 [ 3  3 15 13  2  3  6]
 [ 0  0  0  0  1  0  5]
 [ 9  1  3  6  2 41  3]
 [ 8  5 55 16  8 10 15]]

NB Bernoulli
Classification_report:
             precision    recall  f1-score   support

          B       0.56      0.56      0.56        77
          C       0.50      0.10      0.17        20
          G       0.40      0.06      0.10        36
          M       0.33      0.02      0.04        45
          O       1.00      0.50      0.67         6
          P       0.80      0.66      0.72        65
          R       0.48      0.91      0.63       117

avg / total       0.54      0.55      0.48       366

[[ 43   0   1   0   0   3  30]
 [  2   2   0   0   0   1  15]
 [ 22   0   2   0   0   0  12]
 [  3   0   1   1   0   2  38]
 [  0   2   0   0   3   1   0]
 [  2   0   0   1   0  43  19]
 [  5   0   1   1   0   4 106]]

DT
Classification_report:
             precision    recall  f1-score   support

          B       0.39      0.38      0.38        77
          C       0.18      0.15      0.16        20
          G       0.19      0.19      0.19        36
          M       0.23      0.22      0.23        45
          O       0.33      0.33      0.33         6
          P       0.67      0.66      0.67        65
          R       0.49      0.52      0.50       117

avg / total       0.42      0.42      0.42       366

[[29  1 11  7  0  7 22]
 [ 3  3  2  4  0  1  7]
 [14  3  7  4  0  0  8]
 [10  3  3 10  0  2 17]
 [ 0  0  0  0  2  3  1]
 [ 4  1  3  3  2 43  9]
 [14  6 11 15  2  8 61]]

CRF
Classification_report:
             precision    recall  f1-score   support

          B       0.58      0.61      0.59        77
          C       0.48      0.55      0.51        20
          G       0.31      0.25      0.28        36
          M       0.19      0.13      0.16        45
          O       0.00      0.00      0.00         6
          P       0.57      0.51      0.54        65
          R       0.57      0.69      0.62       117

avg / total       0.48      0.51      0.49       366

CRF 2.0
Classification_report:
             precision    recall  f1-score   support

          B       0.70      0.62      0.66        77
          C       0.35      0.30      0.32        20
          G       0.35      0.25      0.29        36
          M       0.32      0.33      0.33        45
          O       0.00      0.00      0.00         6
          P       0.54      0.57      0.56        65
          R       0.55      0.65      0.60       117

avg / total       0.51      0.52      0.51       366


SVM RBF
Classification_report:
             precision    recall  f1-score   support

          B       0.61      0.94      0.74       179
          C       0.00      0.00      0.00        20
          G       0.00      0.00      0.00        36
          M       0.67      0.07      0.12        59
          O       0.00      0.00      0.00         1
          P       0.71      0.32      0.44        68
          R       0.52      0.76      0.62       102

avg / total       0.54      0.59      0.50       465

[[169   0   0   0   0   2   8]
 [  1   0   0   0   0   2  17]
 [ 35   0   0   0   0   1   0]
 [ 15   0   0   4   0   3  37]
 [  1   0   0   0   0   0   0]
 [ 37   0   0   0   0  22   9]
 [ 21   0   0   2   0   1  78]]

SVM linear
Classification_report:
             precision    recall  f1-score   support

          B       0.65      0.70      0.67       179
          C       0.47      0.35      0.40        20
          G       0.28      0.28      0.28        36
          M       0.36      0.37      0.37        59
          O       0.00      0.00      0.00         1
          P       0.56      0.56      0.56        68
          R       0.49      0.43      0.46       102

avg / total       0.53      0.53      0.53       465

[[126   2  23   6   0  12  10]
 [  1   7   0   2   0   4   6]
 [ 23   0  10   0   0   3   0]
 [ 13   0   1  22   0   2  21]
 [  0   0   0   0   0   1   0]
 [ 15   1   2   3   0  38   9]
 [ 17   5   0  28   0   8  44]]

KNN
Classification_report:
             precision    recall  f1-score   support

          B       0.54      0.77      0.63       179
          C       0.12      0.15      0.13        20
          G       0.24      0.22      0.23        36
          M       0.29      0.20      0.24        59
          O       0.00      0.00      0.00         1
          P       0.59      0.38      0.46        68
          R       0.39      0.25      0.30       102

avg / total       0.44      0.45      0.43       465

[[137   0  13   8   0  10  11]
 [  5   3   0   2   0   1   9]
 [ 24   1   8   1   0   1   1]
 [ 22   5   3  12   0   3  14]
 [  1   0   0   0   0   0   0]
 [ 24   6   4   4   0  26   4]
 [ 43  11   5  15   0   3  25]]

NB Gaussian
Classification_report:
             precision    recall  f1-score   support

          B       0.53      0.17      0.26       179
          C       0.20      0.15      0.17        20
          G       0.17      0.67      0.27        36
          M       0.25      0.56      0.35        59
          O       0.00      0.00      0.00         1
          P       0.38      0.53      0.44        68
          R       0.23      0.06      0.09       102

avg / total       0.36      0.29      0.26       465

[[31  4 85 31  0 25  3]
 [ 4  3  2  5  0  2  4]
 [ 6  0 24  3  0  1  2]
 [ 2  2  6 33  0  9  7]
 [ 1  0  0  0  0  0  0]
 [ 4  1  3 20  0 36  4]
 [11  5 20 39  0 21  6]]

NB Bernoulli
Classification_report:
             precision    recall  f1-score   support

          B       0.56      0.93      0.70       179
          C       0.00      0.00      0.00        20
          G       0.00      0.00      0.00        36
          M       0.44      0.20      0.28        59
          O       0.00      0.00      0.00         1
          P       0.79      0.40      0.53        68
          R       0.37      0.38      0.38       102

avg / total       0.47      0.52      0.47       465

[[166   0   1   1   0   0  11]
 [  5   0   2   1   0   1  11]
 [ 34   0   0   0   0   1   1]
 [ 17   0   0  12   0   1  29]
 [  0   0   0   0   0   1   0]
 [ 24   0   0   3   0  27  14]
 [ 49   0   1  10   0   3  39]]

DT
Classification_report:
             precision    recall  f1-score   support

          B       0.72      0.76      0.74       179
          C       0.12      0.15      0.14        20
          G       0.41      0.36      0.38        36
          M       0.44      0.46      0.45        59
          O       0.00      0.00      0.00         1
          P       0.62      0.54      0.58        68
          R       0.47      0.45      0.46       102

avg / total       0.56      0.56      0.56       465

[[136   0  18   3   0  10  12]
 [  2   3   0   3   0   5   7]
 [ 22   0  13   0   0   0   1]
 [  4   5   0  27   0   0  23]
 [  0   0   0   1   0   0   0]
 [ 18   1   1   2   0  37   9]
 [  7  15   0  26   0   8  46]]

CRF
Classification_report:
             precision    recall  f1-score   support

          B       0.86      0.97      0.91       179
          C       0.74      0.70      0.72        20
          G       0.88      0.61      0.72        36
          M       0.58      0.49      0.53        59
          O       0.00      0.00      0.00         1
          P       0.84      0.75      0.79        68
          R       0.65      0.71      0.68       102

avg / total       0.77      0.78      0.77       465

CRF 2.0
Classification_report:
             precision    recall  f1-score   support

          B       0.99      1.00      1.00       179
          C       0.58      0.55      0.56        20
          G       1.00      0.92      0.96        36
          M       0.82      0.76      0.79        59
          O       0.00      0.00      0.00         1
          P       0.93      0.91      0.92        68
          R       0.84      0.91      0.87       102

avg / total       0.91      0.91      0.91       465


SVM RBF
Classification_report:
             precision    recall  f1-score   support

          B       0.55      0.81      0.66       256
          C       0.00      0.00      0.00        40
          G       0.00      0.00      0.00        72
          M       0.00      0.00      0.00       104
          O       0.00      0.00      0.00         7
          P       0.50      0.47      0.48       133
          R       0.51      0.77      0.61       219

avg / total       0.38      0.53      0.44       831

[[207   0   0   0   0  16  33]
 [  6   0   0   0   0   4  30]
 [ 61   0   0   0   0   6   5]
 [ 24   0   0   0   0  17  63]
 [  0   0   0   0   0   4   3]
 [ 41   0   0   0   0  62  30]
 [ 35   0   0   1   0  15 168]]

SVM linear
Classification_report:
             precision    recall  f1-score   support

          B       0.57      0.64      0.61       256
          C       0.19      0.28      0.23        40
          G       0.31      0.25      0.27        72
          M       0.26      0.21      0.23       104
          O       0.50      0.29      0.36         7
          P       0.50      0.51      0.51       133
          R       0.50      0.46      0.48       219

avg / total       0.46      0.47      0.46       831

[[165   9  24  14   0  26  18]
 [  5  11   1   0   0   7  16]
 [ 41   2  18   3   0   2   6]
 [ 20   2   3  22   0  14  43]
 [  0   0   0   0   2   4   1]
 [ 27   7   5  10   0  68  16]
 [ 30  26   8  37   2  15 101]]

KNN
Classification_report:
             precision    recall  f1-score   support

          B       0.46      0.62      0.53       256
          C       0.29      0.25      0.27        40
          G       0.30      0.28      0.29        72
          M       0.20      0.18      0.19       104
          O       0.00      0.00      0.00         7
          P       0.47      0.42      0.44       133
          R       0.42      0.32      0.36       219

avg / total       0.39      0.40      0.39       831

[[159   2  21  20   1  29  24]
 [  7  10   1   3   0   4  15]
 [ 41   2  20   3   0   4   2]
 [ 29   5   5  19   0   8  38]
 [  1   0   1   2   0   0   3]
 [ 42   4   8  10   0  56  13]
 [ 70  12  11  38   0  18  70]]

NB Gaussian
Classification_report:
             precision    recall  f1-score   support

          B       0.48      0.16      0.24       256
          C       0.12      0.33      0.18        40
          G       0.16      0.64      0.25        72
          M       0.27      0.37      0.31       104
          O       0.00      0.00      0.00         7
          P       0.56      0.47      0.51       133
          R       0.32      0.11      0.16       219

avg / total       0.38      0.27      0.27       831

[[ 42  23 124  34   3  21   9]
 [  2  13   9   2   2   4   8]
 [ 14   3  46   4   0   3   2]
 [  9   8  30  38   0   5  14]
 [  1   0   0   0   0   1   5]
 [  8  24   6  17   3  63  12]
 [ 12  37  78  44   8  16  24]]

NB Bernoulli
Classification_report:
             precision    recall  f1-score   support

          B       0.59      0.82      0.69       256
          C       0.50      0.07      0.13        40
          G       0.53      0.11      0.18        72
          M       0.41      0.15      0.22       104
          O       1.00      0.43      0.60         7
          P       0.80      0.64      0.71       133
          R       0.47      0.66      0.55       219

avg / total       0.56      0.56      0.53       831

[[210   0   3   2   0   3  38]
 [  9   3   1   1   0   2  24]
 [ 54   0   8   1   0   0   9]
 [ 18   0   0  16   0   4  66]
 [  0   3   0   0   3   1   0]
 [ 18   0   0   5   0  85  25]
 [ 47   0   3  14   0  11 144]]

DT
Classification_report:
             precision    recall  f1-score   support

          B       0.61      0.62      0.62       256
          C       0.32      0.33      0.32        40
          G       0.38      0.42      0.40        72
          M       0.29      0.26      0.27       104
          O       0.25      0.14      0.18         7
          P       0.61      0.61      0.61       133
          R       0.47      0.47      0.47       219

avg / total       0.50      0.50      0.50       831

[[159   3  27  13   1  23  30]
 [  3  13   2   2   2   2  16]
 [ 24   1  30   5   0   2  10]
 [ 18   6   4  27   0   8  41]
 [  0   0   0   0   1   3   3]
 [ 13   5   2  14   0  81  18]
 [ 42  13  14  32   0  14 104]]

CRF
Classification_report:
             precision    recall  f1-score   support

          B       0.76      0.78      0.77       256
          C       0.46      0.45      0.46        40
          G       0.64      0.50      0.56        72
          M       0.35      0.27      0.30       104
          O       1.00      0.14      0.25         7
          P       0.69      0.60      0.64       133
          R       0.56      0.72      0.63       219

avg / total       0.62      0.62      0.62       831

CRF 2.0
Classification_report:
             precision    recall  f1-score   support

          B       0.91      0.87      0.89       256
          C       0.57      0.42      0.49        40
          G       0.72      0.71      0.71        72
          M       0.59      0.61      0.60       104
          O       0.00      0.00      0.00         7
          P       0.71      0.71      0.71       133
          R       0.69      0.76      0.72       219

avg / total       0.74      0.74      0.74       831
