SVM RBF
Classification_report:
             precision    recall  f1-score   support

          B       0.47      0.45      0.46        77
          C       0.00      0.00      0.00        20
          G       0.50      0.06      0.10        36
          M       0.33      0.02      0.04        45
          O       0.00      0.00      0.00         6
          P       0.51      0.51      0.51        65
          R       0.43      0.80      0.56       117

avg / total       0.42      0.45      0.38       366

[[35  0  2  0  0  6 34]
 [ 1  0  0  0  0  5 14]
 [16  0  2  0  0  4 14]
 [ 1  0  0  1  0  6 37]
 [ 0  0  0  0  0  1  5]
 [10  0  0  1  0 33 21]
 [12  0  0  1  0 10 94]]

SVM linear
Classification_report:
             precision    recall  f1-score   support

          B       0.47      0.49      0.48        77
          C       0.19      0.25      0.21        20
          G       0.34      0.31      0.32        36
          M       0.21      0.27      0.23        45
          O       1.00      0.33      0.50         6
          P       0.51      0.46      0.48        65
          R       0.46      0.43      0.44       117

avg / total       0.42      0.40      0.41       366

[[38  6 12  5  0  6 10]
 [ 2  5  0  1  0  2 10]
 [11  3 11  1  0  4  6]
 [ 4  0  1 12  0  8 20]
 [ 1  0  0  0  2  1  2]
 [ 7  3  3 12  0 30 10]
 [17 10  5 27  0  8 50]]

KNN
Classification_report:
             precision    recall  f1-score   support

          B       0.32      0.44      0.37        77
          C       0.09      0.10      0.10        20
          G       0.15      0.19      0.17        36
          M       0.24      0.24      0.24        45
          O       0.00      0.00      0.00         6
          P       0.38      0.32      0.35        65
          R       0.48      0.37      0.42       117

avg / total       0.34      0.32      0.33       366

[[34  4  9  4  0 11 15]
 [ 6  2  3  2  0  1  6]
 [12  5  7  2  1  5  4]
 [ 6  3  2 11  0  6 17]
 [ 1  0  4  0  0  1  0]
 [20  2  7  9  2 21  4]
 [26  6 14 17  1 10 43]]

NB Gaussian
Classification_report:
             precision    recall  f1-score   support

          B       0.49      0.39      0.43        77
          C       0.33      0.20      0.25        20
          G       0.17      0.61      0.27        36
          M       0.33      0.31      0.32        45
          O       0.06      0.17      0.08         6
          P       0.68      0.63      0.66        65
          R       0.33      0.13      0.18       117

avg / total       0.41      0.35      0.35       366

[[30  0 30  2  3  8  4]
 [ 0  4  4  0  2  1  9]
 [ 9  0 22  3  0  0  2]
 [ 3  3 14 14  2  2  7]
 [ 0  0  0  0  1  0  5]
 [ 9  0  2  7  2 41  4]
 [10  5 55 16  8  8 15]]

NB Bernoulli
Classification_report:
             precision    recall  f1-score   support

          B       0.62      0.65      0.64        77
          C       0.50      0.05      0.09        20
          G       0.50      0.06      0.10        36
          M       0.20      0.02      0.04        45
          O       1.00      0.50      0.67         6
          P       0.78      0.69      0.73        65
          R       0.48      0.87      0.62       117

avg / total       0.54      0.56      0.49       366

[[ 50   0   0   0   0   2  25]
 [  0   1   1   1   0   1  16]
 [ 18   0   2   0   0   0  16]
 [  2   0   1   1   0   3  38]
 [  0   1   0   1   3   1   0]
 [  3   0   0   0   0  45  17]
 [  7   0   0   2   0   6 102]]

DT
Classification_report:
             precision    recall  f1-score   support

          B       0.51      0.55      0.53        77
          C       0.12      0.10      0.11        20
          G       0.24      0.17      0.20        36
          M       0.18      0.18      0.18        45
          O       0.00      0.00      0.00         6
          P       0.62      0.63      0.63        65
          R       0.42      0.46      0.44       117

avg / total       0.40      0.42      0.41       366

[[42  1  4  7  0  6 17]
 [ 1  2  1  3  0  4  9]
 [12  2  6  4  0  2 10]
 [ 1  3  3  8  0  2 28]
 [ 0  0  0  1  0  3  2]
 [ 8  2  1  2  2 41  9]
 [18  7 10 19  1  8 54]]

CRF
Classification_report:
             precision    recall  f1-score   support

          B       0.56      0.62      0.59        77
          C       0.48      0.55      0.51        20
          G       0.36      0.33      0.35        36
          M       0.21      0.11      0.14        45
          O       0.00      0.00      0.00         6
          P       0.62      0.57      0.59        65
          R       0.59      0.71      0.65       117

avg / total       0.50      0.54      0.52       366

CRF 2.0
Classification_report:
             precision    recall  f1-score   support

          B       0.63      0.57      0.60        77
          C       0.20      0.15      0.17        20
          G       0.35      0.36      0.36        36
          M       0.31      0.31      0.31        45
          O       0.00      0.00      0.00         6
          P       0.51      0.55      0.53        65
          R       0.55      0.61      0.58       117

avg / total       0.48      0.49      0.49       366


SVM RBF
Classification_report:
             precision    recall  f1-score   support

          B       0.54      0.92      0.68       179
          C       0.00      0.00      0.00        20
          G       0.00      0.00      0.00        36
          M       0.55      0.10      0.17        59
          O       0.00      0.00      0.00         1
          P       0.87      0.29      0.44        68
          R       0.48      0.58      0.52       102

avg / total       0.51      0.54      0.46       465

[[165   0   0   0   0   1  13]
 [  6   0   0   1   0   0  13]
 [ 36   0   0   0   0   0   0]
 [ 22   0   0   6   0   1  30]
 [  1   0   0   0   0   0   0]
 [ 39   0   0   1   0  20   8]
 [ 39   0   0   3   0   1  59]]

SVM linear
Classification_report:
             precision    recall  f1-score   support

          B       0.64      0.66      0.65       179
          C       0.38      0.30      0.33        20
          G       0.31      0.33      0.32        36
          M       0.30      0.34      0.32        59
          O       0.00      0.00      0.00         1
          P       0.54      0.56      0.55        68
          R       0.43      0.37      0.40       102

avg / total       0.50      0.50      0.50       465

[[118   4  24   9   0  12  12]
 [  2   6   0   2   0   2   8]
 [ 19   0  12   1   0   4   0]
 [  9   1   1  20   0   5  23]
 [  0   0   0   0   0   1   0]
 [ 19   1   1   2   0  38   7]
 [ 18   4   1  32   0   9  38]]

KNN
Classification_report:
             precision    recall  f1-score   support

          B       0.49      0.75      0.60       179
          C       0.00      0.00      0.00        20
          G       0.14      0.08      0.10        36
          M       0.23      0.17      0.19        59
          O       0.00      0.00      0.00         1
          P       0.48      0.35      0.41        68
          R       0.39      0.22      0.28       102

avg / total       0.38      0.42      0.38       465

[[134   4  10   7   0  14  10]
 [  9   0   0   3   0   1   7]
 [ 30   0   3   0   0   2   1]
 [ 29   5   2  10   0   1  12]
 [  1   0   0   0   0   0   0]
 [ 28   4   2   5   0  24   5]
 [ 40   8   5  19   0   8  22]]

NB Gaussian
Classification_report:
             precision    recall  f1-score   support

          B       0.53      0.17      0.26       179
          C       0.20      0.15      0.17        20
          G       0.17      0.67      0.27        36
          M       0.26      0.56      0.35        59
          O       0.00      0.00      0.00         1
          P       0.40      0.56      0.46        68
          R       0.23      0.06      0.09       102

avg / total       0.37      0.29      0.26       465

[[31  4 85 31  0 25  3]
 [ 4  3  2  5  0  2  4]
 [ 6  0 24  3  0  1  2]
 [ 2  2  6 33  0  9  7]
 [ 1  0  0  0  0  0  0]
 [ 4  1  3 18  0 38  4]
 [11  5 20 39  0 21  6]]

NB Bernoulli
Classification_report:
             precision    recall  f1-score   support

          B       0.56      0.91      0.69       179
          C       0.00      0.00      0.00        20
          G       0.00      0.00      0.00        36
          M       0.47      0.24      0.31        59
          O       0.00      0.00      0.00         1
          P       0.82      0.47      0.60        68
          R       0.42      0.42      0.42       102

avg / total       0.49      0.54      0.49       465

[[163   0   1   1   0   2  12]
 [  8   0   1   2   0   1   8]
 [ 33   0   0   0   0   0   3]
 [ 19   0   0  14   0   1  25]
 [  0   0   0   0   0   1   0]
 [ 23   0   0   2   0  32  11]
 [ 45   0   1  11   0   2  43]]

DT
Classification_report:
             precision    recall  f1-score   support

          B       0.70      0.74      0.72       179
          C       0.14      0.15      0.14        20
          G       0.45      0.36      0.40        36
          M       0.35      0.34      0.34        59
          O       0.00      0.00      0.00         1
          P       0.64      0.51      0.57        68
          R       0.43      0.48      0.46       102

avg / total       0.54      0.54      0.54       465

[[132   0  15   5   0   9  18]
 [  2   3   0   3   0   1  11]
 [ 22   0  13   0   0   0   1]
 [  2   6   0  20   0   3  28]
 [  0   0   0   1   0   0   0]
 [ 20   3   1   3   0  35   6]
 [ 11  10   0  25   0   7  49]]

CRF
Classification_report:
             precision    recall  f1-score   support

          B       0.82      0.97      0.89       179
          C       0.74      0.70      0.72        20
          G       0.83      0.56      0.67        36
          M       0.54      0.42      0.48        59
          O       0.00      0.00      0.00         1
          P       0.85      0.74      0.79        68
          R       0.62      0.65      0.63       102

avg / total       0.74      0.75      0.74       465

CRF 2.0
Classification_report:
             precision    recall  f1-score   support

          B       0.98      1.00      0.99       179
          C       0.50      0.25      0.33        20
          G       0.92      0.94      0.93        36
          M       0.86      0.81      0.83        59
          O       0.00      0.00      0.00         1
          P       0.93      0.91      0.92        68
          R       0.81      0.89      0.85       102

avg / total       0.89      0.90      0.89       465


SVM RBF
Classification_report:
             precision    recall  f1-score   support

          B       0.54      0.83      0.65       256
          C       0.00      0.00      0.00        40
          G       0.00      0.00      0.00        72
          M       0.57      0.04      0.07       104
          O       0.00      0.00      0.00         7
          P       0.59      0.45      0.51       133
          R       0.48      0.71      0.57       219

avg / total       0.46      0.52      0.44       831

[[212   0   0   0   0  12  32]
 [ 10   0   0   0   0   2  28]
 [ 64   0   0   0   0   2   6]
 [ 22   0   0   4   0   9  69]
 [  0   0   0   0   0   3   4]
 [ 41   0   0   1   0  60  31]
 [ 47   0   1   2   0  13 156]]

SVM linear
Classification_report:
             precision    recall  f1-score   support

          B       0.56      0.59      0.57       256
          C       0.20      0.25      0.22        40
          G       0.26      0.29      0.27        72
          M       0.28      0.33      0.30       104
          O       0.33      0.14      0.20         7
          P       0.44      0.41      0.42       133
          R       0.47      0.39      0.42       219

avg / total       0.43      0.43      0.43       831

[[150   6  44  11   0  22  23]
 [  6  10   0   4   0   6  14]
 [ 37   4  21   3   0   4   3]
 [ 16   4   2  34   0  13  35]
 [  0   1   0   1   1   4   0]
 [ 29  10   8  11   0  54  21]
 [ 31  16   7  57   2  21  85]]

KNN
Classification_report:
             precision    recall  f1-score   support

          B       0.45      0.61      0.52       256
          C       0.09      0.07      0.08        40
          G       0.19      0.18      0.18        72
          M       0.22      0.19      0.20       104
          O       0.00      0.00      0.00         7
          P       0.40      0.38      0.39       133
          R       0.37      0.27      0.31       219

avg / total       0.35      0.36      0.35       831

[[155   5  20  15   1  29  31]
 [  9   3   3   5   0   2  18]
 [ 43   1  13   3   0   8   4]
 [ 29   4   5  20   0  11  35]
 [  4   0   1   0   0   1   1]
 [ 37   5  12  15   0  51  13]
 [ 67  15  16  35   2  25  59]]

NB Gaussian
Classification_report:
             precision    recall  f1-score   support

          B       0.48      0.16      0.24       256
          C       0.13      0.33      0.19        40
          G       0.16      0.64      0.25        72
          M       0.26      0.37      0.31       104
          O       0.00      0.00      0.00         7
          P       0.55      0.49      0.52       133
          R       0.32      0.11      0.16       219

avg / total       0.37      0.27      0.27       831

[[ 42  21 124  35   3  22   9]
 [  2  13   9   2   1   4   9]
 [ 14   2  46   5   0   3   2]
 [  9   7  30  38   0   6  14]
 [  1   0   0   0   0   1   5]
 [  8  23   6  16   3  65  12]
 [ 12  31  77  49   8  18  24]]

NB Bernoulli
Classification_report:
             precision    recall  f1-score   support

          B       0.57      0.79      0.66       256
          C       0.40      0.05      0.09        40
          G       0.58      0.10      0.17        72
          M       0.34      0.18      0.24       104
          O       1.00      0.43      0.60         7
          P       0.78      0.67      0.72       133
          R       0.48      0.63      0.55       219

avg / total       0.55      0.55      0.52       831

[[203   0   2   7   0   9  35]
 [ 15   2   1   0   0   2  20]
 [ 53   0   7   3   0   0   9]
 [ 21   0   0  19   0   3  61]
 [  0   3   0   0   3   1   0]
 [ 14   0   1   7   0  89  22]
 [ 50   0   1  20   0  10 138]]

DT
Classification_report:
             precision    recall  f1-score   support

          B       0.63      0.62      0.63       256
          C       0.17      0.20      0.19        40
          G       0.42      0.35      0.38        72
          M       0.21      0.22      0.22       104
          O       0.33      0.29      0.31         7
          P       0.58      0.56      0.57       133
          R       0.40      0.42      0.41       219

avg / total       0.47      0.46      0.46       831

[[160   6  19  25   1  19  26]
 [  6   8   0   4   2   1  19]
 [ 18   1  25   7   0   4  17]
 [ 15   6   5  23   0   6  49]
 [  1   1   0   1   2   2   0]
 [ 16   5   1   9   1  74  27]
 [ 38  19  10  40   0  21  91]]

CRF
Classification_report:
             precision    recall  f1-score   support

          B       0.71      0.79      0.75       256
          C       0.56      0.47      0.51        40
          G       0.61      0.49      0.54        72
          M       0.39      0.27      0.32       104
          O       0.83      0.71      0.77         7
          P       0.70      0.58      0.63       133
          R       0.57      0.69      0.63       219

avg / total       0.62      0.62      0.62       831

CRF 2.0
Classification_report:
             precision    recall  f1-score   support

          B       0.88      0.86      0.87       256
          C       0.30      0.23      0.26        40
          G       0.77      0.65      0.71        72
          M       0.60      0.70      0.65       104
          O       0.00      0.00      0.00         7
          P       0.73      0.74      0.74       133
          R       0.72      0.76      0.74       219

avg / total       0.73      0.74      0.73       831
