SVM RBF
Classification_report:
             precision    recall  f1-score   support

          B       1.00      0.05      0.10        77
          C       0.00      0.00      0.00        20
          G       0.00      0.00      0.00        36
          M       0.00      0.00      0.00        45
          O       0.00      0.00      0.00         6
          P       0.00      0.00      0.00        65
          R       0.32      1.00      0.49       117

avg / total       0.31      0.33      0.18       366

[[  4   0   0   0   0   0  73]
 [  0   0   0   0   0   0  20]
 [  0   0   0   0   0   0  36]
 [  0   0   0   0   0   0  45]
 [  0   0   0   0   0   0   6]
 [  0   0   0   0   0   0  65]
 [  0   0   0   0   0   0 117]]

SVM linear
Classification_report:
             precision    recall  f1-score   support

          B       0.39      0.47      0.42        77
          C       0.33      0.30      0.32        20
          G       0.38      0.28      0.32        36
          M       0.32      0.27      0.29        45
          O       1.00      0.33      0.50         6
          P       0.66      0.58      0.62        65
          R       0.46      0.51      0.48       117

avg / total       0.46      0.45      0.45       366

[[36  3  7  5  0  6 20]
 [ 4  6  0  1  0  1  8]
 [19  1 10  0  0  0  6]
 [ 4  1  1 12  0  2 25]
 [ 0  0  0  0  2  3  1]
 [ 7  3  5  1  0 38 11]
 [23  4  3 19  0  8 60]]

KNN
Classification_report:
             precision    recall  f1-score   support

          B       0.32      0.44      0.37        77
          C       0.29      0.20      0.24        20
          G       0.32      0.33      0.32        36
          M       0.23      0.29      0.25        45
          O       0.00      0.00      0.00         6
          P       0.47      0.35      0.40        65
          R       0.45      0.39      0.42       117

avg / total       0.37      0.36      0.36       366

[[34  2  6 12  0  6 17]
 [ 7  4  2  1  0  1  5]
 [10  0 12  2  0  4  8]
 [10  3  1 13  0  4 14]
 [ 0  0  1  1  0  1  3]
 [21  1  4  7  0 23  9]
 [24  4 12 21  0 10 46]]

NB Gaussian
Classification_report:
             precision    recall  f1-score   support

          B       0.46      0.44      0.45        77
          C       0.31      0.20      0.24        20
          G       0.29      0.56      0.38        36
          M       0.25      0.40      0.31        45
          O       0.06      0.17      0.08         6
          P       0.60      0.65      0.62        65
          R       0.35      0.15      0.20       117

avg / total       0.39      0.37      0.36       366

[[34  0 21  7  3  8  4]
 [ 0  4  3  0  2  2  9]
 [11  0 20  2  0  1  2]
 [ 4  3  6 18  2  4  8]
 [ 0  0  0  0  1  0  5]
 [ 8  1  0  8  2 42  4]
 [17  5 19 38  8 13 17]]

NB Bernoulli
Classification_report:
             precision    recall  f1-score   support

          B       0.47      0.43      0.45        77
          C       0.62      0.25      0.36        20
          G       0.38      0.42      0.40        36
          M       0.27      0.36      0.31        45
          O       1.00      0.33      0.50         6
          P       0.50      0.66      0.57        65
          R       0.49      0.43      0.46       117

avg / total       0.47      0.45      0.45       366

[[33  1 12  9  0 10 12]
 [ 0  5  2  2  0  5  6]
 [14  0 15  1  0  4  2]
 [ 3  0  1 16  0  6 19]
 [ 0  1  0  0  2  1  2]
 [ 4  0  4  3  0 43 11]
 [16  1  5 28  0 17 50]]

DT
Classification_report:
             precision    recall  f1-score   support

          B       0.43      0.49      0.46        77
          C       0.12      0.15      0.14        20
          G       0.22      0.17      0.19        36
          M       0.24      0.22      0.23        45
          O       0.00      0.00      0.00         6
          P       0.60      0.60      0.60        65
          R       0.46      0.44      0.45       117

avg / total       0.40      0.40      0.40       366

[[38  4  7  6  0  4 18]
 [ 2  3  3  3  0  0  9]
 [14  1  6  2  0  4  9]
 [10  5  2 10  0  6 12]
 [ 0  0  0  0  0  4  2]
 [ 7  1  0  1  5 39 12]
 [18 10  9 20  0  8 52]]

CRF
Classification_report:
             precision    recall  f1-score   support

          B       0.54      0.57      0.55        77
          C       0.43      0.45      0.44        20
          G       0.37      0.31      0.33        36
          M       0.18      0.13      0.15        45
          O       0.00      0.00      0.00         6
          P       0.60      0.52      0.56        65
          R       0.57      0.69      0.63       117

avg / total       0.48      0.51      0.49       366

CRF 2.0
Classification_report:
             precision    recall  f1-score   support

          B       0.50      0.47      0.48        77
          C       0.43      0.15      0.22        20
          G       0.23      0.19      0.21        36
          M       0.21      0.20      0.20        45
          O       0.00      0.00      0.00         6
          P       0.60      0.57      0.58        65
          R       0.55      0.70      0.61       117

avg / total       0.46      0.48      0.46       366


SVM RBF
Classification_report:
             precision    recall  f1-score   support

          B       0.38      1.00      0.56       179
          C       0.00      0.00      0.00        20
          G       0.00      0.00      0.00        36
          M       0.00      0.00      0.00        59
          O       0.00      0.00      0.00         1
          P       0.00      0.00      0.00        68
          R       0.00      0.00      0.00       102

avg / total       0.15      0.38      0.21       465

[[179   0   0   0   0   0   0]
 [ 20   0   0   0   0   0   0]
 [ 36   0   0   0   0   0   0]
 [ 59   0   0   0   0   0   0]
 [  1   0   0   0   0   0   0]
 [ 68   0   0   0   0   0   0]
 [102   0   0   0   0   0   0]]

SVM linear
Classification_report:
             precision    recall  f1-score   support

          B       0.59      0.68      0.63       179
          C       0.13      0.10      0.11        20
          G       0.24      0.17      0.20        36
          M       0.21      0.22      0.21        59
          O       0.00      0.00      0.00         1
          P       0.53      0.59      0.56        68
          R       0.34      0.26      0.30       102

avg / total       0.43      0.45      0.44       465

[[122   3  13  17   0  12  12]
 [  6   2   1   1   0   4   6]
 [ 24   0   6   1   0   1   4]
 [ 14   1   0  13   0   9  22]
 [  0   0   0   0   0   0   1]
 [ 12   3   2   3   0  40   8]
 [ 29   6   3  27   0  10  27]]

KNN
Classification_report:
             precision    recall  f1-score   support

          B       0.43      0.70      0.54       179
          C       0.00      0.00      0.00        20
          G       0.04      0.03      0.03        36
          M       0.22      0.12      0.15        59
          O       0.00      0.00      0.00         1
          P       0.45      0.38      0.41        68
          R       0.24      0.12      0.16       102

avg / total       0.32      0.37      0.32       465

[[125   5  16  11   0  12  10]
 [ 12   0   1   2   0   1   4]
 [ 32   0   1   0   0   2   1]
 [ 28   0   3   7   0   4  17]
 [  0   0   0   0   0   0   1]
 [ 30   4   0   4   0  26   4]
 [ 61   4   4   8   0  13  12]]

NB Gaussian
Classification_report:
             precision    recall  f1-score   support

          B       0.55      0.21      0.30       179
          C       0.20      0.15      0.17        20
          G       0.18      0.67      0.28        36
          M       0.29      0.54      0.37        59
          O       0.00      0.00      0.00         1
          P       0.43      0.66      0.52        68
          R       0.23      0.07      0.11       102

avg / total       0.38      0.32      0.29       465

[[37  3 83 25  0 26  5]
 [ 4  3  2  3  0  3  5]
 [ 7  0 24  3  0  0  2]
 [ 3  2  6 32  0  8  8]
 [ 1  0  0  0  0  0  0]
 [ 4  1  3 11  0 45  4]
 [11  6 17 38  0 23  7]]

NB Bernoulli
Classification_report:
             precision    recall  f1-score   support

          B       0.57      0.52      0.54       179
          C       0.12      0.10      0.11        20
          G       0.31      0.25      0.28        36
          M       0.31      0.44      0.37        59
          O       0.00      0.00      0.00         1
          P       0.45      0.57      0.50        68
          R       0.34      0.28      0.31       102

avg / total       0.43      0.43      0.42       465

[[93  7 15 21  0 18 25]
 [ 5  2  2  3  0  4  4]
 [19  1  9  5  0  0  2]
 [ 9  1  0 26  0  7 16]
 [ 0  0  0  1  0  0  0]
 [10  3  1  5  0 39 10]
 [28  2  2 22  0 19 29]]

DT
Classification_report:
             precision    recall  f1-score   support

          B       0.69      0.72      0.70       179
          C       0.25      0.20      0.22        20
          G       0.35      0.31      0.33        36
          M       0.32      0.36      0.34        59
          O       0.00      0.00      0.00         1
          P       0.51      0.53      0.52        68
          R       0.50      0.48      0.49       102

avg / total       0.53      0.54      0.53       465

[[128   0  18   4   0  13  16]
 [  5   4   0   3   0   2   6]
 [ 25   0  11   0   0   0   0]
 [  2   3   0  21   0  10  23]
 [  0   0   1   0   0   0   0]
 [ 16   2   1   9   0  36   4]
 [  9   7   0  28   0   9  49]]

CRF
Classification_report:
             precision    recall  f1-score   support

          B       0.87      0.96      0.91       179
          C       0.74      0.70      0.72        20
          G       0.81      0.61      0.70        36
          M       0.55      0.47      0.51        59
          O       0.00      0.00      0.00         1
          P       0.84      0.75      0.79        68
          R       0.65      0.70      0.67       102

avg / total       0.76      0.77      0.76       465

CRF 2.0
Classification_report:
             precision    recall  f1-score   support

          B       0.64      0.66      0.65       179
          C       0.39      0.35      0.37        20
          G       0.24      0.22      0.23        36
          M       0.35      0.29      0.31        59
          O       0.00      0.00      0.00         1
          P       0.57      0.53      0.55        68
          R       0.38      0.44      0.41       102

avg / total       0.49      0.50      0.49       465


SVM RBF
Classification_report:
             precision    recall  f1-score   support

          B       0.31      1.00      0.47       256
          C       0.00      0.00      0.00        40
          G       0.00      0.00      0.00        72
          M       0.00      0.00      0.00       104
          O       0.00      0.00      0.00         7
          P       0.00      0.00      0.00       133
          R       0.67      0.01      0.02       219

avg / total       0.27      0.31      0.15       831

[[256   0   0   0   0   0   0]
 [ 40   0   0   0   0   0   0]
 [ 72   0   0   0   0   0   0]
 [103   0   0   0   0   0   1]
 [  7   0   0   0   0   0   0]
 [133   0   0   0   0   0   0]
 [217   0   0   0   0   0   2]]

SVM linear
Classification_report:
             precision    recall  f1-score   support

          B       0.54      0.64      0.59       256
          C       0.19      0.12      0.15        40
          G       0.35      0.31      0.33        72
          M       0.31      0.31      0.31       104
          O       0.50      0.29      0.36         7
          P       0.65      0.59      0.62       133
          R       0.47      0.45      0.46       219

avg / total       0.48      0.48      0.48       831

[[164   2  29  18   0   7  36]
 [ 11   5   2   2   0   5  15]
 [ 43   0  22   0   0   1   6]
 [ 23   1   1  32   0  10  37]
 [  0   0   0   0   2   3   2]
 [ 20   5   4  10   0  79  15]
 [ 42  13   4  42   2  17  99]]

KNN
Classification_report:
             precision    recall  f1-score   support

          B       0.38      0.58      0.46       256
          C       0.12      0.07      0.09        40
          G       0.17      0.12      0.14        72
          M       0.17      0.17      0.17       104
          O       0.00      0.00      0.00         7
          P       0.46      0.37      0.41       133
          R       0.33      0.23      0.27       219

avg / total       0.32      0.33      0.32       831

[[148   6  18  33   0  15  36]
 [ 15   3   3   4   0   4  11]
 [ 48   0   9   6   0   3   6]
 [ 39   1   3  18   1   8  34]
 [  2   1   0   1   0   1   2]
 [ 42   7   8  15   0  49  12]
 [ 94   8  13  28   0  26  50]]

NB Gaussian
Classification_report:
             precision    recall  f1-score   support

          B       0.49      0.19      0.27       256
          C       0.20      0.35      0.26        40
          G       0.19      0.64      0.29        72
          M       0.26      0.50      0.34       104
          O       0.00      0.00      0.00         7
          P       0.57      0.58      0.58       133
          R       0.32      0.11      0.17       219

avg / total       0.39      0.32      0.30       831

[[ 48  13 110  48   3  24  10]
 [  2  14   7   4   0   3  10]
 [ 15   2  46   5   0   2   2]
 [  8   3  17  52   0   9  15]
 [  1   0   0   0   0   1   5]
 [  6  13   3  20   2  77  12]
 [ 17  24  58  70   7  18  25]]

NB Bernoulli
Classification_report:
             precision    recall  f1-score   support

          B       0.59      0.45      0.51       256
          C       0.19      0.17      0.18        40
          G       0.30      0.47      0.37        72
          M       0.25      0.28      0.26       104
          O       0.50      0.57      0.53         7
          P       0.48      0.69      0.56       133
          R       0.44      0.35      0.39       219

avg / total       0.45      0.43      0.43       831

[[115   6  54  26   0  29  26]
 [  4   7   6   2   0  11  10]
 [ 25   4  34   1   0   3   5]
 [  9   2   5  29   1  18  40]
 [  0   1   0   0   4   1   1]
 [  4   5   7  11   1  92  13]
 [ 37  11   6  48   2  39  76]]

DT
Classification_report:
             precision    recall  f1-score   support

          B       0.61      0.56      0.59       256
          C       0.10      0.10      0.10        40
          G       0.26      0.32      0.29        72
          M       0.19      0.18      0.18       104
          O       0.14      0.14      0.14         7
          P       0.56      0.59      0.57       133
          R       0.44      0.44      0.44       219

avg / total       0.45      0.44      0.44       831

[[144   7  42  16   0  19  28]
 [  6   4   1   7   1   1  20]
 [ 24   2  23   3   1   7  12]
 [ 17   5  13  19   0   9  41]
 [  0   1   0   1   1   2   2]
 [ 17   5   0  10   4  78  19]
 [ 28  18   8  46   0  23  96]]

CRF
Classification_report:
             precision    recall  f1-score   support

          B       0.72      0.81      0.76       256
          C       0.53      0.47      0.50        40
          G       0.62      0.49      0.55        72
          M       0.35      0.28      0.31       104
          O       0.00      0.00      0.00         7
          P       0.73      0.62      0.67       133
          R       0.57      0.67      0.62       219

avg / total       0.61      0.63      0.62       831

CRF 2.0
Classification_report:
             precision    recall  f1-score   support

          B       0.63      0.70      0.66       256
          C       0.23      0.17      0.20        40
          G       0.31      0.24      0.27        72
          M       0.34      0.38      0.36       104
          O       0.00      0.00      0.00         7
          P       0.63      0.59      0.61       133
          R       0.54      0.53      0.54       219

avg / total       0.52      0.53      0.52       831
