SVM RBF
Classification_report:
             precision    recall  f1-score   support

          B       0.50      0.60      0.54        77
          C       0.00      0.00      0.00        20
          G       0.00      0.00      0.00        36
          M       1.00      0.04      0.09        45
          O       0.00      0.00      0.00         6
          P       0.64      0.54      0.58        65
          R       0.46      0.85      0.60       117

avg / total       0.49      0.50      0.42       366

[[46  0  1  0  0  6 24]
 [ 1  0  0  0  0  3 16]
 [21  0  0  0  0  1 14]
 [ 2  0  0  2  0  3 38]
 [ 0  0  0  0  0  1  5]
 [10  0  1  0  0 35 19]
 [12  0  0  0  0  6 99]]

SVM linear
Classification_report:
             precision    recall  f1-score   support

          B       0.48      0.52      0.50        77
          C       0.40      0.40      0.40        20
          G       0.42      0.36      0.39        36
          M       0.24      0.24      0.24        45
          O       1.00      0.33      0.50         6
          P       0.65      0.62      0.63        65
          R       0.53      0.56      0.54       117

avg / total       0.49      0.49      0.49       366

[[40  3 10  5  0  6 13]
 [ 1  8  0  2  0  2  7]
 [14  1 13  0  0  1  7]
 [ 5  0  2 11  0  6 21]
 [ 0  0  0  0  2  2  2]
 [ 9  2  4  3  0 40  7]
 [15  6  2 24  0  5 65]]

KNN
Classification_report:
             precision    recall  f1-score   support

          B       0.31      0.38      0.34        77
          C       0.13      0.10      0.11        20
          G       0.19      0.22      0.21        36
          M       0.18      0.18      0.18        45
          O       0.00      0.00      0.00         6
          P       0.36      0.35      0.36        65
          R       0.43      0.38      0.41       117

avg / total       0.31      0.31      0.31       366

[[29  3 10  7  0 13 15]
 [ 3  2  3  2  0  1  9]
 [11  4  8  2  0  4  7]
 [10  0  1  8  0  5 21]
 [ 0  0  1  1  0  3  1]
 [20  2  8  5  1 23  6]
 [22  4 11 20  0 15 45]]

NB Gaussian
Classification_report:
             precision    recall  f1-score   support

          B       0.46      0.39      0.42        77
          C       0.36      0.20      0.26        20
          G       0.19      0.61      0.29        36
          M       0.32      0.38      0.35        45
          O       0.06      0.17      0.08         6
          P       0.69      0.62      0.65        65
          R       0.34      0.14      0.20       117

avg / total       0.41      0.36      0.35       366

[[30  0 29  4  3  7  4]
 [ 0  4  4  0  2  1  9]
 [ 9  0 22  3  0  0  2]
 [ 3  3 11 17  2  2  7]
 [ 0  0  0  0  1  0  5]
 [10  0  1  8  2 40  4]
 [13  4 47 21  8  8 16]]

NB Bernoulli
Classification_report:
             precision    recall  f1-score   support

          B       0.48      0.55      0.51        77
          C       0.50      0.10      0.17        20
          G       0.33      0.08      0.13        36
          M       0.28      0.11      0.16        45
          O       1.00      0.33      0.50         6
          P       0.73      0.72      0.73        65
          R       0.48      0.74      0.58       117

avg / total       0.50      0.51      0.47       366

[[42  0  2  2  0  4 27]
 [ 3  2  2  1  0  1 11]
 [18  0  3  1  0  0 14]
 [ 2  0  1  5  0  5 32]
 [ 0  2  0  1  2  1  0]
 [ 4  0  1  3  0 47 10]
 [19  0  0  5  0  6 87]]

DT
Classification_report:
             precision    recall  f1-score   support

          B       0.37      0.45      0.41        77
          C       0.17      0.10      0.12        20
          G       0.19      0.14      0.16        36
          M       0.20      0.18      0.19        45
          O       0.00      0.00      0.00         6
          P       0.65      0.68      0.66        65
          R       0.48      0.50      0.49       117

avg / total       0.40      0.42      0.40       366

[[35  0  7  9  0  6 20]
 [ 5  2  3  1  0  2  7]
 [16  0  5  3  0  3  9]
 [ 7  4  3  8  0  4 19]
 [ 0  1  0  1  0  4  0]
 [ 5  2  1  3  1 44  9]
 [26  3  8 16  1  5 58]]

CRF
Classification_report:
             precision    recall  f1-score   support

          B       0.53      0.62      0.57        77
          C       0.45      0.50      0.48        20
          G       0.39      0.33      0.36        36
          M       0.20      0.11      0.14        45
          O       0.00      0.00      0.00         6
          P       0.60      0.54      0.57        65
          R       0.59      0.70      0.64       117

avg / total       0.49      0.52      0.50       366

CRF 2.0
Classification_report:
             precision    recall  f1-score   support

          B       0.54      0.56      0.55        77
          C       0.46      0.30      0.36        20
          G       0.28      0.19      0.23        36
          M       0.27      0.27      0.27        45
          O       0.00      0.00      0.00         6
          P       0.67      0.57      0.62        65
          R       0.56      0.71      0.62       117

avg / total       0.50      0.51      0.50       366


SVM RBF
Classification_report:
             precision    recall  f1-score   support

          B       0.58      0.93      0.71       179
          C       0.00      0.00      0.00        20
          G       0.00      0.00      0.00        36
          M       1.00      0.07      0.13        59
          O       0.00      0.00      0.00         1
          P       0.86      0.37      0.52        68
          R       0.50      0.71      0.58       102

avg / total       0.58      0.57      0.49       465

[[166   0   0   0   0   1  12]
 [  3   0   0   0   0   0  17]
 [ 36   0   0   0   0   0   0]
 [ 19   0   0   4   0   3  33]
 [  1   0   0   0   0   0   0]
 [ 32   0   0   0   0  25  11]
 [ 30   0   0   0   0   0  72]]

SVM linear
Classification_report:
             precision    recall  f1-score   support

          B       0.71      0.74      0.72       179
          C       0.26      0.25      0.26        20
          G       0.41      0.33      0.37        36
          M       0.38      0.39      0.38        59
          O       0.00      0.00      0.00         1
          P       0.58      0.63      0.61        68
          R       0.46      0.43      0.45       102

avg / total       0.55      0.56      0.55       465

[[132   3  17   7   0  10  10]
 [  0   5   0   2   0   2  11]
 [ 22   1  12   0   0   1   0]
 [  6   2   0  23   0   6  22]
 [  0   0   0   0   0   1   0]
 [ 11   1   0   5   0  43   8]
 [ 16   7   0  24   0  11  44]]

KNN
Classification_report:
             precision    recall  f1-score   support

          B       0.52      0.77      0.62       179
          C       0.10      0.10      0.10        20
          G       0.28      0.22      0.25        36
          M       0.23      0.17      0.20        59
          O       0.00      0.00      0.00         1
          P       0.49      0.37      0.42        68
          R       0.36      0.21      0.26       102

avg / total       0.41      0.44      0.41       465

[[138   2  11   5   0  14   9]
 [  8   2   0   3   0   2   5]
 [ 26   0   8   0   0   1   1]
 [ 26   5   2  10   0   2  14]
 [  0   0   0   0   0   0   1]
 [ 25   4   3   3   0  25   8]
 [ 40   7   5  22   0   7  21]]

NB Gaussian
Classification_report:
             precision    recall  f1-score   support

          B       0.54      0.18      0.27       179
          C       0.20      0.15      0.17        20
          G       0.17      0.67      0.27        36
          M       0.26      0.56      0.35        59
          O       0.00      0.00      0.00         1
          P       0.41      0.57      0.48        68
          R       0.25      0.07      0.11       102

avg / total       0.38      0.30      0.27       465

[[32  4 85 31  0 23  4]
 [ 4  3  2  5  0  2  4]
 [ 6  0 24  3  0  1  2]
 [ 2  2  6 33  0  9  7]
 [ 1  0  0  0  0  0  0]
 [ 4  1  3 17  0 39  4]
 [10  5 20 39  0 21  7]]

NB Bernoulli
Classification_report:
             precision    recall  f1-score   support

          B       0.58      0.86      0.69       179
          C       0.00      0.00      0.00        20
          G       0.00      0.00      0.00        36
          M       0.50      0.29      0.37        59
          O       0.00      0.00      0.00         1
          P       0.71      0.60      0.65        68
          R       0.42      0.43      0.43       102

avg / total       0.48      0.55      0.50       465

[[154   0   1   0   0   7  17]
 [  6   0   1   2   0   2   9]
 [ 33   0   0   2   0   0   1]
 [ 19   0   0  17   0   2  21]
 [  0   0   0   0   0   0   1]
 [ 13   0   0   3   0  41  11]
 [ 40   1   1  10   0   6  44]]

DT
Classification_report:
             precision    recall  f1-score   support

          B       0.70      0.73      0.72       179
          C       0.15      0.20      0.17        20
          G       0.33      0.25      0.29        36
          M       0.28      0.25      0.27        59
          O       0.00      0.00      0.00         1
          P       0.53      0.57      0.55        68
          R       0.40      0.38      0.39       102

avg / total       0.50      0.51      0.51       465

[[131   1  16   6   0  14  11]
 [  2   4   0   1   0   4   9]
 [ 26   0   9   0   0   1   0]
 [  2   4   1  15   0   5  32]
 [  0   0   0   1   0   0   0]
 [ 15   2   1   3   1  39   7]
 [ 11  15   0  27   0  10  39]]

CRF
Classification_report:
             precision    recall  f1-score   support

          B       0.86      0.96      0.90       179
          C       0.78      0.70      0.74        20
          G       0.77      0.56      0.65        36
          M       0.50      0.47      0.49        59
          O       0.00      0.00      0.00         1
          P       0.83      0.72      0.77        68
          R       0.64      0.67      0.65       102

avg / total       0.75      0.75      0.75       465

CRF 2.0
Classification_report:
             precision    recall  f1-score   support

          B       0.97      1.00      0.98       179
          C       0.64      0.35      0.45        20
          G       1.00      0.89      0.94        36
          M       0.86      0.75      0.80        59
          O       0.00      0.00      0.00         1
          P       0.91      0.90      0.90        68
          R       0.76      0.89      0.82       102

avg / total       0.89      0.89      0.89       465


SVM RBF
Classification_report:
             precision    recall  f1-score   support

          B       0.56      0.84      0.67       256
          C       0.00      0.00      0.00        40
          G       1.00      0.01      0.03        72
          M       0.80      0.04      0.07       104
          O       0.00      0.00      0.00         7
          P       0.71      0.57      0.63       133
          R       0.49      0.76      0.60       219

avg / total       0.60      0.55      0.48       831

[[214   0   0   0   0   6  36]
 [  9   0   0   0   0   3  28]
 [ 63   0   1   0   0   1   7]
 [ 24   0   0   4   0   7  69]
 [  0   0   0   0   0   3   4]
 [ 31   0   0   0   0  76  26]
 [ 41   0   0   1   0  11 166]]

SVM linear
Classification_report:
             precision    recall  f1-score   support

          B       0.55      0.60      0.58       256
          C       0.21      0.28      0.24        40
          G       0.37      0.32      0.34        72
          M       0.32      0.31      0.32       104
          O       0.50      0.14      0.22         7
          P       0.58      0.58      0.58       133
          R       0.47      0.44      0.45       219

avg / total       0.47      0.47      0.47       831

[[154   6  32  14   0  19  31]
 [  8  11   1   3   0   2  15]
 [ 38   3  23   1   0   0   7]
 [ 19   5   3  32   0   9  36]
 [  0   0   0   0   1   2   4]
 [ 26   9   1   6   0  77  14]
 [ 33  19   3  43   1  24  96]]

KNN
Classification_report:
             precision    recall  f1-score   support

          B       0.47      0.62      0.53       256
          C       0.20      0.12      0.15        40
          G       0.30      0.31      0.30        72
          M       0.23      0.20      0.21       104
          O       0.60      0.43      0.50         7
          P       0.45      0.45      0.45       133
          R       0.39      0.29      0.33       219

avg / total       0.39      0.40      0.39       831

[[159   3  23  16   0  31  24]
 [  8   5   2   3   0   4  18]
 [ 42   1  22   1   0   3   3]
 [ 28   4   7  21   0   8  36]
 [  1   0   0   0   3   1   2]
 [ 41   4   5   8   1  60  14]
 [ 61   8  15  44   1  27  63]]

NB Gaussian
Classification_report:
             precision    recall  f1-score   support

          B       0.48      0.16      0.24       256
          C       0.15      0.30      0.20        40
          G       0.16      0.64      0.25        72
          M       0.25      0.38      0.30       104
          O       0.00      0.00      0.00         7
          P       0.55      0.50      0.53       133
          R       0.32      0.11      0.17       219

avg / total       0.37      0.28      0.27       831

[[ 41  19 124  36   3  23  10]
 [  2  12   9   3   1   4   9]
 [ 14   2  46   5   0   3   2]
 [  8   5  30  40   0   6  15]
 [  1   0   0   0   0   1   5]
 [  7  17   6  22   2  67  12]
 [ 13  25  78  54   7  17  25]]

NB Bernoulli
Classification_report:
             precision    recall  f1-score   support

          B       0.58      0.75      0.65       256
          C       0.38      0.07      0.12        40
          G       0.56      0.21      0.30        72
          M       0.38      0.28      0.32       104
          O       1.00      0.43      0.60         7
          P       0.68      0.71      0.70       133
          R       0.48      0.54      0.51       219

avg / total       0.54      0.55      0.53       831

[[192   1   9   5   0  16  33]
 [ 13   3   1   1   0   4  18]
 [ 46   0  15   2   0   0   9]
 [ 19   0   0  29   0   8  48]
 [  0   4   0   0   3   0   0]
 [ 11   0   1   7   0  95  19]
 [ 50   0   1  33   0  16 119]]

DT
Classification_report:
             precision    recall  f1-score   support

          B       0.61      0.61      0.61       256
          C       0.12      0.12      0.12        40
          G       0.37      0.36      0.37        72
          M       0.22      0.21      0.22       104
          O       0.12      0.14      0.13         7
          P       0.61      0.61      0.61       133
          R       0.44      0.45      0.44       219

avg / total       0.47      0.47      0.47       831

[[155   8  28  23   1  17  24]
 [  4   5   1   6   1   6  17]
 [ 21   1  26   7   1   3  13]
 [ 19   4   4  22   0   6  49]
 [  0   0   0   0   1   4   2]
 [ 16   6   0   5   2  81  23]
 [ 39  17  11  36   2  15  99]]

CRF
Classification_report:
             precision    recall  f1-score   support

          B       0.73      0.79      0.76       256
          C       0.50      0.50      0.50        40
          G       0.58      0.46      0.51        72
          M       0.35      0.28      0.31       104
          O       1.00      0.14      0.25         7
          P       0.71      0.60      0.65       133
          R       0.57      0.68      0.62       219

avg / total       0.62      0.62      0.61       831

CRF 2.0
Classification_report:
             precision    recall  f1-score   support

          B       0.87      0.84      0.85       256
          C       0.30      0.23      0.26        40
          G       0.70      0.65      0.68        72
          M       0.54      0.55      0.54       104
          O       0.00      0.00      0.00         7
          P       0.76      0.74      0.75       133
          R       0.65      0.75      0.70       219

avg / total       0.71      0.71      0.71       831
