SVM RBF
Classification_report:
             precision    recall  f1-score   support

          B       0.47      0.55      0.50        77
          C       0.00      0.00      0.00        20
          G       0.00      0.00      0.00        36
          M       1.00      0.02      0.04        45
          O       0.00      0.00      0.00         6
          P       0.53      0.54      0.53        65
          R       0.46      0.82      0.59       117

avg / total       0.46      0.48      0.40       366

[[42  0  1  0  0 10 24]
 [ 1  0  0  0  0  4 15]
 [18  0  0  0  0  4 14]
 [ 5  0  0  1  0  4 35]
 [ 0  0  0  0  0  1  5]
 [11  0  1  0  0 35 18]
 [13  0  0  0  0  8 96]]

SVM linear
Classification_report:
             precision    recall  f1-score   support

          B       0.51      0.57      0.54        77
          C       0.26      0.30      0.28        20
          G       0.39      0.39      0.39        36
          M       0.18      0.22      0.20        45
          O       1.00      0.33      0.50         6
          P       0.58      0.54      0.56        65
          R       0.50      0.44      0.47       117

avg / total       0.46      0.44      0.45       366

[[44  2 12  4  0  7  8]
 [ 2  6  0  3  0  3  6]
 [ 9  2 14  2  0  3  6]
 [ 5  1  1 10  0  7 21]
 [ 0  0  0  1  2  0  3]
 [10  1  4  8  0 35  7]
 [17 11  5 28  0  5 51]]

KNN
Classification_report:
             precision    recall  f1-score   support

          B       0.32      0.40      0.36        77
          C       0.19      0.15      0.17        20
          G       0.21      0.19      0.20        36
          M       0.16      0.13      0.14        45
          O       0.00      0.00      0.00         6
          P       0.39      0.37      0.38        65
          R       0.47      0.47      0.47       117

avg / total       0.34      0.34      0.34       366

[[31  5  9  5  0 12 15]
 [ 3  3  2  2  0  3  7]
 [14  4  7  1  0  6  4]
 [ 7  0  1  6  1  5 25]
 [ 1  0  3  0  0  0  2]
 [17  1  6  7  1 24  9]
 [23  3  6 17  1 12 55]]

NB Gaussian
Classification_report:
             precision    recall  f1-score   support

          B       0.47      0.36      0.41        77
          C       0.33      0.20      0.25        20
          G       0.17      0.61      0.27        36
          M       0.33      0.29      0.31        45
          O       0.06      0.17      0.08         6
          P       0.66      0.63      0.65        65
          R       0.33      0.13      0.19       117

avg / total       0.40      0.34      0.34       366

[[28  0 31  2  3  9  4]
 [ 0  4  4  0  2  1  9]
 [ 9  0 22  3  0  0  2]
 [ 3  3 15 13  2  3  6]
 [ 0  0  0  0  1  0  5]
 [ 9  0  3  6  2 41  4]
 [10  5 55 16  8  8 15]]

NB Bernoulli
Classification_report:
             precision    recall  f1-score   support

          B       0.64      0.58      0.61        77
          C       0.40      0.10      0.16        20
          G       0.71      0.14      0.23        36
          M       0.50      0.11      0.18        45
          O       1.00      0.33      0.50         6
          P       0.73      0.71      0.72        65
          R       0.47      0.84      0.60       117

avg / total       0.58      0.55      0.51       366

[[45  0  1  0  0  5 26]
 [ 2  2  0  0  0  1 15]
 [14  0  5  0  0  1 16]
 [ 0  0  0  5  0  4 36]
 [ 0  3  0  0  2  1  0]
 [ 0  0  0  1  0 46 18]
 [ 9  0  1  4  0  5 98]]

DT
Classification_report:
             precision    recall  f1-score   support

          B       0.44      0.44      0.44        77
          C       0.00      0.00      0.00        20
          G       0.17      0.19      0.18        36
          M       0.15      0.16      0.15        45
          O       0.00      0.00      0.00         6
          P       0.60      0.68      0.64        65
          R       0.36      0.33      0.35       117

avg / total       0.35      0.36      0.35       366

[[34  1  7  7  0  6 22]
 [ 5  0  2  3  0  2  8]
 [10  3  7  4  0  4  8]
 [ 7  3  6  7  0  2 20]
 [ 0  0  0  0  0  3  3]
 [ 4  1  5  2  1 44  8]
 [18  9 13 25  1 12 39]]

CRF
Classification_report:
             precision    recall  f1-score   support

          B       0.55      0.55      0.55        77
          C       0.42      0.55      0.48        20
          G       0.33      0.25      0.29        36
          M       0.19      0.13      0.16        45
          O       0.00      0.00      0.00         6
          P       0.58      0.52      0.55        65
          R       0.56      0.71      0.63       117

avg / total       0.48      0.51      0.49       366

CRF 2.0
Classification_report:
             precision    recall  f1-score   support

          B       0.54      0.49      0.51        77
          C       0.15      0.10      0.12        20
          G       0.24      0.17      0.20        36
          M       0.20      0.24      0.22        45
          O       0.00      0.00      0.00         6
          P       0.47      0.48      0.47        65
          R       0.49      0.56      0.52       117

avg / total       0.41      0.42      0.41       366


SVM RBF
Classification_report:
             precision    recall  f1-score   support

          B       0.62      0.94      0.75       179
          C       0.00      0.00      0.00        20
          G       0.00      0.00      0.00        36
          M       0.86      0.10      0.18        59
          O       0.00      0.00      0.00         1
          P       0.77      0.29      0.43        68
          R       0.50      0.77      0.61       102

avg / total       0.57      0.59      0.51       465

[[169   0   0   0   0   1   9]
 [  0   0   0   0   0   1  19]
 [ 35   0   0   0   0   1   0]
 [ 11   0   0   6   0   2  40]
 [  1   0   0   0   0   0   0]
 [ 37   0   0   0   0  20  11]
 [ 21   0   0   1   0   1  79]]

SVM linear
Classification_report:
             precision    recall  f1-score   support

          B       0.67      0.69      0.68       179
          C       0.39      0.35      0.37        20
          G       0.34      0.33      0.34        36
          M       0.34      0.39      0.37        59
          O       0.00      0.00      0.00         1
          P       0.53      0.59      0.56        68
          R       0.50      0.41      0.45       102

avg / total       0.53      0.53      0.53       465

[[124   2  20   7   0  17   9]
 [  2   7   0   2   0   3   6]
 [ 20   0  12   0   0   3   1]
 [  9   3   0  23   0   3  21]
 [  0   0   0   0   0   1   0]
 [ 15   1   2   5   0  40   5]
 [ 15   5   1  30   0   9  42]]

KNN
Classification_report:
             precision    recall  f1-score   support

          B       0.53      0.77      0.63       179
          C       0.27      0.20      0.23        20
          G       0.30      0.19      0.24        36
          M       0.29      0.25      0.27        59
          O       0.00      0.00      0.00         1
          P       0.51      0.38      0.44        68
          R       0.38      0.25      0.30       102

avg / total       0.44      0.46      0.43       465

[[138   2   9   7   0  14   9]
 [  5   4   0   3   0   1   7]
 [ 26   0   7   0   0   2   1]
 [ 22   1   1  15   0   4  16]
 [  1   0   0   0   0   0   0]
 [ 24   2   4   5   0  26   7]
 [ 43   6   2  22   0   4  25]]

NB Gaussian
Classification_report:
             precision    recall  f1-score   support

          B       0.53      0.17      0.26       179
          C       0.20      0.15      0.17        20
          G       0.17      0.67      0.27        36
          M       0.25      0.56      0.35        59
          O       0.00      0.00      0.00         1
          P       0.39      0.54      0.46        68
          R       0.23      0.06      0.09       102

avg / total       0.36      0.29      0.26       465

[[31  4 85 31  0 25  3]
 [ 4  3  2  5  0  2  4]
 [ 6  0 24  3  0  1  2]
 [ 2  2  6 33  0  9  7]
 [ 1  0  0  0  0  0  0]
 [ 4  1  3 19  0 37  4]
 [11  5 20 40  0 20  6]]

NB Bernoulli
Classification_report:
             precision    recall  f1-score   support

          B       0.57      0.89      0.69       179
          C       0.00      0.00      0.00        20
          G       0.00      0.00      0.00        36
          M       0.43      0.27      0.33        59
          O       0.00      0.00      0.00         1
          P       0.72      0.56      0.63        68
          R       0.40      0.33      0.36       102

avg / total       0.46      0.53      0.48       465

[[160   0   2   0   0   5  12]
 [  5   0   2   4   0   3   6]
 [ 34   0   0   0   0   0   2]
 [ 15   0   0  16   0   3  25]
 [  0   0   0   1   0   0   0]
 [ 20   1   0   2   0  38   7]
 [ 49   0   1  14   0   4  34]]

DT
Classification_report:
             precision    recall  f1-score   support

          B       0.70      0.78      0.74       179
          C       0.23      0.15      0.18        20
          G       0.54      0.42      0.47        36
          M       0.37      0.42      0.40        59
          O       0.00      0.00      0.00         1
          P       0.61      0.53      0.57        68
          R       0.48      0.46      0.47       102

avg / total       0.56      0.57      0.56       465

[[140   2  11   2   0  13  11]
 [  1   3   0   4   0   2  10]
 [ 21   0  15   0   0   0   0]
 [  9   2   0  25   0   2  21]
 [  1   0   0   0   0   0   0]
 [ 19   0   2   2   0  36   9]
 [  9   6   0  34   0   6  47]]

CRF
Classification_report:
             precision    recall  f1-score   support

          B       0.85      0.96      0.90       179
          C       0.70      0.70      0.70        20
          G       0.85      0.61      0.71        36
          M       0.59      0.51      0.55        59
          O       0.00      0.00      0.00         1
          P       0.83      0.74      0.78        68
          R       0.64      0.66      0.65       102

avg / total       0.76      0.76      0.76       465

CRF 2.0
Classification_report:
             precision    recall  f1-score   support

          B       0.96      1.00      0.98       179
          C       0.44      0.35      0.39        20
          G       0.94      0.86      0.90        36
          M       0.83      0.76      0.80        59
          O       0.00      0.00      0.00         1
          P       0.87      0.88      0.88        68
          R       0.79      0.82      0.81       102

avg / total       0.87      0.87      0.87       465


SVM RBF
Classification_report:
             precision    recall  f1-score   support

          B       0.57      0.85      0.68       256
          C       0.00      0.00      0.00        40
          G       0.00      0.00      0.00        72
          M       0.00      0.00      0.00       104
          O       0.00      0.00      0.00         7
          P       0.61      0.52      0.56       133
          R       0.49      0.75      0.59       219

avg / total       0.40      0.54      0.46       831

[[217   0   0   0   0   8  31]
 [  5   0   0   0   0   3  32]
 [ 61   0   0   0   0   3   8]
 [ 26   0   0   0   0  11  67]
 [  0   0   0   0   0   3   4]
 [ 33   0   0   1   0  69  30]
 [ 37   0   0   1   0  17 164]]

SVM linear
Classification_report:
             precision    recall  f1-score   support

          B       0.56      0.62      0.59       256
          C       0.28      0.33      0.30        40
          G       0.34      0.39      0.36        72
          M       0.31      0.37      0.34       104
          O       1.00      0.29      0.44         7
          P       0.51      0.46      0.48       133
          R       0.52      0.42      0.47       219

avg / total       0.48      0.47      0.47       831

[[158   4  39  17   0  19  19]
 [  6  13   0   2   0   5  14]
 [ 30   6  28   0   0   4   4]
 [ 18   4   3  38   0  11  30]
 [  0   0   0   1   2   2   2]
 [ 35   4   3  13   0  61  17]
 [ 33  15  10  50   0  18  93]]

KNN
Classification_report:
             precision    recall  f1-score   support

          B       0.49      0.68      0.57       256
          C       0.27      0.20      0.23        40
          G       0.29      0.19      0.23        72
          M       0.23      0.24      0.24       104
          O       0.00      0.00      0.00         7
          P       0.46      0.43      0.44       133
          R       0.42      0.32      0.36       219

avg / total       0.40      0.42      0.40       831

[[174   4  13  15   1  24  25]
 [  5   8   1   7   0   2  17]
 [ 43   3  14   1   0   6   5]
 [ 31   2   3  25   0   9  34]
 [  3   0   1   1   0   1   1]
 [ 38   4   6  14   0  57  14]
 [ 58   9  10  44   3  26  69]]

NB Gaussian
Classification_report:
             precision    recall  f1-score   support

          B       0.48      0.16      0.24       256
          C       0.12      0.33      0.18        40
          G       0.16      0.64      0.25        72
          M       0.27      0.37      0.31       104
          O       0.00      0.00      0.00         7
          P       0.56      0.48      0.52       133
          R       0.32      0.11      0.16       219

avg / total       0.38      0.27      0.27       831

[[ 42  23 124  34   3  21   9]
 [  2  13   9   2   2   4   8]
 [ 14   3  46   4   0   3   2]
 [  9   7  30  38   0   6  14]
 [  1   0   0   0   0   1   5]
 [  8  24   6  16   3  64  12]
 [ 12  36  77  47   8  15  24]]

NB Bernoulli
Classification_report:
             precision    recall  f1-score   support

          B       0.60      0.78      0.68       256
          C       0.40      0.05      0.09        40
          G       0.48      0.15      0.23        72
          M       0.37      0.19      0.25       104
          O       1.00      0.43      0.60         7
          P       0.72      0.70      0.71       133
          R       0.48      0.62      0.54       219

avg / total       0.54      0.56      0.53       831

[[200   0   6   4   0  11  35]
 [ 11   2   3   1   0   5  18]
 [ 49   0  11   0   0   0  12]
 [ 15   0   0  20   0   6  63]
 [  0   3   0   0   3   1   0]
 [ 10   0   2   8   0  93  20]
 [ 48   0   1  21   0  14 135]]

DT
Classification_report:
             precision    recall  f1-score   support

          B       0.61      0.60      0.60       256
          C       0.10      0.12      0.11        40
          G       0.37      0.39      0.38        72
          M       0.26      0.24      0.25       104
          O       1.00      0.14      0.25         7
          P       0.65      0.63      0.64       133
          R       0.46      0.47      0.47       219

avg / total       0.49      0.48      0.48       831

[[154   9  29  17   0  15  32]
 [  4   5   2  11   0   3  15]
 [ 27   2  28   5   0   2   8]
 [ 17   7   4  25   0   5  46]
 [  0   0   0   0   1   2   4]
 [ 21   5   1   6   0  84  16]
 [ 31  22  12  31   0  19 104]]

CRF
Classification_report:
             precision    recall  f1-score   support

          B       0.73      0.80      0.76       256
          C       0.53      0.47      0.50        40
          G       0.59      0.47      0.52        72
          M       0.40      0.28      0.33       104
          O       0.75      0.43      0.55         7
          P       0.69      0.62      0.65       133
          R       0.57      0.68      0.62       219

avg / total       0.62      0.63      0.62       831

CRF 2.0
Classification_report:
             precision    recall  f1-score   support

          B       0.87      0.87      0.87       256
          C       0.46      0.47      0.47        40
          G       0.72      0.67      0.69        72
          M       0.59      0.57      0.58       104
          O       0.00      0.00      0.00         7
          P       0.72      0.72      0.72       133
          R       0.71      0.77      0.74       219

avg / total       0.73      0.74      0.73       831
