SVM RBF
Classification_report:
             precision    recall  f1-score   support

          B       0.49      0.56      0.52        77
          C       0.00      0.00      0.00        20
          G       0.00      0.00      0.00        36
          M       0.00      0.00      0.00        45
          O       0.00      0.00      0.00         6
          P       0.49      0.46      0.48        65
          R       0.45      0.84      0.59       117

avg / total       0.33      0.47      0.38       366

[[43  0  0  0  0 10 24]
 [ 2  0  0  0  0  2 16]
 [16  0  0  0  0  5 15]
 [ 2  0  0  0  0  6 37]
 [ 0  0  0  0  0  0  6]
 [14  0  0  0  0 30 21]
 [11  0  0  0  0  8 98]]

SVM linear
Classification_report:
             precision    recall  f1-score   support

          B       0.46      0.51      0.48        77
          C       0.28      0.35      0.31        20
          G       0.37      0.39      0.38        36
          M       0.17      0.20      0.18        45
          O       1.00      0.17      0.29         6
          P       0.45      0.45      0.45        65
          R       0.51      0.43      0.46       117

avg / total       0.43      0.41      0.41       366

[[39  3 11  5  0 10  9]
 [ 2  7  0  2  0  1  8]
 [11  0 14  0  0  5  6]
 [ 5  1  4  9  0  7 19]
 [ 0  0  0  1  1  2  2]
 [14  2  6  9  0 29  5]
 [14 12  3 28  0 10 50]]

KNN
Classification_report:
             precision    recall  f1-score   support

          B       0.38      0.51      0.43        77
          C       0.38      0.25      0.30        20
          G       0.17      0.17      0.17        36
          M       0.14      0.18      0.16        45
          O       0.00      0.00      0.00         6
          P       0.41      0.34      0.37        65
          R       0.48      0.41      0.44       117

avg / total       0.36      0.35      0.35       366

[[39  2  6 10  0 11  9]
 [ 0  5  1  2  0  0 12]
 [13  2  6  3  0  5  7]
 [10  0  2  8  1  5 19]
 [ 1  0  2  0  0  1  2]
 [18  0 11 10  0 22  4]
 [23  4  8 24  0 10 48]]

NB Gaussian
Classification_report:
             precision    recall  f1-score   support

          B       0.48      0.35      0.41        77
          C       0.31      0.20      0.24        20
          G       0.17      0.61      0.27        36
          M       0.33      0.29      0.31        45
          O       0.06      0.17      0.08         6
          P       0.63      0.63      0.63        65
          R       0.34      0.13      0.19       117

avg / total       0.40      0.34      0.34       366

[[27  0 31  2  3 10  4]
 [ 0  4  4  0  2  1  9]
 [ 8  0 22  3  0  1  2]
 [ 3  3 15 13  2  3  6]
 [ 0  0  0  0  1  0  5]
 [ 9  1  3  6  2 41  3]
 [ 9  5 55 16  8  9 15]]

NB Bernoulli
Classification_report:
             precision    recall  f1-score   support

          B       0.62      0.65      0.63        77
          C       0.25      0.05      0.08        20
          G       0.44      0.11      0.18        36
          M       0.57      0.09      0.15        45
          O       1.00      0.33      0.50         6
          P       0.69      0.72      0.71        65
          R       0.52      0.87      0.65       117

avg / total       0.56      0.57      0.52       366

[[ 50   0   1   0   0   5  21]
 [  2   1   0   2   0   2  13]
 [ 19   0   4   0   0   3  10]
 [  1   0   2   4   0   3  35]
 [  0   3   1   0   2   0   0]
 [  3   0   0   1   0  47  14]
 [  6   0   1   0   0   8 102]]

DT
Classification_report:
             precision    recall  f1-score   support

          B       0.35      0.38      0.36        77
          C       0.17      0.10      0.12        20
          G       0.12      0.14      0.13        36
          M       0.11      0.11      0.11        45
          O       0.00      0.00      0.00         6
          P       0.61      0.52      0.56        65
          R       0.36      0.39      0.38       117

avg / total       0.33      0.33      0.33       366

[[29  0 20  9  0  3 16]
 [ 4  2  2  2  0  0 10]
 [13  3  5  2  0  2 11]
 [ 7  2  2  5  0  1 28]
 [ 1  0  0  0  0  4  1]
 [ 5  0  4  4  3 34 15]
 [23  5  8 23  0 12 46]]

CRF
Classification_report:
             precision    recall  f1-score   support

          B       0.54      0.57      0.55        77
          C       0.43      0.45      0.44        20
          G       0.37      0.31      0.33        36
          M       0.18      0.13      0.15        45
          O       0.00      0.00      0.00         6
          P       0.60      0.52      0.56        65
          R       0.57      0.69      0.63       117

avg / total       0.48      0.51      0.49       366

CRF 2.0
Classification_report:
             precision    recall  f1-score   support

          B       0.61      0.56      0.58        77
          C       0.14      0.10      0.12        20
          G       0.30      0.22      0.25        36
          M       0.21      0.24      0.23        45
          O       0.00      0.00      0.00         6
          P       0.50      0.48      0.49        65
          R       0.48      0.57      0.52       117

avg / total       0.43      0.44      0.43       366


SVM RBF
Classification_report:
             precision    recall  f1-score   support

          B       0.62      0.94      0.75       179
          C       0.00      0.00      0.00        20
          G       0.00      0.00      0.00        36
          M       0.00      0.00      0.00        59
          O       0.00      0.00      0.00         1
          P       0.70      0.34      0.46        68
          R       0.51      0.80      0.63       102

avg / total       0.45      0.59      0.49       465

[[168   0   0   0   0   3   8]
 [  0   0   0   0   0   1  19]
 [ 34   0   0   0   0   2   0]
 [ 14   0   0   0   0   2  43]
 [  1   0   0   0   0   0   0]
 [ 37   0   0   0   0  23   8]
 [ 17   0   0   1   0   2  82]]

SVM linear
Classification_report:
             precision    recall  f1-score   support

          B       0.63      0.67      0.65       179
          C       0.37      0.35      0.36        20
          G       0.33      0.39      0.35        36
          M       0.40      0.41      0.40        59
          O       0.00      0.00      0.00         1
          P       0.48      0.46      0.47        68
          R       0.47      0.40      0.43       102

avg / total       0.51      0.51      0.51       465

[[120   0  27   3   0  17  12]
 [  0   7   0   1   0   1  11]
 [ 21   0  14   0   0   1   0]
 [  9   3   0  24   0   4  19]
 [  0   0   0   0   0   1   0]
 [ 25   1   1   5   0  31   5]
 [ 16   8   1  27   0   9  41]]

KNN
Classification_report:
             precision    recall  f1-score   support

          B       0.55      0.81      0.66       179
          C       0.17      0.15      0.16        20
          G       0.21      0.14      0.17        36
          M       0.24      0.15      0.19        59
          O       0.00      0.00      0.00         1
          P       0.49      0.44      0.47        68
          R       0.37      0.23      0.28       102

avg / total       0.42      0.46      0.43       465

[[145   1   7   6   0  15   5]
 [  7   3   0   2   0   0   8]
 [ 25   0   5   0   0   6   0]
 [ 22   2   1   9   0   3  22]
 [  1   0   0   0   0   0   0]
 [ 24   1   6   3   0  30   4]
 [ 39  11   5  17   0   7  23]]

NB Gaussian
Classification_report:
             precision    recall  f1-score   support

          B       0.53      0.17      0.26       179
          C       0.20      0.15      0.17        20
          G       0.17      0.67      0.27        36
          M       0.25      0.56      0.35        59
          O       0.00      0.00      0.00         1
          P       0.39      0.54      0.46        68
          R       0.23      0.06      0.09       102

avg / total       0.36      0.29      0.26       465

[[31  4 85 31  0 25  3]
 [ 4  3  2  5  0  2  4]
 [ 6  0 24  3  0  1  2]
 [ 2  2  6 33  0  9  7]
 [ 1  0  0  0  0  0  0]
 [ 4  1  3 19  0 37  4]
 [11  5 20 40  0 20  6]]

NB Bernoulli
Classification_report:
             precision    recall  f1-score   support

          B       0.58      0.87      0.69       179
          C       0.00      0.00      0.00        20
          G       0.00      0.00      0.00        36
          M       0.49      0.31      0.38        59
          O       0.00      0.00      0.00         1
          P       0.70      0.51      0.59        68
          R       0.39      0.39      0.39       102

avg / total       0.47      0.54      0.49       465

[[156   0   2   3   0   3  15]
 [  6   0   2   2   0   1   9]
 [ 33   0   0   0   0   0   3]
 [ 16   0   0  18   0   4  21]
 [  0   0   0   0   0   1   0]
 [ 16   0   0   3   0  35  14]
 [ 44   0   1  11   0   6  40]]

DT
Classification_report:
             precision    recall  f1-score   support

          B       0.73      0.77      0.75       179
          C       0.15      0.20      0.17        20
          G       0.44      0.39      0.41        36
          M       0.37      0.41      0.39        59
          O       0.00      0.00      0.00         1
          P       0.59      0.51      0.55        68
          R       0.36      0.32      0.34       102

avg / total       0.53      0.53      0.53       465

[[138   0  12   5   1  10  13]
 [  3   4   0   3   0   0  10]
 [ 17   0  14   1   0   1   3]
 [  1   5   1  24   0   4  24]
 [  0   0   1   0   0   0   0]
 [ 18   1   2   3   0  35   9]
 [ 12  17   2  29   0   9  33]]

CRF
Classification_report:
             precision    recall  f1-score   support

          B       0.87      0.97      0.92       179
          C       0.68      0.75      0.71        20
          G       0.85      0.61      0.71        36
          M       0.53      0.44      0.48        59
          O       0.00      0.00      0.00         1
          P       0.84      0.75      0.79        68
          R       0.63      0.68      0.65       102

avg / total       0.76      0.77      0.76       465

CRF 2.0
Classification_report:
             precision    recall  f1-score   support

          B       0.99      1.00      0.99       179
          C       0.54      0.35      0.42        20
          G       1.00      0.97      0.99        36
          M       0.88      0.75      0.81        59
          O       0.00      0.00      0.00         1
          P       0.95      0.88      0.92        68
          R       0.77      0.93      0.84       102

avg / total       0.90      0.90      0.90       465


SVM RBF
Classification_report:
             precision    recall  f1-score   support

          B       0.57      0.83      0.68       256
          C       0.00      0.00      0.00        40
          G       0.00      0.00      0.00        72
          M       0.50      0.01      0.02       104
          O       0.00      0.00      0.00         7
          P       0.54      0.44      0.48       133
          R       0.49      0.78      0.61       219

avg / total       0.45      0.53      0.45       831

[[213   0   0   0   0  13  30]
 [  5   0   0   0   0   4  31]
 [ 58   0   0   0   0   4  10]
 [ 17   0   0   1   0  13  73]
 [  2   0   0   0   0   2   3]
 [ 46   0   0   1   0  58  28]
 [ 34   0   0   0   0  14 171]]

SVM linear
Classification_report:
             precision    recall  f1-score   support

          B       0.53      0.59      0.56       256
          C       0.21      0.30      0.25        40
          G       0.34      0.36      0.35        72
          M       0.29      0.30      0.30       104
          O       0.50      0.14      0.22         7
          P       0.50      0.47      0.49       133
          R       0.46      0.38      0.41       219

avg / total       0.44      0.44      0.44       831

[[150   8  37  18   1  20  22]
 [  6  12   0   2   0   6  14]
 [ 34   1  26   1   0   4   6]
 [ 18   3   4  31   0  10  38]
 [  0   0   0   0   1   4   2]
 [ 33   4   4  13   0  63  16]
 [ 43  29   5  41   0  18  83]]

KNN
Classification_report:
             precision    recall  f1-score   support

          B       0.47      0.66      0.55       256
          C       0.17      0.12      0.14        40
          G       0.20      0.17      0.18        72
          M       0.19      0.17      0.18       104
          O       0.00      0.00      0.00         7
          P       0.41      0.41      0.41       133
          R       0.48      0.34      0.40       219

avg / total       0.39      0.40      0.39       831

[[169   3  19  18   0  31  16]
 [ 10   5   1   2   0   2  20]
 [ 47   1  12   1   0  10   1]
 [ 35   3   7  18   0  11  30]
 [  1   0   2   0   0   1   3]
 [ 41   3   9  14   1  54  11]
 [ 55  15  10  42   0  22  75]]

NB Gaussian
Classification_report:
             precision    recall  f1-score   support

          B       0.48      0.16      0.24       256
          C       0.12      0.33      0.18        40
          G       0.16      0.64      0.25        72
          M       0.28      0.38      0.32       104
          O       0.00      0.00      0.00         7
          P       0.57      0.48      0.52       133
          R       0.32      0.11      0.16       219

avg / total       0.38      0.27      0.27       831

[[ 42  23 124  34   3  21   9]
 [  2  13   9   2   2   4   8]
 [ 14   3  46   4   0   3   2]
 [  9   7  30  39   0   5  14]
 [  1   0   0   0   0   1   5]
 [  8  24   6  16   3  64  12]
 [ 12  36  78  46   8  15  24]]

NB Bernoulli
Classification_report:
             precision    recall  f1-score   support

          B       0.59      0.77      0.67       256
          C       0.50      0.10      0.17        40
          G       0.61      0.15      0.24        72
          M       0.34      0.20      0.25       104
          O       1.00      0.43      0.60         7
          P       0.69      0.71      0.70       133
          R       0.46      0.58      0.51       219

avg / total       0.54      0.55      0.52       831

[[196   0   4   5   0  14  37]
 [ 12   4   2   0   0   4  18]
 [ 51   0  11   1   0   2   7]
 [ 12   0   0  21   0   6  65]
 [  0   3   0   0   3   1   0]
 [ 15   0   0   4   0  94  20]
 [ 45   1   1  30   0  16 126]]

DT
Classification_report:
             precision    recall  f1-score   support

          B       0.62      0.60      0.61       256
          C       0.12      0.10      0.11        40
          G       0.38      0.31      0.34        72
          M       0.23      0.23      0.23       104
          O       0.00      0.00      0.00         7
          P       0.56      0.60      0.58       133
          R       0.45      0.49      0.47       219

avg / total       0.47      0.47      0.47       831

[[153   8  20  15   0  23  37]
 [  8   4   1   6   0   6  15]
 [ 18   1  22  12   0   5  14]
 [ 13   3   9  24   2   6  47]
 [  1   1   0   1   0   3   1]
 [ 20   5   2   7   3  80  16]
 [ 35  12   4  38   3  19 108]]

CRF
Classification_report:
             precision    recall  f1-score   support

          B       0.73      0.81      0.77       256
          C       0.50      0.47      0.49        40
          G       0.64      0.49      0.55        72
          M       0.36      0.28      0.31       104
          O       0.00      0.00      0.00         7
          P       0.73      0.62      0.67       133
          R       0.57      0.68      0.62       219

avg / total       0.62      0.63      0.62       831

CRF 2.0
Classification_report:
             precision    recall  f1-score   support

          B       0.88      0.86      0.87       256
          C       0.28      0.28      0.28        40
          G       0.75      0.72      0.74        72
          M       0.50      0.54      0.52       104
          O       0.00      0.00      0.00         7
          P       0.73      0.68      0.70       133
          R       0.65      0.69      0.67       219

avg / total       0.70      0.70      0.70       831
