SVM RBF
Classification_report:
             precision    recall  f1-score   support

          B       0.54      0.57      0.55        77
          C       0.00      0.00      0.00        20
          G       0.00      0.00      0.00        36
          M       0.00      0.00      0.00        45
          O       0.00      0.00      0.00         6
          P       0.70      0.49      0.58        65
          R       0.44      0.89      0.59       117

avg / total       0.38      0.49      0.41       366

[[ 44   0   0   0   0   4  29]
 [  1   0   0   0   0   1  18]
 [ 18   0   0   0   0   0  18]
 [  0   0   0   0   0   3  42]
 [  0   0   0   0   0   1   5]
 [ 11   0   0   0   0  32  22]
 [  8   0   0   0   0   5 104]]

SVM linear
Classification_report:
             precision    recall  f1-score   support

          B       0.52      0.60      0.56        77
          C       0.33      0.30      0.32        20
          G       0.57      0.33      0.42        36
          M       0.24      0.24      0.24        45
          O       0.00      0.00      0.00         6
          P       0.62      0.60      0.61        65
          R       0.48      0.53      0.50       117

avg / total       0.48      0.48      0.47       366

[[46  1  5  4  0  6 15]
 [ 1  6  0  0  0  2 11]
 [13  0 12  2  0  1  8]
 [ 5  0  1 11  0  4 24]
 [ 0  1  0  0  0  3  2]
 [ 8  2  1  7  0 39  8]
 [15  8  2 22  0  8 62]]

KNN
Classification_report:
             precision    recall  f1-score   support

          B       0.36      0.56      0.44        77
          C       0.24      0.20      0.22        20
          G       0.35      0.22      0.27        36
          M       0.13      0.13      0.13        45
          O       0.50      0.17      0.25         6
          P       0.45      0.46      0.46        65
          R       0.45      0.37      0.41       117

avg / total       0.37      0.37      0.36       366

[[43  1  4  6  0 15  8]
 [ 3  4  0  3  1  0  9]
 [13  2  8  1  0  5  7]
 [14  2  0  6  0  4 19]
 [ 1  0  0  0  1  1  3]
 [18  1  5  5  0 30  6]
 [26  7  6 24  0 11 43]]

NB Gaussian
Classification_report:
             precision    recall  f1-score   support

          B       0.47      0.36      0.41        77
          C       0.31      0.20      0.24        20
          G       0.17      0.61      0.27        36
          M       0.37      0.33      0.35        45
          O       0.06      0.17      0.08         6
          P       0.66      0.63      0.65        65
          R       0.33      0.13      0.19       117

avg / total       0.40      0.34      0.34       366

[[28  0 31  2  3  9  4]
 [ 0  4  4  0  2  1  9]
 [ 9  0 22  3  0  0  2]
 [ 2  3 14 15  2  2  7]
 [ 0  0  0  0  1  0  5]
 [10  1  2  6  2 41  3]
 [10  5 55 15  8  9 15]]

NB Bernoulli
Classification_report:
             precision    recall  f1-score   support

          B       0.48      0.51      0.49        77
          C       0.75      0.15      0.25        20
          G       0.47      0.25      0.33        36
          M       0.36      0.22      0.27        45
          O       1.00      0.33      0.50         6
          P       0.66      0.68      0.67        65
          R       0.48      0.68      0.56       117

avg / total       0.52      0.51      0.49       366

[[39  0  5  3  0  5 25]
 [ 2  3  2  0  0  3 10]
 [16  0  9  2  0  1  8]
 [ 5  0  0 10  0  3 27]
 [ 0  1  1  0  2  2  0]
 [ 1  0  1  3  0 44 16]
 [18  0  1 10  0  9 79]]

DT
Classification_report:
             precision    recall  f1-score   support

          B       0.38      0.40      0.39        77
          C       0.14      0.15      0.15        20
          G       0.26      0.25      0.26        36
          M       0.14      0.11      0.12        45
          O       0.00      0.00      0.00         6
          P       0.67      0.68      0.67        65
          R       0.45      0.48      0.46       117

avg / total       0.39      0.40      0.40       366

[[31  4 11  9  0  3 19]
 [ 5  3  1  3  0  0  8]
 [ 8  2  9  3  1  0 13]
 [12  1  4  5  0  2 21]
 [ 0  0  1  0  0  4  1]
 [ 8  3  0  1  2 44  7]
 [18  8  8 14  0 13 56]]

CRF
Classification_report:
             precision    recall  f1-score   support

          B       0.59      0.53      0.56        77
          C       0.43      0.45      0.44        20
          G       0.32      0.28      0.30        36
          M       0.14      0.11      0.12        45
          O       0.00      0.00      0.00         6
          P       0.62      0.57      0.59        65
          R       0.54      0.68      0.61       117

avg / total       0.48      0.50      0.48       366

CRF 2.0
Classification_report:
             precision    recall  f1-score   support

          B       0.63      0.58      0.61        77
          C       0.33      0.15      0.21        20
          G       0.40      0.22      0.29        36
          M       0.36      0.27      0.31        45
          O       0.00      0.00      0.00         6
          P       0.76      0.68      0.72        65
          R       0.53      0.79      0.63       117

avg / total       0.54      0.56      0.53       366


SVM RBF
Classification_report:
             precision    recall  f1-score   support

          B       0.57      0.96      0.72       179
          C       0.00      0.00      0.00        20
          G       0.00      0.00      0.00        36
          M       0.00      0.00      0.00        59
          O       0.00      0.00      0.00         1
          P       0.88      0.22      0.35        68
          R       0.52      0.75      0.61       102

avg / total       0.46      0.57      0.46       465

[[171   0   0   0   0   0   8]
 [  1   0   0   0   0   1  18]
 [ 36   0   0   0   0   0   0]
 [ 22   0   0   0   0   1  36]
 [  1   0   0   0   0   0   0]
 [ 43   0   0   0   0  15  10]
 [ 25   0   0   0   0   0  77]]

SVM linear
Classification_report:
             precision    recall  f1-score   support

          B       0.73      0.77      0.75       179
          C       0.36      0.25      0.29        20
          G       0.40      0.33      0.36        36
          M       0.39      0.41      0.40        59
          O       0.00      0.00      0.00         1
          P       0.63      0.62      0.62        68
          R       0.54      0.55      0.55       102

avg / total       0.59      0.60      0.59       465

[[138   0  18   7   0  10   6]
 [  0   5   0   3   0   2  10]
 [ 21   0  12   0   0   2   1]
 [  6   3   0  24   0   4  22]
 [  0   0   0   0   0   1   0]
 [ 16   1   0   1   0  42   8]
 [  9   5   0  26   0   6  56]]

KNN
Classification_report:
             precision    recall  f1-score   support

          B       0.56      0.74      0.64       179
          C       0.23      0.15      0.18        20
          G       0.18      0.08      0.11        36
          M       0.21      0.22      0.22        59
          O       0.00      0.00      0.00         1
          P       0.43      0.49      0.46        68
          R       0.43      0.25      0.32       102

avg / total       0.42      0.45      0.43       465

[[133   2   4  12   0  22   6]
 [  6   3   0   4   0   1   6]
 [ 20   0   3   1   0  11   1]
 [ 24   1   2  13   0   3  16]
 [  0   0   0   0   0   1   0]
 [ 22   0   3   5   0  33   5]
 [ 33   7   5  26   0   5  26]]

NB Gaussian
Classification_report:
             precision    recall  f1-score   support

          B       0.54      0.18      0.28       179
          C       0.21      0.15      0.18        20
          G       0.17      0.67      0.27        36
          M       0.26      0.54      0.35        59
          O       0.00      0.00      0.00         1
          P       0.43      0.62      0.51        68
          R       0.24      0.07      0.11       102

avg / total       0.38      0.30      0.28       465

[[33  3 85 30  0 23  5]
 [ 4  3  2  5  0  2  4]
 [ 6  0 24  4  0  0  2]
 [ 3  2  6 32  0  9  7]
 [ 1  0  0  0  0  0  0]
 [ 4  1  3 14  0 42  4]
 [10  5 19 40  0 21  7]]

NB Bernoulli
Classification_report:
             precision    recall  f1-score   support

          B       0.59      0.73      0.65       179
          C       0.00      0.00      0.00        20
          G       0.39      0.19      0.26        36
          M       0.40      0.37      0.39        59
          O       0.00      0.00      0.00         1
          P       0.61      0.63      0.62        68
          R       0.44      0.43      0.44       102

avg / total       0.49      0.53      0.51       465

[[130   0   9   9   0   9  22]
 [  9   0   0   2   0   4   5]
 [ 25   0   7   1   0   1   2]
 [ 13   0   1  22   0   4  19]
 [  0   0   0   1   0   0   0]
 [ 12   0   0   5   0  43   8]
 [ 32   0   1  15   0  10  44]]

DT
Classification_report:
             precision    recall  f1-score   support

          B       0.70      0.74      0.72       179
          C       0.09      0.10      0.09        20
          G       0.33      0.28      0.30        36
          M       0.35      0.31      0.32        59
          O       0.00      0.00      0.00         1
          P       0.70      0.59      0.64        68
          R       0.43      0.49      0.46       102

avg / total       0.54      0.54      0.54       465

[[132   4  18   2   0  11  12]
 [  0   2   0   6   0   2  10]
 [ 24   0  10   0   0   1   1]
 [  6   3   0  18   0   1  31]
 [  1   0   0   0   0   0   0]
 [ 12   0   2   3   0  40  11]
 [ 13  14   0  23   0   2  50]]

CRF
Classification_report:
             precision    recall  f1-score   support

          B       0.84      0.96      0.90       179
          C       0.71      0.75      0.73        20
          G       0.80      0.56      0.66        36
          M       0.58      0.44      0.50        59
          O       0.00      0.00      0.00         1
          P       0.82      0.72      0.77        68
          R       0.65      0.70      0.67       102

avg / total       0.75      0.76      0.75       465

CRF 2.0
Classification_report:
             precision    recall  f1-score   support

          B       0.98      1.00      0.99       179
          C       0.58      0.35      0.44        20
          G       1.00      0.83      0.91        36
          M       0.84      0.83      0.84        59
          O       0.00      0.00      0.00         1
          P       0.98      0.94      0.96        68
          R       0.80      0.92      0.86       102

avg / total       0.91      0.91      0.91       465


SVM RBF
Classification_report:
             precision    recall  f1-score   support

          B       0.56      0.86      0.68       256
          C       0.00      0.00      0.00        40
          G       0.00      0.00      0.00        72
          M       0.00      0.00      0.00       104
          O       0.00      0.00      0.00         7
          P       0.74      0.56      0.64       133
          R       0.50      0.76      0.60       219

avg / total       0.42      0.56      0.47       831

[[221   0   0   0   0   5  30]
 [  6   0   0   0   0   3  31]
 [ 63   0   0   0   0   1   8]
 [ 27   0   0   0   0   6  71]
 [  0   0   0   0   0   3   4]
 [ 33   0   0   0   0  75  25]
 [ 44   0   0   0   0   8 167]]

SVM linear
Classification_report:
             precision    recall  f1-score   support

          B       0.56      0.64      0.60       256
          C       0.34      0.33      0.33        40
          G       0.39      0.35      0.37        72
          M       0.34      0.33      0.33       104
          O       0.00      0.00      0.00         7
          P       0.63      0.58      0.60       133
          R       0.50      0.49      0.49       219

avg / total       0.50      0.51      0.50       831

[[164   6  32  18   0   9  27]
 [  6  13   1   2   0   4  14]
 [ 35   1  25   2   0   1   8]
 [ 24   3   3  34   0   8  32]
 [  0   1   0   0   0   3   3]
 [ 23   4   1   5   0  77  23]
 [ 39  10   2  40   1  20 107]]

KNN
Classification_report:
             precision    recall  f1-score   support

          B       0.44      0.54      0.48       256
          C       0.16      0.12      0.14        40
          G       0.30      0.19      0.24        72
          M       0.17      0.20      0.19       104
          O       0.00      0.00      0.00         7
          P       0.40      0.50      0.45       133
          R       0.41      0.28      0.33       219

avg / total       0.36      0.37      0.36       831

[[137   5  11  34   0  51  18]
 [ 10   5   1   2   1   2  19]
 [ 35   1  14   8   0   9   5]
 [ 28   4   3  21   0  14  34]
 [  0   0   0   1   0   3   3]
 [ 35   5   8   6   1  67  11]
 [ 65  11  10  48   2  21  62]]

NB Gaussian
Classification_report:
             precision    recall  f1-score   support

          B       0.48      0.16      0.24       256
          C       0.14      0.30      0.19        40
          G       0.16      0.64      0.25        72
          M       0.27      0.39      0.32       104
          O       0.00      0.00      0.00         7
          P       0.56      0.52      0.54       133
          R       0.32      0.11      0.17       219

avg / total       0.38      0.28      0.28       831

[[ 42  19 124  35   3  24   9]
 [  2  12   9   3   1   4   9]
 [ 14   2  46   5   0   3   2]
 [  8   5  29  41   0   6  15]
 [  1   0   0   0   0   1   5]
 [  7  19   6  17   3  69  12]
 [ 13  28  78  51   7  17  25]]

NB Bernoulli
Classification_report:
             precision    recall  f1-score   support

          B       0.57      0.65      0.61       256
          C       0.36      0.10      0.16        40
          G       0.44      0.24      0.31        72
          M       0.32      0.25      0.28       104
          O       1.00      0.29      0.44         7
          P       0.59      0.71      0.65       133
          R       0.45      0.51      0.48       219

avg / total       0.49      0.51      0.49       831

[[166   2  17  11   0  20  40]
 [ 11   4   1   2   0   6  16]
 [ 43   0  17   3   0   2   7]
 [ 15   1   1  26   0  11  50]
 [  0   1   0   0   2   3   1]
 [ 11   0   1   5   0  95  21]
 [ 44   3   2  35   0  23 112]]

DT
Classification_report:
             precision    recall  f1-score   support

          B       0.62      0.62      0.62       256
          C       0.08      0.07      0.08        40
          G       0.30      0.26      0.28        72
          M       0.27      0.32      0.29       104
          O       0.00      0.00      0.00         7
          P       0.54      0.56      0.55       133
          R       0.40      0.38      0.39       219

avg / total       0.45      0.45      0.45       831

[[158   9  22  16   2  17  32]
 [  9   3   2   7   0   3  16]
 [ 27   1  19   6   0   2  17]
 [ 14   5   7  33   1  15  29]
 [  0   0   0   1   0   3   3]
 [ 15   4   2  11   0  74  27]
 [ 32  17  12  50   2  23  83]]

CRF
Classification_report:
             precision    recall  f1-score   support

          B       0.74      0.81      0.77       256
          C       0.56      0.50      0.53        40
          G       0.61      0.49      0.54        72
          M       0.35      0.28      0.31       104
          O       0.67      0.29      0.40         7
          P       0.72      0.62      0.67       133
          R       0.57      0.66      0.61       219

avg / total       0.62      0.63      0.62       831

CRF 2.0
Classification_report:
             precision    recall  f1-score   support

          B       0.85      0.86      0.85       256
          C       0.35      0.20      0.25        40
          G       0.75      0.64      0.69        72
          M       0.58      0.55      0.56       104
          O       0.00      0.00      0.00         7
          P       0.82      0.77      0.80       133
          R       0.64      0.77      0.70       219

avg / total       0.72      0.73      0.72       831
