SVM RBF
Classification_report:
             precision    recall  f1-score   support

          B       0.49      0.57      0.53        77
          C       0.00      0.00      0.00        20
          G       0.00      0.00      0.00        36
          M       1.00      0.02      0.04        45
          O       0.00      0.00      0.00         6
          P       0.52      0.45      0.48        65
          R       0.44      0.82      0.57       117

avg / total       0.46      0.46      0.39       366

[[44  0  0  0  0  8 25]
 [ 2  0  0  0  0  2 16]
 [18  0  0  0  0  4 14]
 [ 3  0  0  1  0  4 37]
 [ 0  0  0  0  0  0  6]
 [11  0  2  0  0 29 23]
 [12  0  0  0  0  9 96]]

SVM linear
Classification_report:
             precision    recall  f1-score   support

          B       0.42      0.48      0.45        77
          C       0.22      0.25      0.23        20
          G       0.31      0.31      0.31        36
          M       0.15      0.18      0.16        45
          O       1.00      0.17      0.29         6
          P       0.46      0.42      0.44        65
          R       0.48      0.43      0.45       117

avg / total       0.40      0.38      0.38       366

[[37  1 14  9  0  9  7]
 [ 0  5  2  0  0  3 10]
 [12  2 11  1  0  3  7]
 [ 7  1  2  8  0  7 20]
 [ 0  0  0  1  1  1  3]
 [16  1  4  9  0 27  8]
 [16 13  2 27  0  9 50]]

KNN
Classification_report:
             precision    recall  f1-score   support

          B       0.36      0.55      0.44        77
          C       0.38      0.15      0.21        20
          G       0.23      0.25      0.24        36
          M       0.18      0.20      0.19        45
          O       0.00      0.00      0.00         6
          P       0.43      0.29      0.35        65
          R       0.46      0.41      0.43       117

avg / total       0.36      0.36      0.35       366

[[42  0  9  7  0  8 11]
 [ 6  3  3  2  0  1  5]
 [14  2  9  1  1  4  5]
 [ 5  0  4  9  0  4 23]
 [ 1  0  2  1  0  0  2]
 [21  0  5  9  0 19 11]
 [27  3  8 22  1  8 48]]

NB Gaussian
Classification_report:
             precision    recall  f1-score   support

          B       0.48      0.36      0.41        77
          C       0.33      0.20      0.25        20
          G       0.17      0.61      0.27        36
          M       0.33      0.29      0.31        45
          O       0.06      0.17      0.08         6
          P       0.66      0.65      0.65        65
          R       0.33      0.13      0.19       117

avg / total       0.40      0.34      0.34       366

[[28  0 31  2  3  9  4]
 [ 0  4  4  0  2  1  9]
 [ 9  0 22  3  0  0  2]
 [ 3  3 15 13  2  3  6]
 [ 0  0  0  0  1  0  5]
 [ 9  0  3  5  2 42  4]
 [ 9  5 55 16  8  9 15]]

NB Bernoulli
Classification_report:
             precision    recall  f1-score   support

          B       0.57      0.61      0.59        77
          C       0.25      0.05      0.08        20
          G       0.57      0.22      0.32        36
          M       0.45      0.11      0.18        45
          O       1.00      0.50      0.67         6
          P       0.74      0.71      0.72        65
          R       0.49      0.79      0.61       117

avg / total       0.55      0.55      0.52       366

[[47  0  2  2  0  2 24]
 [ 0  1  2  1  0  2 14]
 [19  0  8  0  0  1  8]
 [ 2  0  0  5  0  4 34]
 [ 0  3  0  0  3  0  0]
 [ 2  0  1  0  0 46 16]
 [13  0  1  3  0  7 93]]

DT
Classification_report:
             precision    recall  f1-score   support

          B       0.42      0.44      0.43        77
          C       0.24      0.25      0.24        20
          G       0.33      0.36      0.35        36
          M       0.19      0.20      0.19        45
          O       0.00      0.00      0.00         6
          P       0.67      0.66      0.67        65
          R       0.47      0.45      0.46       117

avg / total       0.43      0.43      0.43       366

[[34  6  6  8  0  6 17]
 [ 1  5  2  2  0  2  8]
 [11  2 13  4  0  0  6]
 [11  1  2  9  0  1 21]
 [ 1  0  0  0  0  4  1]
 [ 5  2  3  5  0 43  7]
 [18  5 13 20  0  8 53]]

CRF
Classification_report:
             precision    recall  f1-score   support

          B       0.59      0.55      0.57        77
          C       0.39      0.45      0.42        20
          G       0.29      0.22      0.25        36
          M       0.11      0.09      0.10        45
          O       0.00      0.00      0.00         6
          P       0.57      0.52      0.54        65
          R       0.56      0.71      0.63       117

avg / total       0.47      0.49      0.48       366

CRF 2.0
Classification_report:
             precision    recall  f1-score   support

          B       0.64      0.61      0.62        77
          C       0.35      0.30      0.32        20
          G       0.35      0.31      0.33        36
          M       0.31      0.38      0.34        45
          O       0.00      0.00      0.00         6
          P       0.52      0.49      0.51        65
          R       0.50      0.56      0.53       117

avg / total       0.48      0.49      0.48       366


SVM RBF
Classification_report:
             precision    recall  f1-score   support

          B       0.61      0.93      0.74       179
          C       0.00      0.00      0.00        20
          G       0.00      0.00      0.00        36
          M       1.00      0.02      0.03        59
          O       0.00      0.00      0.00         1
          P       0.63      0.28      0.39        68
          R       0.51      0.82      0.63       102

avg / total       0.57      0.58      0.48       465

[[166   0   0   0   0   4   9]
 [  0   0   0   0   0   0  20]
 [ 34   0   0   0   0   2   0]
 [ 12   0   0   1   0   2  44]
 [  0   0   0   0   0   1   0]
 [ 42   0   0   0   0  19   7]
 [ 16   0   0   0   0   2  84]]

SVM linear
Classification_report:
             precision    recall  f1-score   support

          B       0.66      0.71      0.68       179
          C       0.33      0.30      0.32        20
          G       0.34      0.33      0.34        36
          M       0.29      0.32      0.31        59
          O       0.00      0.00      0.00         1
          P       0.57      0.56      0.56        68
          R       0.45      0.38      0.41       102

avg / total       0.51      0.52      0.51       465

[[127   2  23   9   0  11   7]
 [  0   6   0   4   0   1   9]
 [ 21   0  12   0   0   2   1]
 [  9   3   0  19   0   5  23]
 [  0   0   0   0   0   1   0]
 [ 19   0   0   3   0  38   8]
 [ 17   7   0  30   0   9  39]]

KNN
Classification_report:
             precision    recall  f1-score   support

          B       0.53      0.78      0.63       179
          C       0.20      0.15      0.17        20
          G       0.22      0.14      0.17        36
          M       0.27      0.17      0.21        59
          O       0.00      0.00      0.00         1
          P       0.49      0.41      0.45        68
          R       0.43      0.29      0.35       102

avg / total       0.43      0.46      0.43       465

[[140   1   9   6   0  16   7]
 [  6   3   0   2   0   1   8]
 [ 26   0   5   0   0   4   1]
 [ 26   0   2  10   0   1  20]
 [  1   0   0   0   0   0   0]
 [ 26   4   4   3   0  28   3]
 [ 39   7   3  16   0   7  30]]

NB Gaussian
Classification_report:
             precision    recall  f1-score   support

          B       0.53      0.17      0.26       179
          C       0.20      0.15      0.17        20
          G       0.17      0.67      0.27        36
          M       0.25      0.56      0.35        59
          O       0.00      0.00      0.00         1
          P       0.39      0.54      0.46        68
          R       0.23      0.06      0.09       102

avg / total       0.36      0.29      0.26       465

[[31  4 85 31  0 25  3]
 [ 4  3  2  5  0  2  4]
 [ 6  0 24  3  0  1  2]
 [ 2  2  6 33  0  9  7]
 [ 1  0  0  0  0  0  0]
 [ 4  1  3 19  0 37  4]
 [11  5 20 40  0 20  6]]

NB Bernoulli
Classification_report:
             precision    recall  f1-score   support

          B       0.58      0.92      0.71       179
          C       0.00      0.00      0.00        20
          G       0.00      0.00      0.00        36
          M       0.53      0.36      0.42        59
          O       0.00      0.00      0.00         1
          P       0.77      0.53      0.63        68
          R       0.42      0.37      0.40       102

avg / total       0.50      0.56      0.51       465

[[164   0   2   1   0   0  12]
 [  5   0   3   3   0   0   9]
 [ 33   0   0   0   0   1   2]
 [ 17   0   0  21   0   3  18]
 [  0   0   0   0   0   1   0]
 [ 19   0   0   2   0  36  11]
 [ 44   0   1  13   0   6  38]]

DT
Classification_report:
             precision    recall  f1-score   support

          B       0.71      0.72      0.71       179
          C       0.09      0.10      0.09        20
          G       0.32      0.31      0.31        36
          M       0.27      0.34      0.30        59
          O       0.00      0.00      0.00         1
          P       0.71      0.62      0.66        68
          R       0.43      0.40      0.42       102

avg / total       0.54      0.52      0.53       465

[[128   0  21   6   0  12  12]
 [  1   2   0   7   0   0  10]
 [ 23   0  11   0   0   1   1]
 [  3   5   1  20   0   2  28]
 [  0   0   0   1   0   0   0]
 [ 13   2   1   7   0  42   3]
 [ 12  14   0  33   0   2  41]]

CRF
Classification_report:
             precision    recall  f1-score   support

          B       0.87      0.97      0.92       179
          C       0.74      0.70      0.72        20
          G       0.84      0.58      0.69        36
          M       0.52      0.46      0.49        59
          O       0.00      0.00      0.00         1
          P       0.86      0.75      0.80        68
          R       0.65      0.70      0.67       102

avg / total       0.77      0.77      0.76       465

CRF 2.0
Classification_report:
             precision    recall  f1-score   support

          B       0.99      1.00      1.00       179
          C       0.67      0.50      0.57        20
          G       1.00      0.92      0.96        36
          M       0.85      0.80      0.82        59
          O       0.00      0.00      0.00         1
          P       0.92      0.90      0.91        68
          R       0.83      0.94      0.88       102

avg / total       0.91      0.92      0.91       465


SVM RBF
Classification_report:
             precision    recall  f1-score   support

          B       0.56      0.81      0.66       256
          C       0.00      0.00      0.00        40
          G       0.00      0.00      0.00        72
          M       0.00      0.00      0.00       104
          O       0.00      0.00      0.00         7
          P       0.53      0.43      0.47       133
          R       0.48      0.77      0.59       219

avg / total       0.38      0.52      0.44       831

[[207   0   0   0   0  13  36]
 [  4   0   0   0   0   2  34]
 [ 60   0   0   0   0   5   7]
 [ 24   0   0   0   0  12  68]
 [  0   0   0   0   0   3   4]
 [ 42   0   0   1   0  57  33]
 [ 34   0   0   0   0  16 169]]

SVM linear
Classification_report:
             precision    recall  f1-score   support

          B       0.52      0.59      0.55       256
          C       0.22      0.33      0.27        40
          G       0.32      0.32      0.32        72
          M       0.31      0.33      0.32       104
          O       0.00      0.00      0.00         7
          P       0.46      0.43      0.45       133
          R       0.49      0.39      0.43       219

avg / total       0.44      0.44      0.44       831

[[151   6  36  22   1  16  24]
 [  5  13   2   2   0   5  13]
 [ 36   4  23   0   0   7   2]
 [ 19   4   3  34   0   9  35]
 [  0   0   0   0   0   5   2]
 [ 35   7   4  15   0  57  15]
 [ 45  24   4  36   0  24  86]]

KNN
Classification_report:
             precision    recall  f1-score   support

          B       0.48      0.65      0.55       256
          C       0.21      0.15      0.18        40
          G       0.28      0.25      0.26        72
          M       0.15      0.14      0.15       104
          O       0.00      0.00      0.00         7
          P       0.48      0.40      0.43       133
          R       0.39      0.32      0.35       219

avg / total       0.38      0.39      0.38       831

[[166   4  19  17   1  25  24]
 [  7   6   1   6   0   2  18]
 [ 43   0  18   1   0   6   4]
 [ 36   4   5  15   0   9  35]
 [  0   0   1   1   0   2   3]
 [ 31   4  12  10   1  53  22]
 [ 63  10   9  51   3  14  69]]

NB Gaussian
Classification_report:
             precision    recall  f1-score   support

          B       0.49      0.17      0.25       256
          C       0.12      0.33      0.18        40
          G       0.16      0.64      0.25        72
          M       0.27      0.37      0.31       104
          O       0.00      0.00      0.00         7
          P       0.57      0.49      0.52       133
          R       0.32      0.11      0.16       219

avg / total       0.38      0.28      0.27       831

[[ 43  23 124  34   3  20   9]
 [  2  13   9   2   2   4   8]
 [ 14   3  46   4   0   3   2]
 [  9   7  30  38   0   6  14]
 [  1   0   0   0   0   1   5]
 [  7  24   6  16   3  65  12]
 [ 12  36  77  46   8  16  24]]

NB Bernoulli
Classification_report:
             precision    recall  f1-score   support

          B       0.60      0.78      0.68       256
          C       0.57      0.10      0.17        40
          G       0.58      0.15      0.24        72
          M       0.44      0.24      0.31       104
          O       1.00      0.43      0.60         7
          P       0.68      0.70      0.69       133
          R       0.45      0.57      0.50       219

avg / total       0.55      0.55      0.52       831

[[200   0   4   3   0   8  41]
 [  8   4   2   2   0   3  21]
 [ 48   0  11   0   0   4   9]
 [ 16   0   0  25   0   5  58]
 [  0   3   0   0   3   1   0]
 [ 12   0   2   3   0  93  23]
 [ 49   0   0  24   0  22 124]]

DT
Classification_report:
             precision    recall  f1-score   support

          B       0.65      0.68      0.67       256
          C       0.12      0.10      0.11        40
          G       0.34      0.31      0.32        72
          M       0.25      0.22      0.23       104
          O       0.00      0.00      0.00         7
          P       0.58      0.64      0.61       133
          R       0.46      0.47      0.46       219

avg / total       0.48      0.49      0.49       831

[[174   3  19  12   0  16  32]
 [  7   4   4   6   0   5  14]
 [ 26   3  22   4   0   3  14]
 [ 21   5   5  23   1   6  43]
 [  1   0   0   0   0   5   1]
 [ 13   4   1   9   3  85  18]
 [ 24  14  13  38   1  26 103]]

CRF
Classification_report:
             precision    recall  f1-score   support

          B       0.73      0.79      0.76       256
          C       0.50      0.53      0.51        40
          G       0.60      0.50      0.55        72
          M       0.33      0.26      0.29       104
          O       1.00      0.14      0.25         7
          P       0.72      0.62      0.67       133
          R       0.57      0.65      0.61       219

avg / total       0.61      0.62      0.61       831

CRF 2.0
Classification_report:
             precision    recall  f1-score   support

          B       0.89      0.89      0.89       256
          C       0.41      0.30      0.35        40
          G       0.76      0.74      0.75        72
          M       0.64      0.62      0.63       104
          O       0.00      0.00      0.00         7
          P       0.75      0.75      0.75       133
          R       0.69      0.76      0.72       219

avg / total       0.74      0.75      0.74       831
