SVM RBF
Classification_report:
             precision    recall  f1-score   support

          B       0.53      0.57      0.55        77
          C       0.00      0.00      0.00        20
          G       0.00      0.00      0.00        36
          M       0.00      0.00      0.00        45
          O       0.00      0.00      0.00         6
          P       0.74      0.45      0.56        65
          R       0.43      0.90      0.58       117

avg / total       0.38      0.49      0.40       366

[[ 44   0   0   0   0   3  30]
 [  1   0   0   0   0   1  18]
 [ 18   0   0   0   0   1  17]
 [  0   0   0   0   0   1  44]
 [  0   0   0   0   0   1   5]
 [ 11   0   0   0   0  29  25]
 [  9   0   0   0   0   3 105]]

SVM linear
Classification_report:
             precision    recall  f1-score   support

          B       0.51      0.60      0.55        77
          C       0.55      0.30      0.39        20
          G       0.55      0.31      0.39        36
          M       0.21      0.24      0.23        45
          O       0.00      0.00      0.00         6
          P       0.69      0.63      0.66        65
          R       0.47      0.53      0.50       117

avg / total       0.49      0.48      0.48       366

[[46  0  6  2  0  3 20]
 [ 1  6  0  2  0  3  8]
 [15  1 11  1  0  0  8]
 [ 3  0  1 11  0  5 25]
 [ 0  1  0  1  0  2  2]
 [ 7  1  2  6  0 41  8]
 [19  2  0 29  0  5 62]]

KNN
Classification_report:
             precision    recall  f1-score   support

          B       0.36      0.56      0.43        77
          C       0.28      0.25      0.26        20
          G       0.31      0.22      0.26        36
          M       0.21      0.20      0.20        45
          O       0.33      0.17      0.22         6
          P       0.41      0.43      0.42        65
          R       0.51      0.38      0.43       117

avg / total       0.39      0.38      0.37       366

[[43  3  2  5  0 18  6]
 [ 5  5  1  2  0  0  7]
 [14  3  8  1  0  2  8]
 [10  0  4  9  0  7 15]
 [ 0  0  1  0  1  1  3]
 [21  1  7  3  1 28  4]
 [28  6  3 23  1 12 44]]

NB Gaussian
Classification_report:
             precision    recall  f1-score   support

          B       0.46      0.40      0.43        77
          C       0.33      0.20      0.25        20
          G       0.23      0.56      0.32        36
          M       0.27      0.42      0.33        45
          O       0.06      0.17      0.08         6
          P       0.64      0.63      0.64        65
          R       0.32      0.13      0.18       117

avg / total       0.39      0.36      0.35       366

[[31  0 25  5  3  9  4]
 [ 0  4  4  0  2  1  9]
 [10  0 20  3  0  1  2]
 [ 3  3  9 19  2  2  7]
 [ 0  0  0  0  1  0  5]
 [ 9  0  1  7  2 41  5]
 [14  5 29 36  8 10 15]]

NB Bernoulli
Classification_report:
             precision    recall  f1-score   support

          B       0.50      0.49      0.50        77
          C       0.50      0.10      0.17        20
          G       0.40      0.28      0.33        36
          M       0.33      0.29      0.31        45
          O       1.00      0.33      0.50         6
          P       0.61      0.66      0.64        65
          R       0.47      0.61      0.53       117

avg / total       0.49      0.49      0.48       366

[[38  0 10  4  0  5 20]
 [ 2  2  0  2  0  3 11]
 [14  0 10  0  0  1 11]
 [ 3  0  0 13  0  4 25]
 [ 0  1  0  0  2  2  1]
 [ 1  1  4  5  0 43 11]
 [18  0  1 15  0 12 71]]

DT
Classification_report:
             precision    recall  f1-score   support

          B       0.39      0.35      0.37        77
          C       0.16      0.20      0.18        20
          G       0.16      0.17      0.16        36
          M       0.16      0.18      0.17        45
          O       0.00      0.00      0.00         6
          P       0.67      0.57      0.62        65
          R       0.41      0.43      0.42       117

avg / total       0.37      0.36      0.37       366

[[27  5 13 11  0  2 19]
 [ 3  4  1  2  0  0 10]
 [ 7  0  6  6  1  2 14]
 [ 5  2  7  8  0  3 20]
 [ 0  0  0  1  0  3  2]
 [ 8  3  1  4  4 37  8]
 [20 11  9 19  0  8 50]]

CRF
Classification_report:
             precision    recall  f1-score   support

          B       0.52      0.60      0.56        77
          C       0.52      0.60      0.56        20
          G       0.36      0.28      0.31        36
          M       0.22      0.18      0.20        45
          O       0.00      0.00      0.00         6
          P       0.61      0.52      0.56        65
          R       0.59      0.68      0.63       117

avg / total       0.50      0.52      0.51       366

CRF 2.0
Classification_report:
             precision    recall  f1-score   support

          B       0.64      0.58      0.61        77
          C       0.40      0.20      0.27        20
          G       0.54      0.36      0.43        36
          M       0.34      0.22      0.27        45
          O       0.00      0.00      0.00         6
          P       0.71      0.69      0.70        65
          R       0.58      0.84      0.68       117

avg / total       0.56      0.59      0.56       366


SVM RBF
Classification_report:
             precision    recall  f1-score   support

          B       0.56      0.96      0.70       179
          C       0.00      0.00      0.00        20
          G       0.00      0.00      0.00        36
          M       0.00      0.00      0.00        59
          O       0.00      0.00      0.00         1
          P       0.94      0.24      0.38        68
          R       0.52      0.71      0.60       102

avg / total       0.47      0.56      0.46       465

[[172   0   0   0   0   0   7]
 [  4   0   0   0   0   1  15]
 [ 36   0   0   0   0   0   0]
 [ 25   0   0   0   0   0  34]
 [  1   0   0   0   0   0   0]
 [ 41   0   0   0   0  16  11]
 [ 30   0   0   0   0   0  72]]

SVM linear
Classification_report:
             precision    recall  f1-score   support

          B       0.72      0.82      0.77       179
          C       0.31      0.20      0.24        20
          G       0.41      0.25      0.31        36
          M       0.38      0.42      0.40        59
          O       0.00      0.00      0.00         1
          P       0.67      0.63      0.65        68
          R       0.54      0.51      0.53       102

avg / total       0.59      0.60      0.59       465

[[147   1  13   6   0   7   5]
 [  0   4   0   3   0   2  11]
 [ 24   0   9   0   0   3   0]
 [  7   2   0  25   0   4  21]
 [  0   0   0   0   0   1   0]
 [ 15   1   0   2   0  43   7]
 [ 12   5   0  29   0   4  52]]

KNN
Classification_report:
             precision    recall  f1-score   support

          B       0.52      0.76      0.62       179
          C       0.13      0.10      0.11        20
          G       0.04      0.03      0.03        36
          M       0.21      0.17      0.19        59
          O       0.00      0.00      0.00         1
          P       0.45      0.40      0.42        68
          R       0.39      0.23      0.29       102

avg / total       0.39      0.43      0.39       465

[[136   3  10   7   0  18   5]
 [  6   2   0   3   0   3   6]
 [ 31   0   1   1   0   2   1]
 [ 27   1   2  10   0   2  17]
 [  1   0   0   0   0   0   0]
 [ 26   1   3   4   0  27   7]
 [ 33   8   7  23   0   8  23]]

NB Gaussian
Classification_report:
             precision    recall  f1-score   support

          B       0.56      0.21      0.30       179
          C       0.21      0.15      0.18        20
          G       0.18      0.67      0.28        36
          M       0.26      0.54      0.35        59
          O       0.00      0.00      0.00         1
          P       0.44      0.63      0.52        68
          R       0.25      0.07      0.11       102

avg / total       0.39      0.31      0.29       465

[[37  3 83 28  0 23  5]
 [ 4  3  2  5  0  2  4]
 [ 6  0 24  4  0  0  2]
 [ 3  2  6 32  0 10  6]
 [ 1  0  0  0  0  0  0]
 [ 4  1  3 13  0 43  4]
 [11  5 19 40  0 20  7]]

NB Bernoulli
Classification_report:
             precision    recall  f1-score   support

          B       0.59      0.66      0.62       179
          C       0.00      0.00      0.00        20
          G       0.30      0.17      0.21        36
          M       0.35      0.39      0.37        59
          O       0.00      0.00      0.00         1
          P       0.55      0.63      0.59        68
          R       0.42      0.41      0.42       102

avg / total       0.47      0.50      0.48       465

[[119   0  11  11   0  13  25]
 [  7   0   1   2   0   4   6]
 [ 26   0   6   2   0   0   2]
 [ 14   0   0  23   0   5  17]
 [  0   0   0   0   0   0   1]
 [ 11   1   0   7   0  43   6]
 [ 25   0   2  20   0  13  42]]

DT
Classification_report:
             precision    recall  f1-score   support

          B       0.68      0.70      0.69       179
          C       0.22      0.20      0.21        20
          G       0.21      0.17      0.18        36
          M       0.31      0.37      0.34        59
          O       0.00      0.00      0.00         1
          P       0.61      0.63      0.62        68
          R       0.51      0.46      0.48       102

avg / total       0.53      0.53      0.53       465

[[125   1  23   6   0  13  11]
 [  0   4   0   4   0   0  12]
 [ 28   0   6   0   0   0   2]
 [  8   7   0  22   0   7  15]
 [  0   0   0   1   0   0   0]
 [ 12   0   0   7   0  43   6]
 [ 11   6   0  31   0   7  47]]

CRF
Classification_report:
             precision    recall  f1-score   support

          B       0.87      0.96      0.91       179
          C       0.70      0.70      0.70        20
          G       0.85      0.61      0.71        36
          M       0.53      0.44      0.48        59
          O       0.00      0.00      0.00         1
          P       0.81      0.75      0.78        68
          R       0.63      0.68      0.65       102

avg / total       0.75      0.76      0.75       465

CRF 2.0
Classification_report:
             precision    recall  f1-score   support

          B       0.99      1.00      0.99       179
          C       0.73      0.40      0.52        20
          G       1.00      0.97      0.99        36
          M       0.98      0.86      0.92        59
          O       0.00      0.00      0.00         1
          P       0.94      0.96      0.95        68
          R       0.85      0.97      0.90       102

avg / total       0.94      0.94      0.94       465


SVM RBF
Classification_report:
             precision    recall  f1-score   support

          B       0.55      0.87      0.67       256
          C       0.00      0.00      0.00        40
          G       0.00      0.00      0.00        72
          M       0.00      0.00      0.00       104
          O       0.00      0.00      0.00         7
          P       0.76      0.56      0.64       133
          R       0.50      0.76      0.60       219

avg / total       0.42      0.56      0.47       831

[[222   0   0   0   0   4  30]
 [  6   0   0   0   0   3  31]
 [ 65   0   0   0   0   1   6]
 [ 30   0   0   0   0   5  69]
 [  0   0   0   0   0   3   4]
 [ 35   0   0   0   0  74  24]
 [ 45   0   0   0   0   8 166]]

SVM linear
Classification_report:
             precision    recall  f1-score   support

          B       0.57      0.66      0.61       256
          C       0.43      0.38      0.40        40
          G       0.36      0.32      0.34        72
          M       0.39      0.38      0.38       104
          O       0.00      0.00      0.00         7
          P       0.67      0.59      0.63       133
          R       0.50      0.50      0.50       219

avg / total       0.52      0.52      0.52       831

[[169   2  36  14   0   6  29]
 [  8  15   0   1   0   4  12]
 [ 40   1  23   0   0   1   7]
 [ 18   2   1  39   0   5  39]
 [  0   1   0   0   0   3   3]
 [ 22   5   2   6   0  78  20]
 [ 38   9   2  41   1  19 109]]

KNN
Classification_report:
             precision    recall  f1-score   support

          B       0.48      0.71      0.57       256
          C       0.16      0.10      0.12        40
          G       0.24      0.15      0.19        72
          M       0.19      0.16      0.17       104
          O       0.00      0.00      0.00         7
          P       0.46      0.49      0.47       133
          R       0.39      0.27      0.32       219

avg / total       0.38      0.41      0.38       831

[[181   4   8  11   0  36  16]
 [ 12   4   4   6   0   3  11]
 [ 42   1  11   4   0   6   8]
 [ 33   1   3  17   0   9  41]
 [  1   0   0   1   0   2   3]
 [ 33   4   3  13   1  65  14]
 [ 72  11  16  39   2  20  59]]

NB Gaussian
Classification_report:
             precision    recall  f1-score   support

          B       0.49      0.17      0.26       256
          C       0.20      0.33      0.25        40
          G       0.16      0.64      0.26        72
          M       0.27      0.44      0.33       104
          O       0.00      0.00      0.00         7
          P       0.56      0.55      0.55       133
          R       0.31      0.11      0.16       219

avg / total       0.38      0.30      0.29       831

[[ 44  13 123  38   3  25  10]
 [  2  13   8   3   0   4  10]
 [ 14   2  46   5   0   3   2]
 [  8   3  25  46   0   7  15]
 [  1   0   0   0   0   1   5]
 [  6  14   6  20   2  73  12]
 [ 14  21  75  60   7  18  24]]

NB Bernoulli
Classification_report:
             precision    recall  f1-score   support

          B       0.55      0.57      0.56       256
          C       0.33      0.17      0.23        40
          G       0.37      0.33      0.35        72
          M       0.25      0.23      0.24       104
          O       0.50      0.29      0.36         7
          P       0.56      0.70      0.62       133
          R       0.44      0.42      0.43       219

avg / total       0.46      0.47      0.46       831

[[147   1  29  11   0  28  40]
 [ 12   7   2   3   0   5  11]
 [ 35   1  24   4   0   2   6]
 [ 17   1   1  24   0  12  49]
 [  0   1   0   0   2   2   2]
 [ 14   1   5   8   1  93  11]
 [ 43   9   4  45   1  24  93]]

DT
Classification_report:
             precision    recall  f1-score   support

          B       0.60      0.56      0.58       256
          C       0.06      0.05      0.05        40
          G       0.22      0.22      0.22        72
          M       0.25      0.25      0.25       104
          O       0.00      0.00      0.00         7
          P       0.51      0.56      0.53       133
          R       0.39      0.40      0.40       219

avg / total       0.42      0.42      0.42       831

[[144   4  28  13   1  25  41]
 [  5   2   2   8   2   8  13]
 [ 27   1  16   8   0   6  14]
 [ 15   7   9  26   1   5  41]
 [  0   2   0   1   0   2   2]
 [ 20   4   4   6   1  75  23]
 [ 29  16  14  44   2  27  87]]

CRF
Classification_report:
             precision    recall  f1-score   support

          B       0.74      0.80      0.77       256
          C       0.46      0.47      0.47        40
          G       0.61      0.49      0.54        72
          M       0.33      0.26      0.29       104
          O       0.00      0.00      0.00         7
          P       0.72      0.62      0.67       133
          R       0.56      0.67      0.61       219

avg / total       0.61      0.62      0.61       831

CRF 2.0
Classification_report:
             precision    recall  f1-score   support

          B       0.89      0.86      0.87       256
          C       0.33      0.25      0.29        40
          G       0.78      0.69      0.74        72
          M       0.70      0.60      0.65       104
          O       0.00      0.00      0.00         7
          P       0.76      0.75      0.75       133
          R       0.66      0.82      0.73       219

avg / total       0.74      0.75      0.74       831
