SVM RBF
Classification_report:
             precision    recall  f1-score   support

          B       0.50      0.60      0.54        77
          C       0.00      0.00      0.00        20
          G       0.00      0.00      0.00        36
          M       1.00      0.02      0.04        45
          O       0.00      0.00      0.00         6
          P       0.59      0.46      0.52        65
          R       0.46      0.86      0.60       117

avg / total       0.48      0.49      0.40       366

[[ 46   0   0   0   0   7  24]
 [  1   0   0   0   0   3  16]
 [ 19   0   0   0   0   3  14]
 [  3   0   0   1   0   3  38]
 [  0   0   0   0   0   1   5]
 [ 11   0   1   0   0  30  23]
 [ 12   0   0   0   0   4 101]]

SVM linear
Classification_report:
             precision    recall  f1-score   support

          B       0.50      0.52      0.51        77
          C       0.44      0.35      0.39        20
          G       0.35      0.33      0.34        36
          M       0.25      0.31      0.27        45
          O       0.00      0.00      0.00         6
          P       0.57      0.58      0.58        65
          R       0.57      0.55      0.56       117

avg / total       0.48      0.48      0.48       366

[[40  2 14  4  0  8  9]
 [ 1  7  0  2  0  2  8]
 [13  0 12  4  0  2  5]
 [ 4  0  1 14  0  5 21]
 [ 0  1  0  1  0  3  1]
 [10  1  5  7  0 38  4]
 [12  5  2 25  0  9 64]]

KNN
Classification_report:
             precision    recall  f1-score   support

          B       0.39      0.61      0.48        77
          C       0.29      0.20      0.24        20
          G       0.30      0.28      0.29        36
          M       0.12      0.11      0.11        45
          O       0.00      0.00      0.00         6
          P       0.40      0.35      0.38        65
          R       0.46      0.38      0.41       117

avg / total       0.36      0.36      0.35       366

[[47  1  5  5  0 13  6]
 [ 5  4  2  2  0  0  7]
 [12  3 10  1  0  2  8]
 [ 9  0  4  5  0  5 22]
 [ 0  0  1  1  0  1  3]
 [24  0  5  5  2 23  6]
 [23  6  6 24  1 13 44]]

NB Gaussian
Classification_report:
             precision    recall  f1-score   support

          B       0.47      0.36      0.41        77
          C       0.31      0.20      0.24        20
          G       0.17      0.61      0.27        36
          M       0.38      0.36      0.37        45
          O       0.06      0.17      0.08         6
          P       0.66      0.62      0.63        65
          R       0.33      0.13      0.19       117

avg / total       0.40      0.34      0.34       366

[[28  0 31  2  3  9  4]
 [ 0  4  4  0  2  1  9]
 [ 9  0 22  3  0  0  2]
 [ 2  3 13 16  2  2  7]
 [ 0  0  0  0  1  0  5]
 [10  1  3  6  2 40  3]
 [10  5 55 15  8  9 15]]

NB Bernoulli
Classification_report:
             precision    recall  f1-score   support

          B       0.51      0.52      0.51        77
          C       0.50      0.15      0.23        20
          G       0.31      0.11      0.16        36
          M       0.46      0.27      0.34        45
          O       1.00      0.17      0.29         6
          P       0.62      0.74      0.68        65
          R       0.48      0.68      0.56       117

avg / total       0.50      0.51      0.48       366

[[40  0  4  3  0  6 24]
 [ 1  3  1  2  0  1 12]
 [15  0  4  0  0  5 12]
 [ 3  0  0 12  0  5 25]
 [ 0  3  0  1  1  1  0]
 [ 1  0  2  2  0 48 12]
 [19  0  2  6  0 11 79]]

DT
Classification_report:
             precision    recall  f1-score   support

          B       0.42      0.40      0.41        77
          C       0.06      0.05      0.06        20
          G       0.25      0.25      0.25        36
          M       0.11      0.11      0.11        45
          O       0.00      0.00      0.00         6
          P       0.62      0.62      0.62        65
          R       0.42      0.45      0.44       117

avg / total       0.38      0.38      0.38       366

[[31  2  7 11  0  7 19]
 [ 3  1  2  3  0  5  6]
 [ 9  1  9  3  0  2 12]
 [ 8  2  2  5  1  1 26]
 [ 0  0  0  0  0  3  3]
 [ 4  2  3  5  5 40  6]
 [19  8 13 17  1  6 53]]

CRF
Classification_report:
             precision    recall  f1-score   support

          B       0.54      0.57      0.55        77
          C       0.43      0.45      0.44        20
          G       0.37      0.31      0.33        36
          M       0.18      0.13      0.15        45
          O       0.00      0.00      0.00         6
          P       0.60      0.52      0.56        65
          R       0.57      0.69      0.63       117

avg / total       0.48      0.51      0.49       366

CRF 2.0
Classification_report:
             precision    recall  f1-score   support

          B       0.57      0.55      0.56        77
          C       0.23      0.15      0.18        20
          G       0.42      0.36      0.39        36
          M       0.32      0.22      0.26        45
          O       0.00      0.00      0.00         6
          P       0.70      0.62      0.66        65
          R       0.54      0.74      0.62       117

avg / total       0.51      0.53      0.51       366


SVM RBF
Classification_report:
             precision    recall  f1-score   support

          B       0.60      0.95      0.74       179
          C       0.00      0.00      0.00        20
          G       0.00      0.00      0.00        36
          M       1.00      0.02      0.03        59
          O       0.00      0.00      0.00         1
          P       0.92      0.34      0.49        68
          R       0.49      0.75      0.60       102

avg / total       0.60      0.58      0.49       465

[[170   0   0   0   0   0   9]
 [  0   0   0   0   0   0  20]
 [ 36   0   0   0   0   0   0]
 [ 16   0   0   1   0   2  40]
 [  1   0   0   0   0   0   0]
 [ 35   0   0   0   0  23  10]
 [ 25   0   0   0   0   0  77]]

SVM linear
Classification_report:
             precision    recall  f1-score   support

          B       0.71      0.75      0.73       179
          C       0.33      0.20      0.25        20
          G       0.35      0.22      0.27        36
          M       0.38      0.44      0.41        59
          O       0.00      0.00      0.00         1
          P       0.59      0.60      0.60        68
          R       0.50      0.50      0.50       102

avg / total       0.56      0.57      0.56       465

[[135   2  15   7   0  12   8]
 [  0   4   0   3   0   2  11]
 [ 26   0   8   0   0   1   1]
 [  6   2   0  26   0   5  20]
 [  0   0   0   0   0   1   0]
 [ 13   1   0   2   0  41  11]
 [ 11   3   0  30   0   7  51]]

KNN
Classification_report:
             precision    recall  f1-score   support

          B       0.52      0.75      0.62       179
          C       0.24      0.20      0.22        20
          G       0.21      0.17      0.19        36
          M       0.22      0.19      0.20        59
          O       0.00      0.00      0.00         1
          P       0.50      0.37      0.42        68
          R       0.42      0.26      0.33       102

avg / total       0.42      0.45      0.42       465

[[134   4  12   6   0  15   8]
 [  4   4   1   3   0   2   6]
 [ 27   0   6   0   0   2   1]
 [ 26   2   1  11   0   1  18]
 [  1   0   0   0   0   0   0]
 [ 28   2   5   4   0  25   4]
 [ 36   5   3  25   1   5  27]]

NB Gaussian
Classification_report:
             precision    recall  f1-score   support

          B       0.54      0.18      0.27       179
          C       0.21      0.15      0.18        20
          G       0.17      0.67      0.27        36
          M       0.26      0.56      0.35        59
          O       0.00      0.00      0.00         1
          P       0.42      0.60      0.50        68
          R       0.21      0.06      0.09       102

avg / total       0.37      0.30      0.27       465

[[32  3 85 31  0 24  4]
 [ 3  3  2  5  0  2  5]
 [ 6  0 24  3  0  1  2]
 [ 2  2  6 33  0  9  7]
 [ 1  0  0  0  0  0  0]
 [ 4  1  3 15  0 41  4]
 [11  5 20 40  0 20  6]]

NB Bernoulli
Classification_report:
             precision    recall  f1-score   support

          B       0.60      0.81      0.69       179
          C       0.00      0.00      0.00        20
          G       0.33      0.06      0.10        36
          M       0.38      0.31      0.34        59
          O       0.00      0.00      0.00         1
          P       0.60      0.60      0.60        68
          R       0.38      0.37      0.37       102

avg / total       0.47      0.52      0.49       465

[[145   0   2   5   0   9  18]
 [  7   0   2   1   0   2   8]
 [ 32   0   2   1   0   0   1]
 [ 12   0   0  18   0   4  25]
 [  0   0   0   0   0   1   0]
 [ 12   0   0   4   0  41  11]
 [ 35   0   0  18   0  11  38]]

DT
Classification_report:
             precision    recall  f1-score   support

          B       0.69      0.74      0.71       179
          C       0.12      0.15      0.14        20
          G       0.36      0.39      0.37        36
          M       0.30      0.27      0.29        59
          O       0.00      0.00      0.00         1
          P       0.57      0.49      0.52        68
          R       0.40      0.38      0.39       102

avg / total       0.51      0.51      0.51       465

[[132   1  22   3   0  10  11]
 [  3   3   0   4   0   1   9]
 [ 19   0  14   0   1   0   2]
 [  5   7   1  16   0   4  26]
 [  0   0   0   0   0   0   1]
 [ 20   1   1   2   1  33  10]
 [ 12  12   1  28   0  10  39]]

CRF
Classification_report:
             precision    recall  f1-score   support

          B       0.88      0.97      0.92       179
          C       0.68      0.75      0.71        20
          G       0.85      0.61      0.71        36
          M       0.54      0.44      0.49        59
          O       0.00      0.00      0.00         1
          P       0.84      0.75      0.79        68
          R       0.63      0.68      0.65       102

avg / total       0.76      0.77      0.76       465

CRF 2.0
Classification_report:
             precision    recall  f1-score   support

          B       0.99      1.00      0.99       179
          C       0.62      0.50      0.56        20
          G       1.00      0.97      0.99        36
          M       0.81      0.75      0.78        59
          O       0.00      0.00      0.00         1
          P       0.93      0.91      0.92        68
          R       0.79      0.87      0.83       102

avg / total       0.90      0.90      0.90       465


SVM RBF
Classification_report:
             precision    recall  f1-score   support

          B       0.56      0.84      0.67       256
          C       0.00      0.00      0.00        40
          G       0.00      0.00      0.00        72
          M       1.00      0.01      0.02       104
          O       0.00      0.00      0.00         7
          P       0.71      0.54      0.61       133
          R       0.49      0.78      0.60       219

avg / total       0.54      0.55      0.47       831

[[215   0   0   0   0   5  36]
 [  5   0   0   0   0   2  33]
 [ 63   0   0   0   0   2   7]
 [ 25   0   0   1   0   8  70]
 [  0   0   0   0   0   3   4]
 [ 35   0   0   0   0  72  26]
 [ 39   0   0   0   0  10 170]]

SVM linear
Classification_report:
             precision    recall  f1-score   support

          B       0.53      0.62      0.57       256
          C       0.27      0.33      0.30        40
          G       0.30      0.31      0.30        72
          M       0.28      0.29      0.28       104
          O       0.00      0.00      0.00         7
          P       0.54      0.53      0.53       133
          R       0.47      0.37      0.42       219

avg / total       0.45      0.45      0.45       831

[[158   7  36  19   0  12  24]
 [  6  13   1   2   0   6  12]
 [ 36   1  22   3   0   3   7]
 [ 22   4   3  30   0  14  31]
 [  0   1   0   0   0   4   2]
 [ 28   6   8   5   0  70  16]
 [ 46  16   3  49   3  20  82]]

KNN
Classification_report:
             precision    recall  f1-score   support

          B       0.46      0.66      0.55       256
          C       0.23      0.15      0.18        40
          G       0.22      0.22      0.22        72
          M       0.18      0.15      0.17       104
          O       0.00      0.00      0.00         7
          P       0.49      0.40      0.44       133
          R       0.40      0.31      0.35       219

avg / total       0.38      0.39      0.38       831

[[169   6  19  15   1  26  20]
 [  7   6   4   5   0   3  15]
 [ 46   0  16   1   0   3   6]
 [ 32   1   8  16   0   8  39]
 [  0   0   1   0   0   2   4]
 [ 41   3   8   9   2  53  17]
 [ 69  10  16  42   1  13  68]]

NB Gaussian
Classification_report:
             precision    recall  f1-score   support

          B       0.48      0.16      0.24       256
          C       0.14      0.33      0.20        40
          G       0.16      0.64      0.25        72
          M       0.26      0.38      0.31       104
          O       0.00      0.00      0.00         7
          P       0.56      0.51      0.54       133
          R       0.31      0.11      0.16       219

avg / total       0.37      0.28      0.27       831

[[ 42  20 124  35   3  22  10]
 [  2  13   9   2   1   4   9]
 [ 14   2  46   5   0   3   2]
 [  8   6  30  39   0   6  15]
 [  1   0   0   0   0   1   5]
 [  7  22   6  15   3  68  12]
 [ 13  27  78  52   8  17  24]]

NB Bernoulli
Classification_report:
             precision    recall  f1-score   support

          B       0.58      0.67      0.62       256
          C       0.54      0.17      0.26        40
          G       0.47      0.21      0.29        72
          M       0.32      0.26      0.29       104
          O       1.00      0.43      0.60         7
          P       0.59      0.71      0.65       133
          R       0.44      0.48      0.46       219

avg / total       0.50      0.51      0.50       831

[[172   1  12  12   0  18  41]
 [ 11   7   0   0   0   4  18]
 [ 43   0  15   2   0   4   8]
 [ 15   0   0  27   0  11  51]
 [  0   3   0   0   3   1   0]
 [  7   1   1  10   0  95  19]
 [ 47   1   4  33   0  28 106]]

DT
Classification_report:
             precision    recall  f1-score   support

          B       0.61      0.58      0.59       256
          C       0.31      0.23      0.26        40
          G       0.38      0.42      0.40        72
          M       0.16      0.14      0.15       104
          O       0.00      0.00      0.00         7
          P       0.61      0.62      0.61       133
          R       0.45      0.51      0.48       219

avg / total       0.47      0.48      0.47       831

[[148   3  32  19   0  19  35]
 [  5   9   0   3   1   3  19]
 [ 22   0  30   7   0   4   9]
 [ 22   3   5  15   0  11  48]
 [  1   0   0   2   0   1   3]
 [ 18   1   2   6   3  82  21]
 [ 28  13  10  42   0  15 111]]

CRF
Classification_report:
             precision    recall  f1-score   support

          B       0.72      0.81      0.76       256
          C       0.53      0.47      0.50        40
          G       0.62      0.49      0.55        72
          M       0.36      0.28      0.31       104
          O       0.00      0.00      0.00         7
          P       0.73      0.62      0.67       133
          R       0.58      0.68      0.62       219

avg / total       0.61      0.63      0.62       831

CRF 2.0
Classification_report:
             precision    recall  f1-score   support

          B       0.85      0.87      0.86       256
          C       0.37      0.33      0.35        40
          G       0.77      0.65      0.71        72
          M       0.58      0.57      0.58       104
          O       0.00      0.00      0.00         7
          P       0.73      0.71      0.72       133
          R       0.67      0.74      0.70       219

avg / total       0.71      0.72      0.71       831
