SVM RBF
Classification_report:
             precision    recall  f1-score   support

          B       0.36      0.60      0.45        77
          C       0.00      0.00      0.00        20
          G       0.00      0.00      0.00        36
          M       0.00      0.00      0.00        45
          O       0.00      0.00      0.00         6
          P       0.00      0.00      0.00        65
          R       0.41      0.83      0.55       117

avg / total       0.21      0.39      0.27       366

[[46  0  0  0  0  0 31]
 [ 2  0  0  0  0  0 18]
 [16  0  0  0  0  0 20]
 [12  0  0  0  0  0 33]
 [ 0  0  0  0  0  0  6]
 [33  0  0  0  0  0 32]
 [20  0  0  0  0  0 97]]

SVM linear
Classification_report:
             precision    recall  f1-score   support

          B       0.55      0.61      0.58        77
          C       0.33      0.05      0.09        20
          G       0.36      0.22      0.28        36
          M       0.29      0.18      0.22        45
          O       1.00      0.17      0.29         6
          P       0.56      0.58      0.57        65
          R       0.48      0.66      0.56       117

avg / total       0.48      0.49      0.47       366

[[47  0  7  6  0  3 14]
 [ 1  1  1  0  0  2 15]
 [16  0  8  0  0  3  9]
 [ 5  0  1  8  0  8 23]
 [ 0  0  0  1  1  1  3]
 [ 7  0  1  1  0 38 18]
 [ 9  2  4 12  0 13 77]]

KNN
Classification_report:
             precision    recall  f1-score   support

          B       0.41      0.60      0.49        77
          C       0.07      0.10      0.08        20
          G       0.25      0.25      0.25        36
          M       0.11      0.07      0.08        45
          O       0.00      0.00      0.00         6
          P       0.49      0.52      0.51        65
          R       0.49      0.39      0.44       117

avg / total       0.37      0.38      0.37       366

[[46  1  9  4  0 10  7]
 [ 4  2  1  2  0  2  9]
 [15  2  9  1  0  6  3]
 [10  5  4  3  0  3 20]
 [ 0  1  2  1  0  1  1]
 [11  3  5  4  0 34  8]
 [25 14  6 13  0 13 46]]

NB
Classification_report:
             precision    recall  f1-score   support

          B       0.48      0.36      0.41        77
          C       0.29      0.20      0.24        20
          G       0.17      0.61      0.27        36
          M       0.33      0.29      0.31        45
          O       0.06      0.17      0.08         6
          P       0.66      0.65      0.65        65
          R       0.33      0.12      0.17       117

avg / total       0.40      0.34      0.34       366

[[28  0 31  2  3  9  4]
 [ 0  4  4  0  2  1  9]
 [ 9  0 22  3  0  0  2]
 [ 3  3 15 13  2  3  6]
 [ 0  0  0  0  1  0  5]
 [ 9  1  3  5  2 42  3]
 [ 9  6 55 16  8  9 14]]

DT
Classification_report:
             precision    recall  f1-score   support

          B       0.55      0.52      0.53        77
          C       0.10      0.10      0.10        20
          G       0.31      0.25      0.28        36
          M       0.16      0.16      0.16        45
          O       0.00      0.00      0.00         6
          P       0.66      0.66      0.66        65
          R       0.45      0.50      0.47       117

avg / total       0.43      0.43      0.43       366

[[40  5  4  9  0  7 12]
 [ 3  2  1  3  0  0 11]
 [11  0  9  3  0  5  8]
 [ 5  1  3  7  0  1 28]
 [ 0  0  0  1  0  2  3]
 [ 3  1  2  4  2 43 10]
 [11 11 10 18  2  7 58]]

CRF
Classification_report:
             precision    recall  f1-score   support

          B       0.54      0.57      0.55        77
          C       0.43      0.45      0.44        20
          G       0.37      0.31      0.33        36
          M       0.18      0.13      0.15        45
          O       0.00      0.00      0.00         6
          P       0.60      0.52      0.56        65
          R       0.57      0.69      0.63       117

avg / total       0.48      0.51      0.49       366

CRF 2.0
Classification_report:
             precision    recall  f1-score   support

          B       0.71      0.68      0.69        77
          C       0.33      0.25      0.29        20
          G       0.53      0.47      0.50        36
          M       0.30      0.20      0.24        45
          O       0.00      0.00      0.00         6
          P       0.62      0.55      0.59        65
          R       0.53      0.69      0.60       117

avg / total       0.54      0.55      0.54       366


SVM RBF
Classification_report:
             precision    recall  f1-score   support

          B       0.59      0.96      0.73       179
          C       0.00      0.00      0.00        20
          G       0.00      0.00      0.00        36
          M       0.00      0.00      0.00        59
          O       0.00      0.00      0.00         1
          P       0.00      0.00      0.00        68
          R       0.51      0.86      0.64       102

avg / total       0.34      0.56      0.42       465

[[171   0   0   0   0   1   7]
 [  0   0   0   0   0   0  20]
 [ 36   0   0   0   0   0   0]
 [ 10   0   0   0   0   1  48]
 [  1   0   0   0   0   0   0]
 [ 58   0   0   0   0   0  10]
 [ 14   0   0   0   0   0  88]]

SVM linear
Classification_report:
             precision    recall  f1-score   support

          B       0.70      0.83      0.76       179
          C       0.60      0.45      0.51        20
          G       0.47      0.25      0.33        36
          M       0.45      0.36      0.40        59
          O       0.00      0.00      0.00         1
          P       0.65      0.53      0.59        68
          R       0.50      0.58      0.53       102

avg / total       0.59      0.61      0.59       465

[[148   1  10   2   0   9   9]
 [  0   9   0   0   0   0  11]
 [ 26   0   9   0   0   1   0]
 [  4   0   0  21   0   2  32]
 [  0   0   0   0   0   1   0]
 [ 21   1   0   2   0  36   8]
 [ 11   4   0  22   0   6  59]]

KNN
Classification_report:
             precision    recall  f1-score   support

          B       0.66      0.83      0.74       179
          C       0.32      0.30      0.31        20
          G       0.31      0.31      0.31        36
          M       0.43      0.39      0.41        59
          O       0.00      0.00      0.00         1
          P       0.78      0.47      0.59        68
          R       0.52      0.48      0.50       102

avg / total       0.58      0.58      0.57       465

[[148   0  17   2   0   4   8]
 [  1   6   0   1   0   0  12]
 [ 22   0  11   0   0   3   0]
 [ 12   1   0  23   0   0  23]
 [  0   0   1   0   0   0   0]
 [ 20   2   5   7   0  32   2]
 [ 20  10   1  20   0   2  49]]

NB
Classification_report:
             precision    recall  f1-score   support

          B       0.53      0.17      0.25       179
          C       0.20      0.15      0.17        20
          G       0.17      0.67      0.27        36
          M       0.25      0.56      0.35        59
          O       0.00      0.00      0.00         1
          P       0.38      0.53      0.44        68
          R       0.24      0.06      0.09       102

avg / total       0.36      0.28      0.26       465

[[30  4 85 31  0 26  3]
 [ 3  3  2  5  0  2  5]
 [ 6  0 24  3  0  1  2]
 [ 2  2  6 33  0 11  5]
 [ 1  0  0  0  0  0  0]
 [ 4  1  3 20  0 36  4]
 [11  5 20 40  0 20  6]]

DT
Classification_report:
             precision    recall  f1-score   support

          B       0.74      0.74      0.74       179
          C       0.12      0.10      0.11        20
          G       0.48      0.44      0.46        36
          M       0.33      0.37      0.35        59
          O       0.00      0.00      0.00         1
          P       0.64      0.62      0.63        68
          R       0.45      0.46      0.46       102

avg / total       0.56      0.56      0.56       465

[[133   0  12   6   0  15  13]
 [  1   2   0   5   0   1  11]
 [ 18   0  16   0   0   1   1]
 [  6   5   1  22   0   3  22]
 [  0   0   0   0   0   0   1]
 [ 12   1   1   3   0  42   9]
 [  9   8   3  31   0   4  47]]

CRF
Classification_report:
             precision    recall  f1-score   support

          B       0.87      0.96      0.91       179
          C       0.71      0.75      0.73        20
          G       0.81      0.61      0.70        36
          M       0.53      0.44      0.48        59
          O       0.00      0.00      0.00         1
          P       0.84      0.75      0.79        68
          R       0.64      0.69      0.66       102

avg / total       0.76      0.77      0.76       465

CRF 2.0
Classification_report:
             precision    recall  f1-score   support

          B       1.00      1.00      1.00       179
          C       0.62      0.40      0.48        20
          G       1.00      1.00      1.00        36
          M       0.91      0.90      0.91        59
          O       0.00      0.00      0.00         1
          P       0.95      0.91      0.93        68
          R       0.82      0.91      0.86       102

avg / total       0.92      0.93      0.92       465


SVM RBF
Classification_report:
             precision    recall  f1-score   support

          B       0.48      0.86      0.62       256
          C       0.00      0.00      0.00        40
          G       0.00      0.00      0.00        72
          M       0.00      0.00      0.00       104
          O       0.00      0.00      0.00         7
          P       0.00      0.00      0.00       133
          R       0.47      0.79      0.59       219

avg / total       0.27      0.47      0.35       831

[[220   0   0   0   0   1  35]
 [  4   0   0   0   0   0  36]
 [ 60   0   0   0   0   0  12]
 [ 31   0   0   0   0   2  71]
 [  4   0   0   0   0   0   3]
 [ 98   0   0   0   0   0  35]
 [ 42   0   0   0   0   5 172]]

SVM linear
Classification_report:
             precision    recall  f1-score   support

          B       0.60      0.76      0.67       256
          C       0.37      0.28      0.31        40
          G       0.45      0.24      0.31        72
          M       0.38      0.20      0.26       104
          O       0.00      0.00      0.00         7
          P       0.61      0.54      0.57       133
          R       0.49      0.59      0.54       219

avg / total       0.52      0.54      0.52       831

[[195   2  12   9   0  10  28]
 [  1  11   1   0   0   4  23]
 [ 45   1  17   2   0   1   6]
 [ 18   0   2  21   0   9  54]
 [  0   0   0   0   0   4   3]
 [ 30   3   2   5   0  72  21]
 [ 34  13   4  19   0  19 130]]

KNN
Classification_report:
             precision    recall  f1-score   support

          B       0.56      0.73      0.64       256
          C       0.11      0.12      0.12        40
          G       0.34      0.28      0.31        72
          M       0.29      0.22      0.25       104
          O       0.00      0.00      0.00         7
          P       0.58      0.50      0.54       133
          R       0.45      0.41      0.43       219

avg / total       0.46      0.47      0.46       831

[[188   3  23   7   0  11  24]
 [  3   5   1   6   0   4  21]
 [ 35   0  20   4   0   9   4]
 [ 24   6   5  23   0   7  39]
 [  0   1   2   1   0   2   1]
 [ 32   5   5   6   0  66  19]
 [ 53  26   3  33   1  14  89]]

NB
Classification_report:
             precision    recall  f1-score   support

          B       0.48      0.16      0.24       256
          C       0.12      0.33      0.17        40
          G       0.16      0.64      0.25        72
          M       0.27      0.37      0.31       104
          O       0.00      0.00      0.00         7
          P       0.56      0.47      0.51       133
          R       0.32      0.11      0.16       219

avg / total       0.38      0.27      0.27       831

[[ 42  23 124  34   3  21   9]
 [  2  13   9   2   2   4   8]
 [ 14   3  46   4   0   3   2]
 [  9   8  30  38   0   5  14]
 [  1   0   0   0   0   1   5]
 [  8  25   6  17   3  62  12]
 [ 12  37  78  45   8  15  24]]

DT
Classification_report:
             precision    recall  f1-score   support

          B       0.62      0.60      0.61       256
          C       0.17      0.17      0.17        40
          G       0.32      0.35      0.33        72
          M       0.22      0.22      0.22       104
          O       0.00      0.00      0.00         7
          P       0.59      0.57      0.58       133
          R       0.43      0.45      0.44       219

avg / total       0.46      0.46      0.46       831

[[154   5  29  15   0  20  33]
 [  3   7   2   4   2   3  19]
 [ 23   4  25   9   0   3   8]
 [ 11   7   5  23   0   8  50]
 [  2   0   1   1   0   2   1]
 [ 21   5   3   9   1  76  18]
 [ 34  14  14  42   0  16  99]]

CRF
Classification_report:
             precision    recall  f1-score   support

          B       0.72      0.81      0.76       256
          C       0.59      0.47      0.53        40
          G       0.62      0.49      0.55        72
          M       0.35      0.28      0.31       104
          O       1.00      0.29      0.44         7
          P       0.72      0.62      0.66       133
          R       0.57      0.67      0.62       219

avg / total       0.62      0.63      0.62       831

CRF 2.0
Classification_report:
             precision    recall  f1-score   support

          B       0.92      0.88      0.90       256
          C       0.50      0.40      0.44        40
          G       0.78      0.74      0.76        72
          M       0.66      0.63      0.65       104
          O       0.00      0.00      0.00         7
          P       0.82      0.77      0.80       133
          R       0.68      0.80      0.74       219

avg / total       0.77      0.77      0.77       831
