SVM RBF
Classification_report:
             precision    recall  f1-score   support

          B       0.35      0.58      0.44        77
          C       0.00      0.00      0.00        20
          G       0.00      0.00      0.00        36
          M       0.00      0.00      0.00        45
          O       0.00      0.00      0.00         6
          P       0.00      0.00      0.00        65
          R       0.40      0.82      0.54       117

avg / total       0.20      0.39      0.27       366

[[45  0  0  0  0  0 32]
 [ 2  0  0  0  0  0 18]
 [15  0  0  0  0  0 21]
 [12  0  0  0  0  0 33]
 [ 0  0  0  0  0  0  6]
 [33  0  0  0  0  0 32]
 [21  0  0  0  0  0 96]]

SVM linear
Classification_report:
             precision    recall  f1-score   support

          B       0.49      0.60      0.54        77
          C       0.00      0.00      0.00        20
          G       0.41      0.25      0.31        36
          M       0.44      0.18      0.25        45
          O       1.00      0.17      0.29         6
          P       0.53      0.51      0.52        65
          R       0.50      0.73      0.59       117

avg / total       0.47      0.50      0.46       366

[[46  0  8  2  0  9 12]
 [ 3  0  0  0  0  2 15]
 [17  0  9  0  0  1  9]
 [ 3  0  1  8  0  6 27]
 [ 0  0  0  1  1  1  3]
 [12  0  1  1  0 33 18]
 [12  1  3  6  0 10 85]]

KNN
Classification_report:
             precision    recall  f1-score   support

          B       0.39      0.60      0.47        77
          C       0.04      0.05      0.04        20
          G       0.19      0.19      0.19        36
          M       0.13      0.09      0.11        45
          O       0.00      0.00      0.00         6
          P       0.52      0.48      0.50        65
          R       0.45      0.37      0.41       117

avg / total       0.36      0.36      0.35       366

[[46  1  7  5  0  8 10]
 [ 1  1  2  3  0  2 11]
 [17  1  7  2  0  5  4]
 [11  6  5  4  0  3 16]
 [ 0  0  2  2  0  1  1]
 [14  2  5  3  0 31 10]
 [28 17  8 11  0 10 43]]

NB
Classification_report:
             precision    recall  f1-score   support

          B       0.49      0.36      0.42        77
          C       0.29      0.20      0.24        20
          G       0.17      0.61      0.27        36
          M       0.33      0.29      0.31        45
          O       0.06      0.17      0.08         6
          P       0.64      0.63      0.64        65
          R       0.33      0.12      0.17       117

avg / total       0.39      0.34      0.33       366

[[28  0 31  2  3  9  4]
 [ 0  4  4  0  2  1  9]
 [ 9  0 22  3  0  0  2]
 [ 3  3 15 13  2  3  6]
 [ 0  0  0  0  1  0  5]
 [ 9  1  3  6  2 41  3]
 [ 8  6 55 16  8 10 14]]

DT
Classification_report:
             precision    recall  f1-score   support

          B       0.45      0.48      0.46        77
          C       0.06      0.05      0.05        20
          G       0.20      0.17      0.18        36
          M       0.12      0.09      0.10        45
          O       0.00      0.00      0.00         6
          P       0.61      0.66      0.63        65
          R       0.46      0.50      0.48       117

avg / total       0.39      0.41      0.40       366

[[37  3  8  8  0  5 16]
 [ 5  1  1  1  0  2 10]
 [14  4  6  1  0  2  9]
 [ 5  3  2  4  1  5 25]
 [ 1  0  0  0  0  3  2]
 [ 5  1  2  5  1 43  8]
 [16  6 11 14  0 11 59]]

CRF
Classification_report:
             precision    recall  f1-score   support

          B       0.53      0.53      0.53        77
          C       0.43      0.45      0.44        20
          G       0.33      0.25      0.29        36
          M       0.21      0.16      0.18        45
          O       0.00      0.00      0.00         6
          P       0.59      0.51      0.55        65
          R       0.55      0.70      0.61       117

avg / total       0.47      0.49      0.48       366

CRF 2.0
Classification_report:
             precision    recall  f1-score   support

          B       0.82      0.66      0.73        77
          C       0.33      0.25      0.29        20
          G       0.60      0.50      0.55        36
          M       0.43      0.36      0.39        45
          O       0.00      0.00      0.00         6
          P       0.68      0.62      0.65        65
          R       0.51      0.69      0.59       117

avg / total       0.59      0.58      0.57       366


SVM RBF
Classification_report:
             precision    recall  f1-score   support

          B       0.60      0.96      0.73       179
          C       0.00      0.00      0.00        20
          G       0.00      0.00      0.00        36
          M       0.00      0.00      0.00        59
          O       0.00      0.00      0.00         1
          P       0.00      0.00      0.00        68
          R       0.50      0.86      0.63       102

avg / total       0.34      0.56      0.42       465

[[171   0   0   0   0   1   7]
 [  0   0   0   0   0   0  20]
 [ 36   0   0   0   0   0   0]
 [  7   0   0   0   0   1  51]
 [  1   0   0   0   0   0   0]
 [ 58   0   0   0   0   0  10]
 [ 14   0   0   0   0   0  88]]

SVM linear
Classification_report:
             precision    recall  f1-score   support

          B       0.72      0.86      0.78       179
          C       0.57      0.40      0.47        20
          G       0.23      0.08      0.12        36
          M       0.42      0.32      0.37        59
          O       0.00      0.00      0.00         1
          P       0.64      0.51      0.57        68
          R       0.53      0.65      0.58       102

avg / total       0.58      0.61      0.59       465

[[154   1   8   3   0   7   6]
 [  0   8   0   0   0   1  11]
 [ 30   0   3   0   0   3   0]
 [  4   0   0  19   0   1  35]
 [  0   0   0   0   0   1   0]
 [ 19   1   1   6   0  35   6]
 [  7   4   1  17   0   7  66]]

KNN
Classification_report:
             precision    recall  f1-score   support

          B       0.67      0.82      0.73       179
          C       0.22      0.20      0.21        20
          G       0.34      0.33      0.34        36
          M       0.41      0.39      0.40        59
          O       0.00      0.00      0.00         1
          P       0.70      0.47      0.56        68
          R       0.53      0.47      0.50       102

avg / total       0.56      0.57      0.56       465

[[146   0  17   2   0   6   8]
 [  2   4   0   2   0   0  12]
 [ 19   0  12   0   0   5   0]
 [ 11   2   1  23   0   0  22]
 [  0   0   1   0   0   0   0]
 [ 23   2   4   6   0  32   1]
 [ 18  10   0  23   0   3  48]]

NB
Classification_report:
             precision    recall  f1-score   support

          B       0.52      0.17      0.25       179
          C       0.20      0.15      0.17        20
          G       0.17      0.67      0.27        36
          M       0.25      0.56      0.35        59
          O       0.00      0.00      0.00         1
          P       0.38      0.53      0.44        68
          R       0.25      0.06      0.10       102

avg / total       0.36      0.28      0.25       465

[[30  4 85 31  0 26  3]
 [ 4  3  2  5  0  2  4]
 [ 6  0 24  3  0  1  2]
 [ 2  2  6 33  0 11  5]
 [ 1  0  0  0  0  0  0]
 [ 4  1  3 20  0 36  4]
 [11  5 20 40  0 20  6]]

DT
Classification_report:
             precision    recall  f1-score   support

          B       0.72      0.72      0.72       179
          C       0.20      0.10      0.13        20
          G       0.46      0.53      0.49        36
          M       0.41      0.41      0.41        59
          O       0.00      0.00      0.00         1
          P       0.62      0.60      0.61        68
          R       0.46      0.50      0.48       102

avg / total       0.57      0.57      0.57       465

[[129   0  22   5   0  10  13]
 [  1   2   0   5   0   3   9]
 [ 17   0  19   0   0   0   0]
 [  3   0   0  24   0   3  29]
 [  1   0   0   0   0   0   0]
 [ 16   0   0   3   0  41   8]
 [ 12   8   0  22   0   9  51]]

CRF
Classification_report:
             precision    recall  f1-score   support

          B       0.86      0.96      0.90       179
          C       0.74      0.70      0.72        20
          G       0.81      0.61      0.70        36
          M       0.56      0.46      0.50        59
          O       0.00      0.00      0.00         1
          P       0.85      0.76      0.81        68
          R       0.65      0.71      0.68       102

avg / total       0.76      0.77      0.76       465

CRF 2.0
Classification_report:
             precision    recall  f1-score   support

          B       0.99      1.00      1.00       179
          C       0.50      0.40      0.44        20
          G       1.00      1.00      1.00        36
          M       0.96      0.92      0.94        59
          O       0.00      0.00      0.00         1
          P       0.96      0.94      0.95        68
          R       0.83      0.89      0.86       102

avg / total       0.93      0.93      0.93       465


SVM RBF
Classification_report:
             precision    recall  f1-score   support

          B       0.48      0.86      0.61       256
          C       0.00      0.00      0.00        40
          G       0.00      0.00      0.00        72
          M       0.00      0.00      0.00       104
          O       0.00      0.00      0.00         7
          P       0.00      0.00      0.00       133
          R       0.47      0.79      0.59       219

avg / total       0.27      0.47      0.34       831

[[220   0   0   0   0   1  35]
 [  4   0   0   0   0   0  36]
 [ 58   0   0   0   0   0  14]
 [ 31   0   0   0   0   2  71]
 [  4   0   0   0   0   0   3]
 [100   0   0   0   0   0  33]
 [ 43   0   0   0   0   4 172]]

SVM linear
Classification_report:
             precision    recall  f1-score   support

          B       0.62      0.77      0.69       256
          C       0.44      0.17      0.25        40
          G       0.39      0.21      0.27        72
          M       0.46      0.17      0.25       104
          O       0.00      0.00      0.00         7
          P       0.62      0.56      0.58       133
          R       0.50      0.69      0.58       219

avg / total       0.54      0.56      0.53       831

[[198   1  14   5   0  10  28]
 [  3   7   1   0   0   3  26]
 [ 45   1  15   0   0   4   7]
 [ 12   0   2  18   0  10  62]
 [  0   0   0   0   0   5   2]
 [ 28   2   2   3   0  74  24]
 [ 32   5   4  13   0  14 151]]

KNN
Classification_report:
             precision    recall  f1-score   support

          B       0.55      0.73      0.63       256
          C       0.12      0.12      0.12        40
          G       0.36      0.35      0.35        72
          M       0.28      0.22      0.25       104
          O       0.00      0.00      0.00         7
          P       0.62      0.48      0.54       133
          R       0.44      0.39      0.41       219

avg / total       0.46      0.47      0.46       831

[[186   3  25   7   0  10  25]
 [  6   5   1   5   0   4  19]
 [ 37   0  25   3   0   5   2]
 [ 20   7   7  23   0   6  41]
 [  0   1   2   1   0   2   1]
 [ 30   5   4   9   0  64  21]
 [ 60  22   6  33   1  12  85]]

NB
Classification_report:
             precision    recall  f1-score   support

          B       0.48      0.16      0.24       256
          C       0.12      0.33      0.17        40
          G       0.16      0.64      0.25        72
          M       0.27      0.37      0.31       104
          O       0.00      0.00      0.00         7
          P       0.55      0.46      0.50       133
          R       0.32      0.11      0.16       219

avg / total       0.37      0.27      0.27       831

[[ 42  23 124  34   3  21   9]
 [  2  13   9   2   2   4   8]
 [ 14   3  46   4   0   3   2]
 [  9   8  30  38   0   5  14]
 [  1   0   0   0   0   1   5]
 [  8  25   6  18   3  61  12]
 [ 12  37  78  45   8  15  24]]

DT
Classification_report:
             precision    recall  f1-score   support

          B       0.59      0.59      0.59       256
          C       0.13      0.12      0.13        40
          G       0.32      0.43      0.37        72
          M       0.25      0.27      0.26       104
          O       0.33      0.14      0.20         7
          P       0.68      0.62      0.65       133
          R       0.42      0.39      0.41       219

avg / total       0.47      0.46      0.46       831

[[152   4  36  17   0  10  37]
 [  5   5   0  10   1   5  14]
 [ 23   2  31   4   0   3   9]
 [ 17   8   8  28   0   8  35]
 [  0   1   0   0   1   1   4]
 [ 14   3   6  11   1  82  16]
 [ 48  16  15  44   0  11  85]]

CRF
Classification_report:
             precision    recall  f1-score   support

          B       0.73      0.79      0.76       256
          C       0.49      0.50      0.49        40
          G       0.61      0.49      0.54        72
          M       0.36      0.30      0.32       104
          O       0.00      0.00      0.00         7
          P       0.73      0.62      0.67       133
          R       0.57      0.67      0.61       219

avg / total       0.61      0.62      0.61       831

CRF 2.0
Classification_report:
             precision    recall  f1-score   support

          B       0.92      0.85      0.88       256
          C       0.45      0.35      0.39        40
          G       0.80      0.74      0.77        72
          M       0.68      0.67      0.68       104
          O       0.00      0.00      0.00         7
          P       0.82      0.77      0.79       133
          R       0.66      0.79      0.72       219

avg / total       0.76      0.76      0.76       831
