SVM RBF
Classification_report:
             precision    recall  f1-score   support

          B       0.35      0.58      0.44        77
          C       0.00      0.00      0.00        20
          G       0.00      0.00      0.00        36
          M       0.00      0.00      0.00        45
          O       0.00      0.00      0.00         6
          P       0.00      0.00      0.00        65
          R       0.41      0.83      0.54       117

avg / total       0.20      0.39      0.27       366

[[45  0  0  0  0  0 32]
 [ 2  0  0  0  0  0 18]
 [15  0  0  0  0  0 21]
 [12  0  0  0  0  0 33]
 [ 0  0  0  0  0  0  6]
 [33  0  0  0  0  0 32]
 [20  0  0  0  0  0 97]]

SVM linear
Classification_report:
             precision    recall  f1-score   support

          B       0.54      0.65      0.59        77
          C       0.67      0.10      0.17        20
          G       0.52      0.36      0.43        36
          M       0.28      0.11      0.16        45
          O       1.00      0.17      0.29         6
          P       0.52      0.54      0.53        65
          R       0.52      0.71      0.60       117

avg / total       0.51      0.52      0.49       366

[[50  0  5  1  0  9 12]
 [ 2  2  0  0  0  3 13]
 [14  0 13  0  0  2  7]
 [ 2  0  2  5  0  9 27]
 [ 0  0  0  1  1  1  3]
 [12  0  1  2  0 35 15]
 [12  1  4  9  0  8 83]]

KNN
Classification_report:
             precision    recall  f1-score   support

          B       0.41      0.61      0.49        77
          C       0.07      0.10      0.09        20
          G       0.23      0.25      0.24        36
          M       0.10      0.07      0.08        45
          O       0.00      0.00      0.00         6
          P       0.52      0.49      0.51        65
          R       0.45      0.37      0.40       117

avg / total       0.36      0.37      0.36       366

[[47  1  8  4  0  8  9]
 [ 1  2  2  3  0  2 10]
 [16  0  9  2  0  5  4]
 [10  5  5  3  0  3 19]
 [ 0  0  2  2  0  1  1]
 [13  2  5  3  0 32 10]
 [27 17  8 12  0 10 43]]

NB
Classification_report:
             precision    recall  f1-score   support

          B       0.48      0.36      0.41        77
          C       0.33      0.20      0.25        20
          G       0.17      0.61      0.27        36
          M       0.33      0.29      0.31        45
          O       0.06      0.17      0.08         6
          P       0.66      0.65      0.65        65
          R       0.33      0.13      0.19       117

avg / total       0.40      0.34      0.34       366

[[28  0 31  2  3  9  4]
 [ 0  4  4  0  2  1  9]
 [ 9  0 22  3  0  0  2]
 [ 3  3 15 13  2  3  6]
 [ 0  0  0  0  1  0  5]
 [ 9  0  3  5  2 42  4]
 [ 9  5 55 16  8  9 15]]

DT
Classification_report:
             precision    recall  f1-score   support

          B       0.45      0.49      0.47        77
          C       0.15      0.15      0.15        20
          G       0.31      0.33      0.32        36
          M       0.14      0.11      0.12        45
          O       0.00      0.00      0.00         6
          P       0.64      0.65      0.64        65
          R       0.53      0.54      0.54       117

avg / total       0.43      0.45      0.44       366

[[38  5 12  9  0  4  9]
 [ 3  3  0  2  0  0 12]
 [10  2 12  1  0  6  5]
 [10  4  2  5  0  2 22]
 [ 1  0  0  0  0  4  1]
 [ 6  1  3  5  2 42  6]
 [16  5 10 13  2  8 63]]

CRF
Classification_report:
             precision    recall  f1-score   support

          B       0.55      0.58      0.57        77
          C       0.41      0.45      0.43        20
          G       0.38      0.33      0.35        36
          M       0.17      0.11      0.14        45
          O       0.00      0.00      0.00         6
          P       0.58      0.55      0.57        65
          R       0.57      0.68      0.62       117

avg / total       0.48      0.51      0.49       366

CRF 2.0
Classification_report:
             precision    recall  f1-score   support

          B       0.82      0.65      0.72        77
          C       0.33      0.25      0.29        20
          G       0.62      0.50      0.55        36
          M       0.47      0.36      0.41        45
          O       0.00      0.00      0.00         6
          P       0.67      0.65      0.66        65
          R       0.53      0.73      0.62       117

avg / total       0.60      0.59      0.59       366


SVM RBF
Classification_report:
             precision    recall  f1-score   support

          B       0.57      0.96      0.72       179
          C       0.00      0.00      0.00        20
          G       0.00      0.00      0.00        36
          M       0.00      0.00      0.00        59
          O       0.00      0.00      0.00         1
          P       0.00      0.00      0.00        68
          R       0.51      0.82      0.63       102

avg / total       0.33      0.55      0.41       465

[[171   0   0   0   0   1   7]
 [  0   0   0   0   0   0  20]
 [ 36   0   0   0   0   0   0]
 [ 13   0   0   0   0   1  45]
 [  1   0   0   0   0   0   0]
 [ 59   0   0   0   0   0   9]
 [ 18   0   0   0   0   0  84]]

SVM linear
Classification_report:
             precision    recall  f1-score   support

          B       0.73      0.87      0.79       179
          C       0.50      0.35      0.41        20
          G       0.38      0.17      0.23        36
          M       0.41      0.32      0.36        59
          O       0.00      0.00      0.00         1
          P       0.67      0.53      0.59        68
          R       0.50      0.60      0.55       102

avg / total       0.59      0.61      0.59       465

[[156   1   8   0   0   8   6]
 [  0   7   0   1   0   1  11]
 [ 29   0   6   0   0   1   0]
 [  3   0   0  19   0   2  35]
 [  0   0   0   0   0   1   0]
 [ 18   1   1   4   0  36   8]
 [  8   5   1  22   0   5  61]]

KNN
Classification_report:
             precision    recall  f1-score   support

          B       0.67      0.82      0.74       179
          C       0.28      0.25      0.26        20
          G       0.37      0.36      0.37        36
          M       0.40      0.37      0.39        59
          O       0.00      0.00      0.00         1
          P       0.71      0.50      0.59        68
          R       0.54      0.48      0.51       102

avg / total       0.57      0.58      0.57       465

[[147   0  16   2   0   6   8]
 [  0   5   0   3   0   0  12]
 [ 18   0  13   0   0   5   0]
 [ 13   2   1  22   0   0  21]
 [  0   0   1   0   0   0   0]
 [ 22   1   4   6   0  34   1]
 [ 18  10   0  22   0   3  49]]

NB
Classification_report:
             precision    recall  f1-score   support

          B       0.53      0.17      0.25       179
          C       0.20      0.15      0.17        20
          G       0.17      0.67      0.27        36
          M       0.25      0.56      0.35        59
          O       0.00      0.00      0.00         1
          P       0.39      0.54      0.45        68
          R       0.23      0.06      0.09       102

avg / total       0.36      0.29      0.26       465

[[30  4 85 31  0 26  3]
 [ 3  3  2  5  0  2  5]
 [ 6  0 24  3  0  1  2]
 [ 2  2  6 33  0 10  6]
 [ 1  0  0  0  0  0  0]
 [ 4  1  3 19  0 37  4]
 [11  5 20 40  0 20  6]]

DT
Classification_report:
             precision    recall  f1-score   support

          B       0.73      0.74      0.74       179
          C       0.12      0.10      0.11        20
          G       0.39      0.36      0.38        36
          M       0.32      0.31      0.31        59
          O       0.00      0.00      0.00         1
          P       0.51      0.53      0.52        68
          R       0.47      0.49      0.48       102

avg / total       0.54      0.54      0.54       465

[[132   0  17   6   0  15   9]
 [  1   2   0   4   0   4   9]
 [ 21   0  13   0   1   0   1]
 [  2   6   0  18   0   7  26]
 [  0   0   0   1   0   0   0]
 [ 13   1   3   4   0  36  11]
 [ 11   8   0  24   0   9  50]]

CRF
Classification_report:
             precision    recall  f1-score   support

          B       0.86      0.97      0.91       179
          C       0.67      0.70      0.68        20
          G       0.84      0.58      0.69        36
          M       0.53      0.44      0.48        59
          O       0.00      0.00      0.00         1
          P       0.84      0.75      0.79        68
          R       0.63      0.68      0.65       102

avg / total       0.76      0.76      0.75       465

CRF 2.0
Classification_report:
             precision    recall  f1-score   support

          B       0.99      1.00      1.00       179
          C       0.64      0.45      0.53        20
          G       1.00      1.00      1.00        36
          M       0.96      0.92      0.94        59
          O       0.00      0.00      0.00         1
          P       0.96      0.94      0.95        68
          R       0.84      0.92      0.88       102

avg / total       0.93      0.94      0.93       465


SVM RBF
Classification_report:
             precision    recall  f1-score   support

          B       0.48      0.87      0.62       256
          C       0.00      0.00      0.00        40
          G       0.00      0.00      0.00        72
          M       0.00      0.00      0.00       104
          O       0.00      0.00      0.00         7
          P       0.00      0.00      0.00       133
          R       0.48      0.79      0.59       219

avg / total       0.27      0.47      0.35       831

[[222   0   0   0   0   0  34]
 [  4   0   0   0   0   0  36]
 [ 59   0   0   0   0   0  13]
 [ 32   0   0   0   0   1  71]
 [  4   0   0   0   0   0   3]
 [100   0   0   0   0   0  33]
 [ 44   0   0   0   0   3 172]]

SVM linear
Classification_report:
             precision    recall  f1-score   support

          B       0.63      0.74      0.68       256
          C       0.47      0.20      0.28        40
          G       0.39      0.26      0.31        72
          M       0.31      0.15      0.21       104
          O       0.00      0.00      0.00         7
          P       0.64      0.59      0.61       133
          R       0.48      0.65      0.55       219

avg / total       0.52      0.54      0.52       831

[[189   1  20   8   0  13  25]
 [  4   8   1   0   0   2  25]
 [ 42   0  19   0   0   1  10]
 [ 12   0   2  16   0   8  66]
 [  0   0   0   0   0   5   2]
 [ 22   4   2   3   0  78  24]
 [ 29   4   5  24   0  15 142]]

KNN
Classification_report:
             precision    recall  f1-score   support

          B       0.56      0.73      0.63       256
          C       0.14      0.15      0.14        40
          G       0.39      0.36      0.38        72
          M       0.29      0.23      0.26       104
          O       0.00      0.00      0.00         7
          P       0.62      0.47      0.54       133
          R       0.44      0.40      0.42       219

avg / total       0.46      0.47      0.46       831

[[188   2  23   8   0  10  25]
 [  6   6   1   6   0   2  19]
 [ 35   0  26   2   0   6   3]
 [ 22   7   5  24   0   6  40]
 [  0   1   2   1   0   2   1]
 [ 31   5   2   9   0  63  23]
 [ 55  23   7  34   1  12  87]]

NB
Classification_report:
             precision    recall  f1-score   support

          B       0.48      0.16      0.24       256
          C       0.12      0.33      0.18        40
          G       0.16      0.64      0.25        72
          M       0.28      0.38      0.32       104
          O       0.00      0.00      0.00         7
          P       0.55      0.47      0.51       133
          R       0.32      0.11      0.16       219

avg / total       0.38      0.27      0.27       831

[[ 42  23 124  33   3  22   9]
 [  2  13   9   2   2   4   8]
 [ 14   3  46   4   0   3   2]
 [  9   7  30  39   0   5  14]
 [  1   0   0   0   0   1   5]
 [  8  24   6  17   3  63  12]
 [ 12  36  78  45   8  16  24]]

DT
Classification_report:
             precision    recall  f1-score   support

          B       0.62      0.59      0.60       256
          C       0.14      0.15      0.14        40
          G       0.29      0.31      0.30        72
          M       0.26      0.27      0.26       104
          O       0.00      0.00      0.00         7
          P       0.55      0.57      0.56       133
          R       0.45      0.45      0.45       219

avg / total       0.46      0.46      0.46       831

[[151   9  32  17   0  17  30]
 [  9   6   1   5   0   6  13]
 [ 23   6  22   4   0   3  14]
 [ 16   3   3  28   0  11  43]
 [  1   0   0   2   0   2   2]
 [ 15   7   2  12   3  76  18]
 [ 29  12  16  40   0  23  99]]

CRF
Classification_report:
             precision    recall  f1-score   support

          B       0.71      0.80      0.75       256
          C       0.55      0.42      0.48        40
          G       0.58      0.44      0.50        72
          M       0.35      0.28      0.31       104
          O       1.00      0.71      0.83         7
          P       0.73      0.62      0.67       133
          R       0.57      0.66      0.61       219

avg / total       0.61      0.62      0.61       831

CRF 2.0
Classification_report:
             precision    recall  f1-score   support

          B       0.92      0.87      0.89       256
          C       0.48      0.35      0.41        40
          G       0.77      0.75      0.76        72
          M       0.67      0.64      0.66       104
          O       0.00      0.00      0.00         7
          P       0.81      0.78      0.80       133
          R       0.68      0.82      0.75       219

avg / total       0.77      0.77      0.77       831
