SVM RBF
Classification_report:
             precision    recall  f1-score   support

          B       0.47      0.61      0.53        77
          C       0.00      0.00      0.00        20
          G       0.00      0.00      0.00        36
          M       0.00      0.00      0.00        45
          O       0.00      0.00      0.00         6
          P       0.83      0.29      0.43        65
          R       0.43      0.89      0.58       117

avg / total       0.38      0.46      0.37       366

[[ 47   0   0   0   0   1  29]
 [  1   0   0   0   0   0  19]
 [ 19   0   0   0   0   0  17]
 [  5   0   0   0   0   2  38]
 [  0   0   0   0   0   0   6]
 [ 15   0   0   0   0  19  31]
 [ 12   0   0   0   0   1 104]]

SVM linear
Classification_report:
             precision    recall  f1-score   support

          B       0.49      0.53      0.51        77
          C       0.24      0.35      0.29        20
          G       0.48      0.39      0.43        36
          M       0.26      0.31      0.29        45
          O       1.00      0.17      0.29         6
          P       0.61      0.58      0.60        65
          R       0.51      0.47      0.49       117

avg / total       0.48      0.46      0.47       366

[[41  2  9  7  0  7 11]
 [ 2  7  0  1  0  2  8]
 [14  2 14  1  0  0  5]
 [ 8  1  0 14  0  3 19]
 [ 0  0  0  0  1  4  1]
 [ 9  2  3  4  0 38  9]
 [10 15  3 26  0  8 55]]

KNN
Classification_report:
             precision    recall  f1-score   support

          B       0.35      0.39      0.37        77
          C       0.17      0.55      0.26        20
          G       0.29      0.28      0.28        36
          M       0.20      0.13      0.16        45
          O       0.00      0.00      0.00         6
          P       0.44      0.51      0.47        65
          R       0.53      0.34      0.42       117

avg / total       0.38      0.36      0.36       366

[[30  7 11  3  0 15 11]
 [ 1 11  2  0  0  1  5]
 [11  4 10  3  0  5  3]
 [10  7  4  6  0  6 12]
 [ 0  3  0  0  0  2  1]
 [15  9  3  2  0 33  3]
 [18 25  5 16  0 13 40]]

NB
Classification_report:
             precision    recall  f1-score   support

          B       0.45      0.38      0.41        77
          C       0.36      0.20      0.26        20
          G       0.22      0.61      0.32        36
          M       0.33      0.42      0.37        45
          O       0.06      0.17      0.08         6
          P       0.64      0.63      0.64        65
          R       0.35      0.15      0.20       117

avg / total       0.40      0.36      0.36       366

[[29  0 28  4  3  9  4]
 [ 0  4  4  0  2  1  9]
 [10  0 22  2  0  0  2]
 [ 5  3  7 19  2  2  7]
 [ 0  0  0  0  1  0  5]
 [ 9  0  0  8  2 41  5]
 [12  4 40 25  8 11 17]]

DT
Classification_report:
             precision    recall  f1-score   support

          B       0.40      0.42      0.41        77
          C       0.15      0.15      0.15        20
          G       0.26      0.25      0.25        36
          M       0.20      0.24      0.22        45
          O       0.00      0.00      0.00         6
          P       0.60      0.62      0.61        65
          R       0.42      0.38      0.39       117

avg / total       0.38      0.38      0.38       366

[[32  3  8 11  0  7 16]
 [ 1  3  4  2  0  0 10]
 [10  3  9  3  0  1 10]
 [ 9  2  3 11  0  2 18]
 [ 0  0  0  0  0  5  1]
 [ 6  0  2  7  3 40  7]
 [22  9  9 21  0 12 44]]

CRF
Classification_report:
             precision    recall  f1-score   support

          B       0.54      0.53      0.54        77
          C       0.40      0.40      0.40        20
          G       0.34      0.28      0.31        36
          M       0.14      0.11      0.12        45
          O       0.00      0.00      0.00         6
          P       0.52      0.49      0.51        65
          R       0.57      0.69      0.62       117

avg / total       0.46      0.48      0.47       366

CRF 2.0
Classification_report:
             precision    recall  f1-score   support

          B       0.73      0.69      0.71        77
          C       0.29      0.20      0.24        20
          G       0.52      0.44      0.48        36
          M       0.43      0.36      0.39        45
          O       0.00      0.00      0.00         6
          P       0.73      0.69      0.71        65
          R       0.58      0.74      0.65       117

avg / total       0.59      0.60      0.59       366


SVM RBF
Classification_report:
             precision    recall  f1-score   support

          B       0.57      0.96      0.71       179
          C       0.00      0.00      0.00        20
          G       0.00      0.00      0.00        36
          M       0.00      0.00      0.00        59
          O       0.00      0.00      0.00         1
          P       0.90      0.13      0.23        68
          R       0.52      0.78      0.63       102

avg / total       0.46      0.56      0.45       465

[[171   0   0   0   0   0   8]
 [  1   0   0   0   0   0  19]
 [ 36   0   0   0   0   0   0]
 [ 20   0   0   0   0   1  38]
 [  1   0   0   0   0   0   0]
 [ 51   0   0   0   0   9   8]
 [ 22   0   0   0   0   0  80]]

SVM linear
Classification_report:
             precision    recall  f1-score   support

          B       0.72      0.74      0.73       179
          C       0.33      0.35      0.34        20
          G       0.35      0.31      0.33        36
          M       0.40      0.39      0.39        59
          O       0.00      0.00      0.00         1
          P       0.58      0.60      0.59        68
          R       0.50      0.49      0.49       102

avg / total       0.56      0.57      0.57       465

[[132   1  19   3   0  15   9]
 [  0   7   0   3   0   1   9]
 [ 25   0  11   0   0   0   0]
 [  5   2   0  23   0   5  24]
 [  0   0   0   0   0   1   0]
 [ 13   2   1   2   0  41   9]
 [  8   9   0  27   0   8  50]]

KNN
Classification_report:
             precision    recall  f1-score   support

          B       0.62      0.76      0.69       179
          C       0.26      0.35      0.30        20
          G       0.13      0.08      0.10        36
          M       0.27      0.17      0.21        59
          O       0.00      0.00      0.00         1
          P       0.61      0.54      0.57        68
          R       0.44      0.43      0.44       102

avg / total       0.48      0.51      0.49       465

[[136   1  13   3   0  11  15]
 [  3   7   0   1   0   0   9]
 [ 27   0   3   0   0   5   1]
 [ 15   5   2  10   0   3  24]
 [  0   0   0   0   0   1   0]
 [ 18   1   2   4   0  37   6]
 [ 19  13   3  19   0   4  44]]

NB
Classification_report:
             precision    recall  f1-score   support

          B       0.55      0.20      0.30       179
          C       0.20      0.15      0.17        20
          G       0.18      0.67      0.28        36
          M       0.26      0.54      0.36        59
          O       0.00      0.00      0.00         1
          P       0.44      0.66      0.53        68
          R       0.25      0.07      0.11       102

avg / total       0.39      0.32      0.29       465

[[36  3 81 31  0 25  3]
 [ 4  3  2  4  0  2  5]
 [ 6  0 24  4  0  0  2]
 [ 3  2  5 32  0 10  7]
 [ 1  0  0  0  0  0  0]
 [ 4  1  2 12  0 45  4]
 [11  6 20 38  0 20  7]]

DT
Classification_report:
             precision    recall  f1-score   support

          B       0.70      0.77      0.73       179
          C       0.18      0.15      0.16        20
          G       0.35      0.25      0.29        36
          M       0.29      0.31      0.30        59
          O       0.00      0.00      0.00         1
          P       0.58      0.49      0.53        68
          R       0.48      0.49      0.48       102

avg / total       0.53      0.54      0.53       465

[[137   2  14   4   2  13   7]
 [  1   3   0   8   0   1   7]
 [ 23   0   9   1   0   3   0]
 [  4   2   1  18   0   2  32]
 [  0   0   0   0   0   0   1]
 [ 20   0   1   6   0  33   8]
 [ 10  10   1  26   0   5  50]]

CRF
Classification_report:
             precision    recall  f1-score   support

          B       0.86      0.94      0.90       179
          C       0.71      0.75      0.73        20
          G       0.81      0.58      0.68        36
          M       0.54      0.44      0.49        59
          O       0.00      0.00      0.00         1
          P       0.79      0.74      0.76        68
          R       0.62      0.67      0.64       102

avg / total       0.74      0.75      0.74       465

CRF 2.0
Classification_report:
             precision    recall  f1-score   support

          B       0.99      1.00      1.00       179
          C       0.64      0.35      0.45        20
          G       1.00      1.00      1.00        36
          M       0.91      0.85      0.88        59
          O       0.00      0.00      0.00         1
          P       0.95      0.91      0.93        68
          R       0.82      0.95      0.88       102

avg / total       0.92      0.93      0.92       465


SVM RBF
Classification_report:
             precision    recall  f1-score   support

          B       0.54      0.86      0.67       256
          C       0.00      0.00      0.00        40
          G       0.00      0.00      0.00        72
          M       0.00      0.00      0.00       104
          O       0.00      0.00      0.00         7
          P       0.68      0.37      0.48       133
          R       0.48      0.78      0.60       219

avg / total       0.40      0.53      0.44       831

[[221   0   0   0   0   3  32]
 [  4   0   0   0   0   0  36]
 [ 62   0   0   0   0   1   9]
 [ 26   0   0   0   0   8  70]
 [  1   0   0   0   0   3   3]
 [ 52   0   0   0   0  49  32]
 [ 40   0   0   0   0   8 171]]

SVM linear
Classification_report:
             precision    recall  f1-score   support

          B       0.57      0.63      0.60       256
          C       0.26      0.30      0.28        40
          G       0.38      0.38      0.38        72
          M       0.38      0.38      0.38       104
          O       0.00      0.00      0.00         7
          P       0.56      0.53      0.55       133
          R       0.52      0.47      0.49       219

avg / total       0.49      0.50      0.49       831

[[161   8  35  14   0  16  22]
 [  5  12   1   2   1   7  12]
 [ 34   1  27   5   0   2   3]
 [ 16   4   2  39   0   6  37]
 [  0   0   0   0   0   4   3]
 [ 26   5   4   7   1  71  19]
 [ 38  17   3  37   2  20 102]]

KNN
Classification_report:
             precision    recall  f1-score   support

          B       0.55      0.67      0.60       256
          C       0.15      0.30      0.20        40
          G       0.27      0.19      0.23        72
          M       0.18      0.14      0.16       104
          O       0.00      0.00      0.00         7
          P       0.49      0.50      0.49       133
          R       0.47      0.36      0.41       219

avg / total       0.42      0.43      0.42       831

[[172   9  26   9   1  21  18]
 [  6  12   0   7   0   3  12]
 [ 37   5  14   3   0   7   6]
 [ 23  11   1  15   0  14  40]
 [  3   1   0   0   0   2   1]
 [ 28   8   4  14   1  66  12]
 [ 45  32   7  35   0  21  79]]

NB
Classification_report:
             precision    recall  f1-score   support

          B       0.49      0.16      0.25       256
          C       0.14      0.33      0.19        40
          G       0.17      0.64      0.26        72
          M       0.30      0.44      0.36       104
          O       0.00      0.00      0.00         7
          P       0.57      0.55      0.56       133
          R       0.33      0.12      0.18       219

avg / total       0.39      0.30      0.29       831

[[ 42  20 122  36   3  24   9]
 [  2  13   9   2   1   4   9]
 [ 14   3  46   3   0   4   2]
 [  8   7  23  46   0   5  15]
 [  1   0   0   0   0   1   5]
 [  7  20   5  14   2  73  12]
 [ 12  32  72  54   6  17  26]]

DT
Classification_report:
             precision    recall  f1-score   support

          B       0.63      0.57      0.60       256
          C       0.17      0.15      0.16        40
          G       0.33      0.36      0.34        72
          M       0.20      0.18      0.19       104
          O       0.00      0.00      0.00         7
          P       0.53      0.59      0.56       133
          R       0.47      0.50      0.48       219

avg / total       0.46      0.46      0.46       831

[[147   5  30  20   2  26  26]
 [  7   6   1   4   0   4  18]
 [ 23   3  26   6   1   3  10]
 [ 15   5   6  19   2   9  48]
 [  0   1   0   1   0   3   2]
 [ 18   2   6   6   2  78  21]
 [ 23  14  10  38   2  23 109]]

CRF
Classification_report:
             precision    recall  f1-score   support

          B       0.75      0.79      0.77       256
          C       0.51      0.47      0.49        40
          G       0.61      0.49      0.54        72
          M       0.36      0.27      0.31       104
          O       0.00      0.00      0.00         7
          P       0.73      0.62      0.67       133
          R       0.55      0.69      0.61       219

avg / total       0.62      0.62      0.61       831

CRF 2.0
Classification_report:
             precision    recall  f1-score   support

          B       0.91      0.89      0.90       256
          C       0.41      0.35      0.38        40
          G       0.81      0.76      0.79        72
          M       0.67      0.60      0.63       104
          O       0.00      0.00      0.00         7
          P       0.76      0.77      0.77       133
          R       0.69      0.79      0.74       219

avg / total       0.76      0.76      0.76       831
