SVM RBF
Classification_report:
             precision    recall  f1-score   support

          B       0.35      0.57      0.43        77
          C       0.00      0.00      0.00        20
          G       0.00      0.00      0.00        36
          M       0.00      0.00      0.00        45
          O       0.00      0.00      0.00         6
          P       0.00      0.00      0.00        65
          R       0.40      0.82      0.54       117

avg / total       0.20      0.38      0.26       366

[[44  0  0  0  0  0 33]
 [ 2  0  0  0  0  0 18]
 [15  0  0  0  0  0 21]
 [12  0  0  0  0  0 33]
 [ 0  0  0  0  0  0  6]
 [33  0  0  0  0  0 32]
 [21  0  0  0  0  0 96]]

SVM linear
Classification_report:
             precision    recall  f1-score   support

          B       0.54      0.61      0.57        77
          C       0.00      0.00      0.00        20
          G       0.47      0.25      0.33        36
          M       0.36      0.09      0.14        45
          O       1.00      0.17      0.29         6
          P       0.54      0.58      0.56        65
          R       0.51      0.76      0.61       117

avg / total       0.48      0.51      0.47       366

[[47  0  7  2  0  6 15]
 [ 3  0  0  0  0  2 15]
 [17  1  9  0  0  1  8]
 [ 3  0  1  4  0 10 27]
 [ 0  0  0  1  1  1  3]
 [ 7  0  1  0  0 38 19]
 [10  0  1  4  0 13 89]]

KNN
Classification_report:
             precision    recall  f1-score   support

          B       0.40      0.57      0.47        77
          C       0.04      0.05      0.04        20
          G       0.23      0.25      0.24        36
          M       0.12      0.09      0.10        45
          O       0.00      0.00      0.00         6
          P       0.53      0.48      0.50        65
          R       0.46      0.38      0.42       117

avg / total       0.36      0.37      0.36       366

[[44  1  9  7  0  7  9]
 [ 2  1  1  2  0  2 12]
 [15  0  9  2  0  6  4]
 [10  6  5  4  0  3 17]
 [ 1  0  1  2  0  1  1]
 [12  3  6  3  0 31 10]
 [26 16  9 13  0  8 45]]

NB
Classification_report:
             precision    recall  f1-score   support

          B       0.49      0.36      0.42        77
          C       0.31      0.20      0.24        20
          G       0.17      0.61      0.27        36
          M       0.32      0.29      0.30        45
          O       0.06      0.17      0.08         6
          P       0.65      0.63      0.64        65
          R       0.34      0.13      0.19       117

avg / total       0.40      0.34      0.34       366

[[28  0 31  2  3  9  4]
 [ 0  4  4  0  2  1  9]
 [ 9  0 22  3  0  0  2]
 [ 3  3 15 13  2  3  6]
 [ 0  0  0  0  1  0  5]
 [ 9  1  3  6  2 41  3]
 [ 8  5 55 17  8  9 15]]

DT
Classification_report:
             precision    recall  f1-score   support

          B       0.37      0.42      0.39        77
          C       0.13      0.15      0.14        20
          G       0.15      0.14      0.14        36
          M       0.26      0.22      0.24        45
          O       0.00      0.00      0.00         6
          P       0.64      0.66      0.65        65
          R       0.42      0.42      0.42       117

avg / total       0.38      0.39      0.38       366

[[32  2 11  6  0  7 19]
 [ 6  3  2  2  0  1  6]
 [ 8  2  5  5  0  1 15]
 [ 6  2  3 10  0  4 20]
 [ 2  1  0  0  0  2  1]
 [ 7  2  3  3  1 43  6]
 [25 11 10 13  0  9 49]]

CRF
Classification_report:
             precision    recall  f1-score   support

          B       0.55      0.61      0.58        77
          C       0.36      0.40      0.38        20
          G       0.35      0.33      0.34        36
          M       0.26      0.13      0.18        45
          O       0.00      0.00      0.00         6
          P       0.58      0.52      0.55        65
          R       0.57      0.69      0.63       117

avg / total       0.49      0.51      0.49       366

CRF 2.0
Classification_report:
             precision    recall  f1-score   support

          B       0.82      0.71      0.76        77
          C       0.33      0.30      0.32        20
          G       0.59      0.53      0.56        36
          M       0.42      0.33      0.37        45
          O       0.00      0.00      0.00         6
          P       0.66      0.62      0.63        65
          R       0.53      0.68      0.59       117

avg / total       0.59      0.59      0.58       366


SVM RBF
Classification_report:
             precision    recall  f1-score   support

          B       0.59      0.96      0.73       179
          C       0.00      0.00      0.00        20
          G       0.00      0.00      0.00        36
          M       0.00      0.00      0.00        59
          O       0.00      0.00      0.00         1
          P       0.00      0.00      0.00        68
          R       0.51      0.86      0.64       102

avg / total       0.34      0.56      0.42       465

[[171   0   0   0   0   1   7]
 [  0   0   0   0   0   0  20]
 [ 36   0   0   0   0   0   0]
 [  8   0   0   0   0   1  50]
 [  1   0   0   0   0   0   0]
 [ 59   0   0   0   0   0   9]
 [ 14   0   0   0   0   0  88]]

SVM linear
Classification_report:
             precision    recall  f1-score   support

          B       0.73      0.88      0.80       179
          C       0.50      0.25      0.33        20
          G       0.25      0.06      0.09        36
          M       0.40      0.29      0.33        59
          O       0.00      0.00      0.00         1
          P       0.69      0.53      0.60        68
          R       0.50      0.67      0.57       102

avg / total       0.58      0.61      0.58       465

[[157   1   4   1   0   8   8]
 [  0   5   0   0   0   1  14]
 [ 32   0   2   0   0   2   0]
 [  2   0   0  17   0   1  39]
 [  0   0   0   0   0   1   0]
 [ 18   1   1   4   0  36   8]
 [  6   3   1  21   0   3  68]]

KNN
Classification_report:
             precision    recall  f1-score   support

          B       0.66      0.82      0.73       179
          C       0.20      0.20      0.20        20
          G       0.35      0.33      0.34        36
          M       0.41      0.34      0.37        59
          O       0.00      0.00      0.00         1
          P       0.65      0.49      0.55        68
          R       0.54      0.48      0.51       102

avg / total       0.56      0.57      0.56       465

[[146   0  14   2   0  10   7]
 [  2   4   0   2   0   0  12]
 [ 19   0  12   0   0   5   0]
 [ 13   3   1  20   0   0  22]
 [  0   0   1   0   0   0   0]
 [ 21   2   6   5   0  33   1]
 [ 19  11   0  20   0   3  49]]

NB
Classification_report:
             precision    recall  f1-score   support

          B       0.53      0.17      0.26       179
          C       0.20      0.15      0.17        20
          G       0.17      0.67      0.27        36
          M       0.25      0.56      0.35        59
          O       0.00      0.00      0.00         1
          P       0.39      0.53      0.45        68
          R       0.23      0.06      0.09       102

avg / total       0.36      0.29      0.26       465

[[31  4 85 31  0 25  3]
 [ 4  3  2  5  0  2  4]
 [ 6  0 24  3  0  1  2]
 [ 2  2  6 33  0  9  7]
 [ 1  0  0  0  0  0  0]
 [ 4  1  3 20  0 36  4]
 [11  5 20 40  0 20  6]]

DT
Classification_report:
             precision    recall  f1-score   support

          B       0.75      0.78      0.77       179
          C       0.32      0.30      0.31        20
          G       0.56      0.42      0.48        36
          M       0.34      0.32      0.33        59
          O       0.00      0.00      0.00         1
          P       0.57      0.51      0.54        68
          R       0.42      0.47      0.44       102

avg / total       0.56      0.57      0.56       465

[[140   0   9   2   0  13  15]
 [  0   6   0   3   0   1  10]
 [ 20   0  15   0   0   0   1]
 [  2   3   1  19   0   2  32]
 [  0   0   0   1   0   0   0]
 [ 15   2   0   7   0  35   9]
 [ 10   8   2  24   0  10  48]]

CRF
Classification_report:
             precision    recall  f1-score   support

          B       0.86      0.96      0.91       179
          C       0.70      0.70      0.70        20
          G       0.84      0.58      0.69        36
          M       0.56      0.47      0.51        59
          O       0.00      0.00      0.00         1
          P       0.84      0.76      0.80        68
          R       0.64      0.69      0.66       102

avg / total       0.76      0.77      0.76       465

CRF 2.0
Classification_report:
             precision    recall  f1-score   support

          B       0.99      1.00      1.00       179
          C       0.54      0.35      0.42        20
          G       1.00      1.00      1.00        36
          M       0.95      0.92      0.93        59
          O       0.00      0.00      0.00         1
          P       0.94      0.93      0.93        68
          R       0.83      0.91      0.87       102

avg / total       0.92      0.93      0.92       465


SVM RBF
Classification_report:
             precision    recall  f1-score   support

          B       0.48      0.86      0.61       256
          C       0.00      0.00      0.00        40
          G       0.00      0.00      0.00        72
          M       0.00      0.00      0.00       104
          O       0.00      0.00      0.00         7
          P       0.00      0.00      0.00       133
          R       0.47      0.79      0.59       219

avg / total       0.27      0.47      0.34       831

[[220   0   0   0   0   1  35]
 [  4   0   0   0   0   0  36]
 [ 58   0   0   0   0   0  14]
 [ 32   0   0   0   0   2  70]
 [  4   0   0   0   0   0   3]
 [100   0   0   0   0   0  33]
 [ 43   0   0   0   0   4 172]]

SVM linear
Classification_report:
             precision    recall  f1-score   support

          B       0.62      0.78      0.69       256
          C       0.29      0.05      0.09        40
          G       0.47      0.19      0.27        72
          M       0.33      0.09      0.14       104
          O       0.00      0.00      0.00         7
          P       0.64      0.58      0.61       133
          R       0.50      0.73      0.59       219

avg / total       0.52      0.55      0.51       831

[[199   1  14   5   0  10  27]
 [  5   2   0   0   0   3  30]
 [ 48   0  14   0   0   1   9]
 [ 15   0   1   9   0  10  69]
 [  0   0   0   0   0   5   2]
 [ 24   1   1   4   0  77  26]
 [ 32   3   0   9   0  15 160]]

KNN
Classification_report:
             precision    recall  f1-score   support

          B       0.56      0.73      0.63       256
          C       0.13      0.12      0.13        40
          G       0.34      0.33      0.34        72
          M       0.29      0.23      0.26       104
          O       0.00      0.00      0.00         7
          P       0.62      0.47      0.54       133
          R       0.47      0.43      0.45       219

avg / total       0.47      0.48      0.47       831

[[187   2  23   9   0  10  25]
 [  6   5   1   5   0   3  20]
 [ 34   0  24   4   0   8   2]
 [ 22   5   7  24   0   6  40]
 [  0   1   2   1   0   2   1]
 [ 29   5   6  10   0  63  20]
 [ 56  20   8  31   0  10  94]]

NB
Classification_report:
             precision    recall  f1-score   support

          B       0.48      0.16      0.24       256
          C       0.12      0.33      0.17        40
          G       0.16      0.64      0.25        72
          M       0.26      0.36      0.30       104
          O       0.00      0.00      0.00         7
          P       0.55      0.45      0.50       133
          R       0.32      0.11      0.16       219

avg / total       0.37      0.27      0.27       831

[[ 42  23 124  34   3  21   9]
 [  2  13   9   2   2   4   8]
 [ 14   3  46   4   0   3   2]
 [  9   9  30  37   0   5  14]
 [  1   0   0   0   0   1   5]
 [  8  25   6  19   3  60  12]
 [ 12  37  78  45   8  15  24]]

DT
Classification_report:
             precision    recall  f1-score   support

          B       0.64      0.64      0.64       256
          C       0.16      0.12      0.14        40
          G       0.33      0.32      0.32        72
          M       0.25      0.26      0.26       104
          O       0.00      0.00      0.00         7
          P       0.59      0.60      0.59       133
          R       0.49      0.51      0.50       219

avg / total       0.49      0.49      0.49       831

[[165   3  26  16   1  18  27]
 [  2   5   1   4   1   4  23]
 [ 26   1  23   5   0   6  11]
 [ 19   6   6  27   0   8  38]
 [  0   2   0   0   0   3   2]
 [ 14   3   6  15   1  80  14]
 [ 31  12   8  39   1  17 111]]

CRF
Classification_report:
             precision    recall  f1-score   support

          B       0.73      0.80      0.76       256
          C       0.55      0.45      0.49        40
          G       0.64      0.49      0.55        72
          M       0.35      0.27      0.30       104
          O       1.00      0.43      0.60         7
          P       0.69      0.59      0.64       133
          R       0.57      0.68      0.62       219

avg / total       0.62      0.62      0.62       831

CRF 2.0
Classification_report:
             precision    recall  f1-score   support

          B       0.93      0.88      0.90       256
          C       0.56      0.47      0.51        40
          G       0.83      0.75      0.79        72
          M       0.69      0.69      0.69       104
          O       0.00      0.00      0.00         7
          P       0.86      0.78      0.82       133
          R       0.70      0.84      0.76       219

avg / total       0.79      0.79      0.79       831
