SVM RBF
Classification_report:
             precision    recall  f1-score   support

          B       0.35      0.57      0.43        77
          C       0.00      0.00      0.00        20
          G       0.00      0.00      0.00        36
          M       0.00      0.00      0.00        45
          O       0.00      0.00      0.00         6
          P       0.00      0.00      0.00        65
          R       0.40      0.83      0.54       117

avg / total       0.20      0.39      0.26       366

[[44  0  0  0  0  0 33]
 [ 2  0  0  0  0  0 18]
 [15  0  0  0  0  0 21]
 [12  0  0  0  0  0 33]
 [ 0  0  0  0  0  0  6]
 [33  0  0  0  0  0 32]
 [20  0  0  0  0  0 97]]

SVM linear
Classification_report:
             precision    recall  f1-score   support

          B       0.57      0.66      0.61        77
          C       0.00      0.00      0.00        20
          G       0.43      0.17      0.24        36
          M       0.75      0.07      0.12        45
          O       0.00      0.00      0.00         6
          P       0.57      0.55      0.56        65
          R       0.49      0.82      0.62       117

avg / total       0.51      0.52      0.46       366

[[51  0  5  0  0  5 16]
 [ 1  0  0  0  0  2 17]
 [14  0  6  0  0  4 12]
 [ 4  0  1  3  0  5 32]
 [ 0  0  0  1  0  1  4]
 [10  0  1  0  0 36 18]
 [10  0  1  0  0 10 96]]

KNN
Classification_report:
             precision    recall  f1-score   support

          B       0.41      0.62      0.50        77
          C       0.04      0.05      0.04        20
          G       0.22      0.25      0.23        36
          M       0.16      0.11      0.13        45
          O       0.00      0.00      0.00         6
          P       0.55      0.49      0.52        65
          R       0.49      0.39      0.44       117

avg / total       0.39      0.39      0.38       366

[[48  1  7  6  0  7  8]
 [ 2  1  1  2  0  2 12]
 [16  1  9  2  0  4  4]
 [12  6  6  5  0  3 13]
 [ 1  0  1  1  0  1  2]
 [14  2  6  3  0 32  8]
 [23 16 11 12  0  9 46]]

NB
Classification_report:
             precision    recall  f1-score   support

          B       0.48      0.36      0.41        77
          C       0.29      0.20      0.24        20
          G       0.17      0.61      0.27        36
          M       0.34      0.31      0.33        45
          O       0.06      0.17      0.08         6
          P       0.65      0.63      0.64        65
          R       0.33      0.12      0.17       117

avg / total       0.40      0.34      0.34       366

[[28  0 31  2  3  9  4]
 [ 0  4  4  0  2  1  9]
 [ 9  0 22  3  0  0  2]
 [ 3  3 14 14  2  3  6]
 [ 0  0  0  0  1  0  5]
 [ 9  1  3  6  2 41  3]
 [ 9  6 55 16  8  9 14]]

DT
Classification_report:
             precision    recall  f1-score   support

          B       0.45      0.42      0.43        77
          C       0.11      0.10      0.10        20
          G       0.20      0.22      0.21        36
          M       0.14      0.16      0.15        45
          O       0.00      0.00      0.00         6
          P       0.64      0.68      0.66        65
          R       0.42      0.40      0.41       117

avg / total       0.38      0.38      0.38       366

[[32  1 11 11  0  6 16]
 [ 3  2  2  4  0  1  8]
 [ 9  1  8  5  0  1 12]
 [ 9  4  2  7  0  3 20]
 [ 0  0  0  0  0  5  1]
 [ 4  1  3  3  2 44  8]
 [14 10 15 21  1  9 47]]

CRF
Classification_report:
             precision    recall  f1-score   support

          B       0.54      0.57      0.55        77
          C       0.43      0.45      0.44        20
          G       0.37      0.31      0.33        36
          M       0.18      0.13      0.15        45
          O       0.00      0.00      0.00         6
          P       0.60      0.52      0.56        65
          R       0.57      0.69      0.63       117

avg / total       0.48      0.51      0.49       366

CRF 2.0
Classification_report:
             precision    recall  f1-score   support

          B       0.74      0.68      0.71        77
          C       0.31      0.25      0.28        20
          G       0.57      0.47      0.52        36
          M       0.32      0.24      0.28        45
          O       0.00      0.00      0.00         6
          P       0.62      0.58      0.60        65
          R       0.54      0.70      0.61       117

avg / total       0.55      0.56      0.55       366


SVM RBF
Classification_report:
             precision    recall  f1-score   support

          B       0.57      0.96      0.72       179
          C       0.00      0.00      0.00        20
          G       0.00      0.00      0.00        36
          M       0.00      0.00      0.00        59
          O       0.00      0.00      0.00         1
          P       0.00      0.00      0.00        68
          R       0.51      0.82      0.63       102

avg / total       0.33      0.55      0.41       465

[[171   0   0   0   0   1   7]
 [  0   0   0   0   0   0  20]
 [ 36   0   0   0   0   0   0]
 [ 13   0   0   0   0   1  45]
 [  1   0   0   0   0   0   0]
 [ 59   0   0   0   0   0   9]
 [ 18   0   0   0   0   0  84]]

SVM linear
Classification_report:
             precision    recall  f1-score   support

          B       0.75      0.92      0.82       179
          C       0.25      0.10      0.14        20
          G       0.62      0.14      0.23        36
          M       0.51      0.34      0.41        59
          O       0.00      0.00      0.00         1
          P       0.75      0.56      0.64        68
          R       0.51      0.70      0.59       102

avg / total       0.63      0.65      0.62       465

[[165   1   3   0   0   4   6]
 [  0   2   0   0   0   0  18]
 [ 29   0   5   0   0   2   0]
 [  3   0   0  20   0   1  35]
 [  0   0   0   0   0   1   0]
 [ 17   2   0   3   0  38   8]
 [  7   3   0  16   0   5  71]]

KNN
Classification_report:
             precision    recall  f1-score   support

          B       0.67      0.81      0.73       179
          C       0.22      0.20      0.21        20
          G       0.34      0.33      0.34        36
          M       0.40      0.32      0.36        59
          O       0.00      0.00      0.00         1
          P       0.67      0.49      0.56        68
          R       0.50      0.48      0.49       102

avg / total       0.55      0.56      0.55       465

[[145   0  14   3   0   9   8]
 [  1   4   0   1   0   0  14]
 [ 19   0  12   0   0   5   0]
 [ 13   1   1  19   0   0  25]
 [  0   0   1   0   0   0   0]
 [ 20   2   6   5   0  33   2]
 [ 20  11   1  19   0   2  49]]

NB
Classification_report:
             precision    recall  f1-score   support

          B       0.53      0.17      0.26       179
          C       0.20      0.15      0.17        20
          G       0.17      0.67      0.27        36
          M       0.25      0.56      0.35        59
          O       0.00      0.00      0.00         1
          P       0.38      0.53      0.44        68
          R       0.24      0.06      0.09       102

avg / total       0.36      0.29      0.26       465

[[31  4 85 31  0 25  3]
 [ 4  3  2  5  0  2  4]
 [ 6  0 24  3  0  1  2]
 [ 2  2  6 33  0 10  6]
 [ 1  0  0  0  0  0  0]
 [ 4  1  3 20  0 36  4]
 [11  5 20 40  0 20  6]]

DT
Classification_report:
             precision    recall  f1-score   support

          B       0.76      0.82      0.79       179
          C       0.18      0.20      0.19        20
          G       0.68      0.53      0.59        36
          M       0.50      0.49      0.50        59
          O       0.00      0.00      0.00         1
          P       0.60      0.60      0.60        68
          R       0.45      0.42      0.44       102

avg / total       0.60      0.61      0.61       465

[[147   0   8   1   0   9  14]
 [  1   4   0   2   0   2  11]
 [ 15   0  19   0   0   1   1]
 [  7   1   0  29   0   2  20]
 [  1   0   0   0   0   0   0]
 [ 15   3   0   2   1  41   6]
 [  7  14   1  24   0  13  43]]

CRF
Classification_report:
             precision    recall  f1-score   support

          B       0.87      0.97      0.92       179
          C       0.71      0.75      0.73        20
          G       0.85      0.61      0.71        36
          M       0.55      0.46      0.50        59
          O       0.00      0.00      0.00         1
          P       0.84      0.75      0.79        68
          R       0.64      0.69      0.66       102

avg / total       0.76      0.77      0.76       465

CRF 2.0
Classification_report:
             precision    recall  f1-score   support

          B       0.99      1.00      1.00       179
          C       0.47      0.35      0.40        20
          G       1.00      1.00      1.00        36
          M       0.95      0.92      0.93        59
          O       0.00      0.00      0.00         1
          P       0.94      0.94      0.94        68
          R       0.83      0.89      0.86       102

avg / total       0.92      0.93      0.92       465


SVM RBF
Classification_report:
             precision    recall  f1-score   support

          B       0.48      0.87      0.61       256
          C       0.00      0.00      0.00        40
          G       0.00      0.00      0.00        72
          M       0.00      0.00      0.00       104
          O       0.00      0.00      0.00         7
          P       0.00      0.00      0.00       133
          R       0.48      0.79      0.59       219

avg / total       0.27      0.47      0.35       831

[[222   0   0   0   0   0  34]
 [  4   0   0   0   0   0  36]
 [ 58   0   0   0   0   0  14]
 [ 34   0   0   0   0   1  69]
 [  4   0   0   0   0   0   3]
 [100   0   0   0   0   0  33]
 [ 45   0   0   0   0   2 172]]

SVM linear
Classification_report:
             precision    recall  f1-score   support

          B       0.60      0.79      0.69       256
          C       0.00      0.00      0.00        40
          G       0.67      0.17      0.27        72
          M       0.41      0.09      0.14       104
          O       0.00      0.00      0.00         7
          P       0.71      0.56      0.62       133
          R       0.48      0.78      0.60       219

avg / total       0.54      0.56      0.51       831

[[203   0   6   1   0   7  39]
 [  4   0   0   0   0   3  33]
 [ 51   0  12   0   0   0   9]
 [ 17   0   0   9   0   6  72]
 [  0   0   0   1   0   4   2]
 [ 29   0   0   4   0  74  26]
 [ 32   0   0   7   0  10 170]]

KNN
Classification_report:
             precision    recall  f1-score   support

          B       0.55      0.71      0.62       256
          C       0.14      0.12      0.13        40
          G       0.35      0.36      0.36        72
          M       0.24      0.19      0.22       104
          O       0.00      0.00      0.00         7
          P       0.67      0.49      0.57       133
          R       0.46      0.43      0.44       219

avg / total       0.46      0.47      0.46       831

[[183   2  28   9   0   9  25]
 [  5   5   0   5   0   3  22]
 [ 35   0  26   3   0   6   2]
 [ 24   5   6  20   0   6  43]
 [  0   1   2   1   0   2   1]
 [ 28   5   5  10   0  65  20]
 [ 58  18   7  34   1   6  95]]

NB
Classification_report:
             precision    recall  f1-score   support

          B       0.48      0.16      0.24       256
          C       0.12      0.33      0.18        40
          G       0.16      0.64      0.25        72
          M       0.27      0.37      0.31       104
          O       0.00      0.00      0.00         7
          P       0.56      0.47      0.51       133
          R       0.32      0.11      0.16       219

avg / total       0.38      0.27      0.27       831

[[ 42  23 124  34   3  21   9]
 [  2  13   9   2   2   4   8]
 [ 14   3  46   4   0   3   2]
 [  9   8  30  38   0   5  14]
 [  1   0   0   0   0   1   5]
 [  8  24   6  18   2  63  12]
 [ 12  36  78  46   8  15  24]]

DT
Classification_report:
             precision    recall  f1-score   support

          B       0.66      0.63      0.65       256
          C       0.09      0.10      0.09        40
          G       0.43      0.44      0.44        72
          M       0.19      0.17      0.18       104
          O       0.00      0.00      0.00         7
          P       0.54      0.56      0.55       133
          R       0.43      0.46      0.44       219

avg / total       0.47      0.47      0.47       831

[[161   4  21  11   0  23  36]
 [  4   4   1   7   0   4  20]
 [ 13   8  32   3   0   4  12]
 [ 14   5   8  18   0  12  47]
 [  0   1   0   1   0   3   2]
 [ 19   4   2  16   2  75  15]
 [ 32  19  10  41   0  17 100]]

CRF
Classification_report:
             precision    recall  f1-score   support

          B       0.72      0.81      0.76       256
          C       0.56      0.47      0.51        40
          G       0.62      0.49      0.55        72
          M       0.36      0.28      0.31       104
          O       1.00      0.14      0.25         7
          P       0.73      0.62      0.67       133
          R       0.57      0.67      0.62       219

avg / total       0.62      0.63      0.62       831

CRF 2.0
Classification_report:
             precision    recall  f1-score   support

          B       0.92      0.87      0.89       256
          C       0.62      0.53      0.57        40
          G       0.79      0.74      0.76        72
          M       0.70      0.65      0.68       104
          O       0.00      0.00      0.00         7
          P       0.81      0.76      0.79       133
          R       0.68      0.83      0.75       219

avg / total       0.78      0.78      0.78       831
