SVM RBF
Classification_report:
             precision    recall  f1-score   support

          B       0.36      0.57      0.44        77
          C       0.00      0.00      0.00        20
          G       0.00      0.00      0.00        36
          M       0.00      0.00      0.00        45
          O       0.00      0.00      0.00         6
          P       0.00      0.00      0.00        65
          R       0.40      0.85      0.55       117

avg / total       0.21      0.39      0.27       366

[[44  0  0  0  0  0 33]
 [ 2  0  0  0  0  0 18]
 [15  0  0  0  0  0 21]
 [10  0  0  0  0  0 35]
 [ 0  0  0  0  0  0  6]
 [32  0  0  0  0  0 33]
 [18  0  0  0  0  0 99]]

SVM linear
Classification_report:
             precision    recall  f1-score   support

          B       0.53      0.62      0.57        77
          C       0.50      0.05      0.09        20
          G       0.53      0.25      0.34        36
          M       0.36      0.11      0.17        45
          O       1.00      0.17      0.29         6
          P       0.61      0.57      0.59        65
          R       0.49      0.76      0.60       117

avg / total       0.52      0.52      0.48       366

[[48  0  4  0  0  6 19]
 [ 3  1  1  0  0  1 14]
 [17  0  9  0  0  1  9]
 [ 4  0  1  5  0  4 31]
 [ 0  0  0  1  1  2  2]
 [11  0  1  0  0 37 16]
 [ 8  1  1  8  0 10 89]]

KNN
Classification_report:
             precision    recall  f1-score   support

          B       0.41      0.61      0.49        77
          C       0.07      0.10      0.08        20
          G       0.25      0.28      0.26        36
          M       0.20      0.13      0.16        45
          O       0.00      0.00      0.00         6
          P       0.51      0.49      0.50        65
          R       0.46      0.36      0.40       117

avg / total       0.38      0.38      0.37       366

[[47  1  7  7  0  7  8]
 [ 2  2  1  3  0  2 10]
 [15  0 10  2  0  5  4]
 [11  5  4  6  0  3 16]
 [ 1  0  1  1  0  1  2]
 [14  2  7  1  0 32  9]
 [24 18 10 10  0 13 42]]

NB
Classification_report:
             precision    recall  f1-score   support

          B       0.45      0.38      0.41        77
          C       0.33      0.20      0.25        20
          G       0.19      0.56      0.28        36
          M       0.33      0.40      0.36        45
          O       0.06      0.17      0.08         6
          P       0.66      0.63      0.65        65
          R       0.33      0.14      0.19       117

avg / total       0.40      0.35      0.35       366

[[29  0 28  4  3  9  4]
 [ 0  4  4  0  2  1  9]
 [11  0 20  3  0  0  2]
 [ 3  3 10 18  2  2  7]
 [ 0  0  0  0  1  0  5]
 [10  0  2  5  2 41  5]
 [11  5 43 25  8  9 16]]

DT
Classification_report:
             precision    recall  f1-score   support

          B       0.33      0.34      0.34        77
          C       0.17      0.25      0.20        20
          G       0.17      0.19      0.18        36
          M       0.15      0.16      0.15        45
          O       0.50      0.17      0.25         6
          P       0.60      0.69      0.64        65
          R       0.32      0.26      0.28       117

avg / total       0.33      0.33      0.33       366

[[26  2 15  8  0  7 19]
 [ 3  5  1  2  0  1  8]
 [10  3  7  6  0  0 10]
 [ 8  4  1  7  0  8 17]
 [ 0  0  0  2  1  2  1]
 [ 5  1  0  4  0 45 10]
 [26 14 16 18  1 12 30]]

CRF
Classification_report:
             precision    recall  f1-score   support

          B       0.59      0.61      0.60        77
          C       0.40      0.40      0.40        20
          G       0.35      0.33      0.34        36
          M       0.19      0.16      0.17        45
          O       0.00      0.00      0.00         6
          P       0.61      0.55      0.58        65
          R       0.59      0.70      0.64       117

avg / total       0.50      0.52      0.51       366

CRF 2.0
Classification_report:
             precision    recall  f1-score   support

          B       0.75      0.65      0.69        77
          C       0.33      0.25      0.29        20
          G       0.55      0.47      0.51        36
          M       0.39      0.33      0.36        45
          O       0.00      0.00      0.00         6
          P       0.65      0.60      0.62        65
          R       0.54      0.69      0.60       117

avg / total       0.56      0.57      0.56       366


SVM RBF
Classification_report:
             precision    recall  f1-score   support

          B       0.55      0.96      0.70       179
          C       0.00      0.00      0.00        20
          G       0.00      0.00      0.00        36
          M       0.00      0.00      0.00        59
          O       0.00      0.00      0.00         1
          P       0.00      0.00      0.00        68
          R       0.53      0.80      0.64       102

avg / total       0.33      0.55      0.41       465

[[172   0   0   0   0   0   7]
 [  0   0   0   0   0   0  20]
 [ 36   0   0   0   0   0   0]
 [ 19   0   0   0   0   0  40]
 [  1   0   0   0   0   0   0]
 [ 62   0   0   0   0   0   6]
 [ 20   0   0   0   0   0  82]]

SVM linear
Classification_report:
             precision    recall  f1-score   support

          B       0.76      0.92      0.83       179
          C       0.40      0.20      0.27        20
          G       0.54      0.19      0.29        36
          M       0.48      0.36      0.41        59
          O       0.00      0.00      0.00         1
          P       0.81      0.56      0.66        68
          R       0.52      0.69      0.59       102

avg / total       0.64      0.65      0.63       465

[[164   1   6   1   0   2   5]
 [  0   4   0   1   0   1  14]
 [ 28   0   7   1   0   0   0]
 [  3   0   0  21   0   1  34]
 [  0   0   0   0   0   1   0]
 [ 16   1   0   2   0  38  11]
 [  6   4   0  18   0   4  70]]

KNN
Classification_report:
             precision    recall  f1-score   support

          B       0.67      0.83      0.74       179
          C       0.28      0.25      0.26        20
          G       0.36      0.33      0.35        36
          M       0.39      0.32      0.35        59
          O       0.00      0.00      0.00         1
          P       0.69      0.49      0.57        68
          R       0.52      0.48      0.50       102

avg / total       0.56      0.57      0.56       465

[[149   0  13   2   0   8   7]
 [  0   5   0   1   0   0  14]
 [ 19   0  12   0   0   5   0]
 [ 13   2   1  19   0   0  24]
 [  0   0   1   0   0   0   0]
 [ 21   2   5   6   0  33   1]
 [ 20   9   1  21   0   2  49]]

NB
Classification_report:
             precision    recall  f1-score   support

          B       0.54      0.19      0.28       179
          C       0.21      0.15      0.18        20
          G       0.18      0.67      0.28        36
          M       0.25      0.54      0.35        59
          O       0.00      0.00      0.00         1
          P       0.41      0.60      0.49        68
          R       0.23      0.06      0.09       102

avg / total       0.37      0.30      0.27       465

[[34  3 82 31  0 26  3]
 [ 4  3  2  5  0  2  4]
 [ 6  0 24  4  0  0  2]
 [ 3  2  6 32  0  9  7]
 [ 1  0  0  0  0  0  0]
 [ 4  1  3 15  0 41  4]
 [11  5 20 39  0 21  6]]

DT
Classification_report:
             precision    recall  f1-score   support

          B       0.69      0.74      0.71       179
          C       0.38      0.30      0.33        20
          G       0.29      0.19      0.23        36
          M       0.26      0.24      0.25        59
          O       0.00      0.00      0.00         1
          P       0.52      0.49      0.50        68
          R       0.47      0.52      0.49       102

avg / total       0.51      0.53      0.52       465

[[133   1  13   6   0  16  10]
 [  1   6   0   3   0   1   9]
 [ 26   0   7   0   0   2   1]
 [  8   6   0  14   0   5  26]
 [  1   0   0   0   0   0   0]
 [ 16   0   1   4   0  33  14]
 [  9   3   3  27   0   7  53]]

CRF
Classification_report:
             precision    recall  f1-score   support

          B       0.85      0.96      0.90       179
          C       0.74      0.70      0.72        20
          G       0.84      0.58      0.69        36
          M       0.59      0.46      0.51        59
          O       0.00      0.00      0.00         1
          P       0.82      0.74      0.78        68
          R       0.63      0.69      0.66       102

avg / total       0.76      0.76      0.75       465

CRF 2.0
Classification_report:
             precision    recall  f1-score   support

          B       0.99      1.00      1.00       179
          C       0.54      0.35      0.42        20
          G       1.00      1.00      1.00        36
          M       0.95      0.92      0.93        59
          O       0.00      0.00      0.00         1
          P       0.94      0.94      0.94        68
          R       0.84      0.91      0.87       102

avg / total       0.93      0.93      0.93       465


SVM RBF
Classification_report:
             precision    recall  f1-score   support

          B       0.46      0.88      0.60       256
          C       0.00      0.00      0.00        40
          G       0.00      0.00      0.00        72
          M       0.00      0.00      0.00       104
          O       0.00      0.00      0.00         7
          P       0.00      0.00      0.00       133
          R       0.49      0.76      0.59       219

avg / total       0.27      0.47      0.34       831

[[225   0   0   0   0   0  31]
 [  5   0   0   0   0   0  35]
 [ 60   0   0   0   0   0  12]
 [ 41   0   0   0   0   0  63]
 [  4   0   0   0   0   0   3]
 [102   0   0   0   0   0  31]
 [ 53   0   0   0   0   0 166]]

SVM linear
Classification_report:
             precision    recall  f1-score   support

          B       0.62      0.77      0.69       256
          C       0.62      0.12      0.21        40
          G       0.50      0.25      0.33        72
          M       0.33      0.19      0.24       104
          O       0.00      0.00      0.00         7
          P       0.73      0.62      0.67       133
          R       0.49      0.67      0.57       219

avg / total       0.55      0.56      0.54       831

[[197   0  16   8   0   7  28]
 [  4   5   0   2   0   2  27]
 [ 42   0  18   0   0   0  12]
 [ 21   0   2  20   0   4  57]
 [  0   0   0   0   0   4   3]
 [ 21   1   0   5   0  82  24]
 [ 32   2   0  25   0  13 147]]

KNN
Classification_report:
             precision    recall  f1-score   support

          B       0.55      0.72      0.62       256
          C       0.15      0.15      0.15        40
          G       0.36      0.39      0.37        72
          M       0.29      0.22      0.25       104
          O       0.00      0.00      0.00         7
          P       0.66      0.46      0.54       133
          R       0.44      0.40      0.42       219

avg / total       0.46      0.47      0.46       831

[[185   2  25   9   0  11  24]
 [  3   6   2   4   0   3  22]
 [ 37   0  28   1   0   4   2]
 [ 21   5   6  23   0   6  43]
 [  0   1   2   1   0   2   1]
 [ 33   5   6   8   0  61  20]
 [ 60  22   9  33   1   6  88]]

NB
Classification_report:
             precision    recall  f1-score   support

          B       0.49      0.17      0.25       256
          C       0.14      0.33      0.20        40
          G       0.16      0.64      0.26        72
          M       0.28      0.41      0.33       104
          O       0.00      0.00      0.00         7
          P       0.56      0.51      0.53       133
          R       0.33      0.12      0.18       219

avg / total       0.38      0.29      0.28       831

[[ 43  20 124  33   3  24   9]
 [  2  13   8   3   1   4   9]
 [ 14   3  46   4   0   3   2]
 [  8   5  28  43   0   5  15]
 [  1   0   0   0   0   1   5]
 [  8  19   6  18   2  68  12]
 [ 12  31  74  53   6  17  26]]

DT
Classification_report:
             precision    recall  f1-score   support

          B       0.62      0.60      0.61       256
          C       0.08      0.10      0.09        40
          G       0.32      0.25      0.28        72
          M       0.21      0.20      0.21       104
          O       0.00      0.00      0.00         7
          P       0.54      0.57      0.55       133
          R       0.41      0.44      0.42       219

avg / total       0.44      0.44      0.44       831

[[153   7  17  26   0  17  36]
 [  4   4   1   6   0   4  21]
 [ 24   2  18   9   0   4  15]
 [ 21   6   5  21   2  12  37]
 [  1   0   0   2   0   3   1]
 [ 17   3   5   3   1  76  28]
 [ 25  28  10  33   1  26  96]]

CRF
Classification_report:
             precision    recall  f1-score   support

          B       0.73      0.79      0.76       256
          C       0.49      0.45      0.47        40
          G       0.63      0.44      0.52        72
          M       0.36      0.26      0.30       104
          O       1.00      0.14      0.25         7
          P       0.71      0.61      0.66       133
          R       0.55      0.69      0.61       219

avg / total       0.61      0.62      0.61       831

CRF 2.0
Classification_report:
             precision    recall  f1-score   support

          B       0.94      0.87      0.90       256
          C       0.63      0.47      0.54        40
          G       0.83      0.72      0.77        72
          M       0.66      0.69      0.68       104
          O       0.00      0.00      0.00         7
          P       0.84      0.77      0.81       133
          R       0.69      0.83      0.75       219

avg / total       0.79      0.78      0.78       831
