sSVM RBF
Classification_report:
             precision    recall  f1-score   support

          B       0.35      0.58      0.44        77
          C       0.00      0.00      0.00        20
          G       0.00      0.00      0.00        36
          M       0.00      0.00      0.00        45
          O       0.00      0.00      0.00         6
          P       0.00      0.00      0.00        65
          R       0.41      0.83      0.54       117

avg / total       0.20      0.39      0.27       366

[[45  0  0  0  0  0 32]
 [ 2  0  0  0  0  0 18]
 [15  0  0  0  0  0 21]
 [12  0  0  0  0  0 33]
 [ 0  0  0  0  0  0  6]
 [33  0  0  0  0  0 32]
 [20  0  0  0  0  0 97]]

SVM linear
Classification_report:
             precision    recall  f1-score   support

          B       0.51      0.62      0.56        77
          C       0.00      0.00      0.00        20
          G       0.56      0.25      0.35        36
          M       0.44      0.09      0.15        45
          O       0.00      0.00      0.00         6
          P       0.54      0.51      0.52        65
          R       0.50      0.79      0.61       117

avg / total       0.47      0.51      0.46       366

[[48  0  3  0  0  7 19]
 [ 1  0  0  0  0  3 16]
 [17  0  9  0  0  0 10]
 [ 3  0  1  4  0  9 28]
 [ 0  0  0  2  0  1  3]
 [14  0  1  0  0 33 17]
 [11  0  2  3  0  8 93]]

KNN
Classification_report:
             precision    recall  f1-score   support

          B       0.41      0.61      0.49        77
          C       0.04      0.05      0.04        20
          G       0.24      0.22      0.23        36
          M       0.14      0.11      0.12        45
          O       0.00      0.00      0.00         6
          P       0.54      0.49      0.52        65
          R       0.43      0.35      0.39       117

avg / total       0.36      0.37      0.36       366

[[47  1  7  7  0  7  8]
 [ 2  1  0  3  0  2 12]
 [18  0  8  2  0  4  4]
 [ 8  6  5  5  0  3 18]
 [ 1  0  1  1  0  1  2]
 [12  2  5  4  0 32 10]
 [26 17  8 15  0 10 41]]

NB
Classification_report:
             precision    recall  f1-score   support

          B       0.48      0.36      0.41        77
          C       0.29      0.20      0.24        20
          G       0.17      0.61      0.27        36
          M       0.34      0.31      0.33        45
          O       0.06      0.17      0.08         6
          P       0.66      0.63      0.65        65
          R       0.32      0.12      0.17       117

avg / total       0.40      0.34      0.34       366

[[28  0 31  2  3  9  4]
 [ 0  4  4  0  2  1  9]
 [ 9  0 22  3  0  0  2]
 [ 3  3 14 14  2  2  7]
 [ 0  0  0  0  1  0  5]
 [ 9  1  3  6  2 41  3]
 [ 9  6 55 16  8  9 14]]

DT
Classification_report:
             precision    recall  f1-score   support

          B       0.42      0.43      0.42        77
          C       0.17      0.20      0.19        20
          G       0.30      0.33      0.32        36
          M       0.24      0.20      0.22        45
          O       0.33      0.17      0.22         6
          P       0.69      0.58      0.63        65
          R       0.47      0.51      0.49       117

avg / total       0.43      0.43      0.43       366

[[33  4  7  6  0  4 23]
 [ 2  4  2  0  0  0 12]
 [11  6 12  4  0  1  2]
 [10  3  5  9  0  2 16]
 [ 0  0  0  0  1  2  3]
 [ 6  1  3  3  2 38 12]
 [17  5 11 16  0  8 60]]

CRF
Classification_report:
             precision    recall  f1-score   support

          B       0.59      0.62      0.61        77
          C       0.46      0.55      0.50        20
          G       0.41      0.33      0.37        36
          M       0.14      0.09      0.11        45
          O       0.00      0.00      0.00         6
          P       0.61      0.54      0.57        65
          R       0.55      0.68      0.61       117

avg / total       0.49      0.52      0.50       366

CRF 2.0
Classification_report:
             precision    recall  f1-score   support

          B       0.77      0.65      0.70        77
          C       0.27      0.20      0.23        20
          G       0.53      0.50      0.51        36
          M       0.31      0.22      0.26        45
          O       0.00      0.00      0.00         6
          P       0.62      0.58      0.60        65
          R       0.52      0.69      0.60       117

avg / total       0.54      0.55      0.54       366


SVM RBF
Classification_report:
             precision    recall  f1-score   support

          B       0.57      0.96      0.72       179
          C       0.00      0.00      0.00        20
          G       0.00      0.00      0.00        36
          M       0.00      0.00      0.00        59
          O       0.00      0.00      0.00         1
          P       0.00      0.00      0.00        68
          R       0.51      0.82      0.63       102

avg / total       0.33      0.55      0.41       465

[[171   0   0   0   0   1   7]
 [  0   0   0   0   0   0  20]
 [ 36   0   0   0   0   0   0]
 [ 13   0   0   0   0   1  45]
 [  1   0   0   0   0   0   0]
 [ 59   0   0   0   0   0   9]
 [ 18   0   0   0   0   0  84]]

SVM linear
Classification_report:
             precision    recall  f1-score   support

          B       0.74      0.91      0.81       179
          C       0.40      0.20      0.27        20
          G       0.42      0.14      0.21        36
          M       0.47      0.29      0.36        59
          O       0.00      0.00      0.00         1
          P       0.75      0.53      0.62        68
          R       0.51      0.70      0.59       102

avg / total       0.62      0.64      0.61       465

[[163   1   5   0   0   3   7]
 [  0   4   0   0   0   0  16]
 [ 28   0   5   0   0   3   0]
 [  5   0   0  17   0   1  36]
 [  0   0   0   0   0   1   0]
 [ 18   1   1   4   0  36   8]
 [  7   4   1  15   0   4  71]]

KNN
Classification_report:
             precision    recall  f1-score   support

          B       0.67      0.81      0.73       179
          C       0.25      0.20      0.22        20
          G       0.35      0.33      0.34        36
          M       0.39      0.32      0.35        59
          O       0.00      0.00      0.00         1
          P       0.65      0.49      0.55        68
          R       0.51      0.48      0.49       102

avg / total       0.55      0.56      0.55       465

[[145   0  14   3   0   9   8]
 [  1   4   0   1   0   0  14]
 [ 18   0  12   0   0   6   0]
 [ 13   1   1  19   0   0  25]
 [  0   0   1   0   0   0   0]
 [ 21   2   6   5   0  33   1]
 [ 20   9   0  21   0   3  49]]

NB
Classification_report:
             precision    recall  f1-score   support

          B       0.53      0.17      0.26       179
          C       0.20      0.15      0.17        20
          G       0.17      0.67      0.27        36
          M       0.25      0.56      0.35        59
          O       0.00      0.00      0.00         1
          P       0.40      0.56      0.46        68
          R       0.24      0.06      0.09       102

avg / total       0.37      0.29      0.26       465

[[31  4 85 31  0 25  3]
 [ 4  3  2  5  0  2  4]
 [ 6  0 24  3  0  1  2]
 [ 2  2  6 33  0 10  6]
 [ 1  0  0  0  0  0  0]
 [ 4  1  3 18  0 38  4]
 [11  5 20 40  0 20  6]]

DT
Classification_report:
             precision    recall  f1-score   support

          B       0.74      0.75      0.75       179
          C       0.15      0.20      0.17        20
          G       0.45      0.42      0.43        36
          M       0.33      0.29      0.31        59
          O       0.00      0.00      0.00         1
          P       0.56      0.63      0.59        68
          R       0.45      0.43      0.44       102

avg / total       0.55      0.55      0.55       465

[[134   0  17   3   0  15  10]
 [  0   4   0   5   0   1  10]
 [ 21   0  15   0   0   0   0]
 [  3   8   0  17   0   5  26]
 [  0   0   0   1   0   0   0]
 [ 11   3   0   3   0  43   8]
 [ 11  11   1  22   0  13  44]]

CRF
Classification_report:
             precision    recall  f1-score   support

          B       0.87      0.97      0.92       179
          C       0.74      0.70      0.72        20
          G       0.84      0.58      0.69        36
          M       0.51      0.44      0.47        59
          O       0.00      0.00      0.00         1
          P       0.85      0.75      0.80        68
          R       0.63      0.68      0.65       102

avg / total       0.76      0.76      0.76       465

CRF 2.0
Classification_report:
             precision    recall  f1-score   support

          B       0.99      1.00      1.00       179
          C       0.50      0.40      0.44        20
          G       1.00      1.00      1.00        36
          M       0.95      0.92      0.93        59
          O       0.00      0.00      0.00         1
          P       0.94      0.94      0.94        68
          R       0.84      0.89      0.87       102

avg / total       0.92      0.93      0.93       465


SVM RBF
Classification_report:
             precision    recall  f1-score   support

          B       0.48      0.87      0.61       256
          C       0.00      0.00      0.00        40
          G       0.00      0.00      0.00        72
          M       0.00      0.00      0.00       104
          O       0.00      0.00      0.00         7
          P       0.00      0.00      0.00       133
          R       0.48      0.79      0.59       219

avg / total       0.27      0.47      0.35       831

[[222   0   0   0   0   0  34]
 [  4   0   0   0   0   0  36]
 [ 58   0   0   0   0   0  14]
 [ 34   0   0   0   0   1  69]
 [  4   0   0   0   0   0   3]
 [100   0   0   0   0   0  33]
 [ 45   0   0   0   0   2 172]]

SVM linear
Classification_report:
             precision    recall  f1-score   support

          B       0.64      0.79      0.71       256
          C       0.50      0.03      0.05        40
          G       0.73      0.22      0.34        72
          M       0.37      0.11      0.16       104
          O       0.00      0.00      0.00         7
          P       0.65      0.58      0.61       133
          R       0.48      0.74      0.58       219

avg / total       0.56      0.57      0.52       831

[[203   0   4   5   0   7  37]
 [  2   1   0   0   0   4  33]
 [ 45   0  16   0   0   3   8]
 [ 14   0   1  11   0   9  69]
 [  0   0   0   1   0   4   2]
 [ 23   0   1   3   0  77  29]
 [ 31   1   0  10   0  14 163]]

KNN
Classification_report:
             precision    recall  f1-score   support

          B       0.54      0.72      0.62       256
          C       0.17      0.15      0.16        40
          G       0.37      0.33      0.35        72
          M       0.26      0.20      0.23       104
          O       0.00      0.00      0.00         7
          P       0.63      0.48      0.54       133
          R       0.47      0.43      0.45       219

avg / total       0.46      0.47      0.46       831

[[184   2  25   8   0  13  24]
 [  5   6   1   5   0   3  20]
 [ 35   0  24   5   0   6   2]
 [ 26   4   6  21   0   6  41]
 [  0   1   2   1   0   2   1]
 [ 31   5   2  10   0  64  21]
 [ 61  18   5  31   1   8  95]]

NB
Classification_report:
             precision    recall  f1-score   support

          B       0.48      0.17      0.25       256
          C       0.12      0.33      0.18        40
          G       0.16      0.64      0.25        72
          M       0.28      0.38      0.32       104
          O       0.00      0.00      0.00         7
          P       0.57      0.48      0.52       133
          R       0.32      0.11      0.16       219

avg / total       0.38      0.28      0.27       831

[[ 43  23 124  34   3  20   9]
 [  2  13   9   2   1   4   9]
 [ 14   3  46   4   0   3   2]
 [  9   7  30  39   0   5  14]
 [  1   0   0   0   0   1   5]
 [  8  24   6  16   3  64  12]
 [ 12  37  78  45   8  15  24]]

DT
Classification_report:
             precision    recall  f1-score   support

          B       0.63      0.59      0.61       256
          C       0.12      0.12      0.12        40
          G       0.38      0.42      0.40        72
          M       0.23      0.25      0.24       104
          O       0.00      0.00      0.00         7
          P       0.59      0.64      0.62       133
          R       0.43      0.42      0.42       219

avg / total       0.47      0.47      0.47       831

[[152   3  26  24   0  19  32]
 [  7   5   3   2   0   5  18]
 [ 21   2  30   6   0   3  10]
 [ 14   7   5  26   1   5  46]
 [  1   1   0   0   0   4   1]
 [ 14   7   2  10   0  85  15]
 [ 33  17  12  43   1  22  91]]

CRF
Classification_report:
             precision    recall  f1-score   support

          B       0.72      0.82      0.77       256
          C       0.53      0.50      0.51        40
          G       0.63      0.47      0.54        72
          M       0.38      0.28      0.32       104
          O       1.00      0.14      0.25         7
          P       0.74      0.61      0.67       133
          R       0.56      0.68      0.62       219

avg / total       0.62      0.63      0.62       831

CRF 2.0
Classification_report:
             precision    recall  f1-score   support

          B       0.93      0.86      0.89       256
          C       0.62      0.45      0.52        40
          G       0.79      0.75      0.77        72
          M       0.68      0.72      0.70       104
          O       0.00      0.00      0.00         7
          P       0.82      0.77      0.80       133
          R       0.69      0.82      0.75       219

avg / total       0.78      0.78      0.78       831
