SVM RBF
Classification_report:
             precision    recall  f1-score   support

          B       0.35      0.57      0.44        77
          C       0.00      0.00      0.00        20
          G       0.00      0.00      0.00        36
          M       0.00      0.00      0.00        45
          O       0.00      0.00      0.00         6
          P       0.00      0.00      0.00        65
          R       0.40      0.84      0.55       117

avg / total       0.20      0.39      0.27       366

[[44  0  0  0  0  0 33]
 [ 2  0  0  0  0  0 18]
 [16  0  0  0  0  0 20]
 [11  0  0  0  0  0 34]
 [ 0  0  0  0  0  0  6]
 [32  0  0  0  0  0 33]
 [19  0  0  0  0  0 98]]

SVM linear
Classification_report:
             precision    recall  f1-score   support

          B       0.52      0.64      0.57        77
          C       0.00      0.00      0.00        20
          G       0.50      0.22      0.31        36
          M       0.50      0.09      0.15        45
          O       1.00      0.17      0.29         6
          P       0.57      0.57      0.57        65
          R       0.52      0.80      0.63       117

avg / total       0.50      0.53      0.48       366

[[49  0  4  1  0  7 16]
 [ 2  0  1  0  0  1 16]
 [17  0  8  0  0  1 10]
 [ 4  0  2  4  0  6 29]
 [ 0  0  0  1  1  2  2]
 [12  0  1  0  0 37 15]
 [10  0  0  2  0 11 94]]

KNN
Classification_report:
             precision    recall  f1-score   support

          B       0.41      0.61      0.49        77
          C       0.04      0.05      0.04        20
          G       0.24      0.25      0.24        36
          M       0.16      0.11      0.13        45
          O       0.00      0.00      0.00         6
          P       0.53      0.51      0.52        65
          R       0.45      0.35      0.39       117

avg / total       0.37      0.37      0.36       366

[[47  1  7  7  0  7  8]
 [ 2  1  0  3  0  2 12]
 [16  0  9  2  0  5  4]
 [11  5  5  5  0  3 16]
 [ 1  0  1  1  0  1  2]
 [13  2  6  2  0 33  9]
 [25 18 10 12  0 11 41]]

NB
Classification_report:
             precision    recall  f1-score   support

          B       0.48      0.36      0.41        77
          C       0.33      0.20      0.25        20
          G       0.18      0.61      0.27        36
          M       0.36      0.36      0.36        45
          O       0.06      0.17      0.08         6
          P       0.67      0.65      0.66        65
          R       0.33      0.13      0.18       117

avg / total       0.40      0.35      0.35       366

[[28  0 31  2  3  9  4]
 [ 0  4  4  0  2  1  9]
 [ 9  0 22  3  0  0  2]
 [ 2  3 13 16  2  2  7]
 [ 0  0  0  0  1  0  5]
 [ 9  0  2  6  2 42  4]
 [10  5 52 18  8  9 15]]

DT
Classification_report:
             precision    recall  f1-score   support

          B       0.43      0.38      0.40        77
          C       0.06      0.05      0.05        20
          G       0.18      0.22      0.20        36
          M       0.10      0.09      0.09        45
          O       0.00      0.00      0.00         6
          P       0.57      0.62      0.59        65
          R       0.40      0.41      0.41       117

avg / total       0.35      0.36      0.35       366

[[29  2 12  9  1  6 18]
 [ 1  1  3  1  0  0 14]
 [ 9  2  8  3  0  5  9]
 [10  1  4  4  0  4 22]
 [ 0  0  0  1  0  5  0]
 [ 6  0  0  6  4 40  9]
 [13 11 17 17  1 10 48]]

CRF
Classification_report:
             precision    recall  f1-score   support

          B       0.59      0.57      0.58        77
          C       0.39      0.45      0.42        20
          G       0.40      0.33      0.36        36
          M       0.19      0.13      0.16        45
          O       0.00      0.00      0.00         6
          P       0.61      0.55      0.58        65
          R       0.55      0.69      0.62       117

avg / total       0.49      0.51      0.50       366

CRF 2.0
Classification_report:
             precision    recall  f1-score   support

          B       0.76      0.65      0.70        77
          C       0.36      0.25      0.29        20
          G       0.55      0.44      0.49        36
          M       0.34      0.29      0.31        45
          O       0.00      0.00      0.00         6
          P       0.64      0.57      0.60        65
          R       0.53      0.71      0.61       117

avg / total       0.56      0.56      0.55       366


SVM RBF
Classification_report:
             precision    recall  f1-score   support

          B       0.57      0.96      0.71       179
          C       0.00      0.00      0.00        20
          G       0.00      0.00      0.00        36
          M       0.00      0.00      0.00        59
          O       0.00      0.00      0.00         1
          P       0.00      0.00      0.00        68
          R       0.52      0.83      0.64       102

avg / total       0.33      0.55      0.42       465

[[172   0   0   0   0   0   7]
 [  0   0   0   0   0   0  20]
 [ 36   0   0   0   0   0   0]
 [ 16   0   0   0   0   0  43]
 [  1   0   0   0   0   0   0]
 [ 61   0   0   0   0   0   7]
 [ 17   0   0   0   0   0  85]]

SVM linear
Classification_report:
             precision    recall  f1-score   support

          B       0.75      0.92      0.82       179
          C       0.50      0.20      0.29        20
          G       0.54      0.19      0.29        36
          M       0.49      0.37      0.42        59
          O       0.00      0.00      0.00         1
          P       0.78      0.53      0.63        68
          R       0.53      0.70      0.60       102

avg / total       0.64      0.65      0.63       465

[[164   0   5   1   0   2   7]
 [  0   4   0   1   0   1  14]
 [ 28   0   7   1   0   0   0]
 [  3   0   0  22   0   1  33]
 [  0   0   0   0   0   1   0]
 [ 18   1   1   4   0  36   8]
 [  7   3   0  16   0   5  71]]

KNN
Classification_report:
             precision    recall  f1-score   support

          B       0.68      0.83      0.74       179
          C       0.22      0.20      0.21        20
          G       0.36      0.33      0.35        36
          M       0.39      0.32      0.35        59
          O       0.00      0.00      0.00         1
          P       0.70      0.49      0.57        68
          R       0.51      0.49      0.50       102

avg / total       0.56      0.57      0.56       465

[[148   0  13   3   0   7   8]
 [  1   4   0   1   0   0  14]
 [ 19   0  12   0   0   5   0]
 [ 12   2   1  19   0   0  25]
 [  0   0   1   0   0   0   0]
 [ 20   2   5   6   0  33   2]
 [ 19  10   1  20   0   2  50]]

NB
Classification_report:
             precision    recall  f1-score   support

          B       0.54      0.18      0.28       179
          C       0.21      0.15      0.18        20
          G       0.17      0.67      0.27        36
          M       0.26      0.56      0.35        59
          O       0.00      0.00      0.00         1
          P       0.41      0.57      0.48        68
          R       0.24      0.06      0.09       102

avg / total       0.38      0.30      0.27       465

[[33  3 85 31  0 24  3]
 [ 4  3  2  5  0  2  4]
 [ 6  0 24  3  0  1  2]
 [ 2  2  6 33  0 10  6]
 [ 1  0  0  0  0  0  0]
 [ 4  1  3 17  0 39  4]
 [11  5 20 40  0 20  6]]

DT
Classification_report:
             precision    recall  f1-score   support

          B       0.74      0.74      0.74       179
          C       0.10      0.10      0.10        20
          G       0.39      0.42      0.41        36
          M       0.35      0.37      0.36        59
          O       0.00      0.00      0.00         1
          P       0.60      0.53      0.56        68
          R       0.49      0.49      0.49       102

avg / total       0.56      0.55      0.56       465

[[133   1  22   4   1  11   7]
 [  0   2   0   4   0   1  13]
 [ 17   0  15   0   0   1   3]
 [  3   6   0  22   0   4  24]
 [  0   0   1   0   0   0   0]
 [ 19   0   0   7   1  36   5]
 [  8  11   0  26   0   7  50]]

CRF
Classification_report:
             precision    recall  f1-score   support

          B       0.85      0.97      0.90       179
          C       0.76      0.65      0.70        20
          G       0.81      0.61      0.70        36
          M       0.56      0.42      0.48        59
          O       0.00      0.00      0.00         1
          P       0.83      0.74      0.78        68
          R       0.62      0.69      0.65       102

avg / total       0.75      0.76      0.75       465

CRF 2.0
Classification_report:
             precision    recall  f1-score   support

          B       0.99      1.00      1.00       179
          C       0.47      0.35      0.40        20
          G       1.00      1.00      1.00        36
          M       0.95      0.92      0.93        59
          O       0.00      0.00      0.00         1
          P       0.94      0.94      0.94        68
          R       0.83      0.89      0.86       102

avg / total       0.92      0.93      0.92       465


SVM RBF
Classification_report:
             precision    recall  f1-score   support

          B       0.47      0.88      0.61       256
          C       0.00      0.00      0.00        40
          G       0.00      0.00      0.00        72
          M       0.00      0.00      0.00       104
          O       0.00      0.00      0.00         7
          P       0.00      0.00      0.00       133
          R       0.48      0.77      0.59       219

avg / total       0.27      0.47      0.34       831

[[224   0   0   0   0   0  32]
 [  5   0   0   0   0   0  35]
 [ 60   0   0   0   0   0  12]
 [ 36   0   0   0   0   0  68]
 [  4   0   0   0   0   0   3]
 [101   0   0   0   0   0  32]
 [ 51   0   0   0   0   0 168]]

SVM linear
Classification_report:
             precision    recall  f1-score   support

          B       0.60      0.79      0.68       256
          C       0.67      0.05      0.09        40
          G       0.50      0.22      0.31        72
          M       0.29      0.12      0.17       104
          O       0.00      0.00      0.00         7
          P       0.75      0.58      0.65       133
          R       0.49      0.69      0.57       219

avg / total       0.54      0.55      0.52       831

[[201   0  12   7   0   4  32]
 [  4   2   0   2   0   2  30]
 [ 46   0  16   0   0   0  10]
 [ 20   0   2  13   0   6  63]
 [  0   0   0   1   0   3   3]
 [ 29   0   0   5   0  77  22]
 [ 36   1   2  17   0  11 152]]

KNN
Classification_report:
             precision    recall  f1-score   support

          B       0.54      0.72      0.62       256
          C       0.15      0.15      0.15        40
          G       0.35      0.39      0.37        72
          M       0.27      0.21      0.24       104
          O       0.00      0.00      0.00         7
          P       0.66      0.45      0.54       133
          R       0.44      0.40      0.42       219

avg / total       0.46      0.47      0.46       831

[[184   2  29   7   0  10  24]
 [  5   6   1   5   0   3  20]
 [ 36   0  28   2   0   4   2]
 [ 22   4   6  22   0   6  44]
 [  0   1   2   1   0   2   1]
 [ 32   5   6  10   0  60  20]
 [ 60  22   8  34   1   6  88]]

NB
Classification_report:
             precision    recall  f1-score   support

          B       0.48      0.17      0.25       256
          C       0.13      0.33      0.19        40
          G       0.16      0.64      0.25        72
          M       0.27      0.38      0.32       104
          O       0.00      0.00      0.00         7
          P       0.57      0.50      0.53       133
          R       0.33      0.11      0.17       219

avg / total       0.38      0.28      0.28       831

[[ 43  22 124  34   3  21   9]
 [  2  13   9   2   1   4   9]
 [ 14   3  46   4   0   3   2]
 [  9   7  29  40   0   5  14]
 [  1   0   0   0   0   1   5]
 [  8  22   6  17   2  66  12]
 [ 12  32  77  50   7  16  25]]

DT
Classification_report:
             precision    recall  f1-score   support

          B       0.62      0.60      0.61       256
          C       0.08      0.07      0.08        40
          G       0.27      0.25      0.26        72
          M       0.20      0.19      0.19       104
          O       0.12      0.14      0.13         7
          P       0.58      0.60      0.59       133
          R       0.41      0.42      0.41       219

avg / total       0.44      0.44      0.44       831

[[154   5  21  16   1  25  34]
 [  5   3   2   4   1   3  22]
 [ 24   1  18   8   0   0  21]
 [ 13   9  11  20   1   9  41]
 [  1   0   0   0   1   4   1]
 [ 14   5   5  11   2  80  16]
 [ 38  16  10  43   2  18  92]]

CRF
Classification_report:
             precision    recall  f1-score   support

          B       0.73      0.79      0.76       256
          C       0.53      0.45      0.49        40
          G       0.62      0.49      0.55        72
          M       0.34      0.27      0.30       104
          O       1.00      0.14      0.25         7
          P       0.74      0.63      0.68       133
          R       0.57      0.68      0.62       219

avg / total       0.62      0.62      0.62       831

CRF 2.0
Classification_report:
             precision    recall  f1-score   support

          B       0.93      0.87      0.90       256
          C       0.58      0.45      0.51        40
          G       0.81      0.72      0.76        72
          M       0.69      0.68      0.69       104
          O       0.00      0.00      0.00         7
          P       0.84      0.78      0.81       133
          R       0.68      0.83      0.75       219

avg / total       0.79      0.78      0.78       831
