SVM RBF
Classification_report:
             precision    recall  f1-score   support

          B       0.35      0.57      0.43        77
          C       0.00      0.00      0.00        20
          G       0.00      0.00      0.00        36
          M       0.00      0.00      0.00        45
          O       0.00      0.00      0.00         6
          P       0.00      0.00      0.00        65
          R       0.40      0.82      0.54       117

avg / total       0.20      0.38      0.26       366

[[44  0  0  0  0  0 33]
 [ 2  0  0  0  0  0 18]
 [15  0  0  0  0  0 21]
 [12  0  0  0  0  0 33]
 [ 0  0  0  0  0  0  6]
 [33  0  0  0  0  0 32]
 [21  0  0  0  0  0 96]]

SVM linear
Classification_report:
             precision    recall  f1-score   support

          B       0.52      0.58      0.55        77
          C       0.00      0.00      0.00        20
          G       0.44      0.19      0.27        36
          M       0.43      0.07      0.12        45
          O       0.00      0.00      0.00         6
          P       0.57      0.55      0.56        65
          R       0.47      0.78      0.59       117

avg / total       0.46      0.50      0.44       366

[[45  0  4  0  0  8 20]
 [ 1  0  0  0  0  3 16]
 [17  0  7  0  0  1 11]
 [ 3  0  1  3  0  6 32]
 [ 0  0  0  2  0  1  3]
 [ 8  0  1  0  0 36 20]
 [13  0  3  2  0  8 91]]

KNN
Classification_report:
             precision    recall  f1-score   support

          B       0.42      0.62      0.51        77
          C       0.04      0.05      0.04        20
          G       0.24      0.22      0.23        36
          M       0.11      0.09      0.10        45
          O       0.00      0.00      0.00         6
          P       0.55      0.46      0.50        65
          R       0.44      0.38      0.41       117

avg / total       0.37      0.37      0.36       366

[[48  1  6  6  0  7  9]
 [ 3  1  0  2  0  2 12]
 [17  1  8  2  0  4  4]
 [ 9  6  5  4  0  3 18]
 [ 1  0  1  1  0  1  2]
 [11  3  5  4  1 30 11]
 [24 16  9 16  0  8 44]]

NB
Classification_report:
             precision    recall  f1-score   support

          B       0.47      0.35      0.40        77
          C       0.29      0.20      0.24        20
          G       0.17      0.61      0.27        36
          M       0.33      0.29      0.31        45
          O       0.06      0.17      0.08         6
          P       0.65      0.65      0.65        65
          R       0.33      0.12      0.17       117

avg / total       0.39      0.34      0.33       366

[[27  0 31  2  3 10  4]
 [ 0  4  4  0  2  1  9]
 [ 9  0 22  3  0  0  2]
 [ 3  3 15 13  2  3  6]
 [ 0  0  0  0  1  0  5]
 [ 9  1  3  5  2 42  3]
 [ 9  6 55 16  8  9 14]]

DT
Classification_report:
             precision    recall  f1-score   support

          B       0.38      0.39      0.38        77
          C       0.10      0.10      0.10        20
          G       0.15      0.14      0.14        36
          M       0.27      0.22      0.24        45
          O       0.00      0.00      0.00         6
          P       0.61      0.66      0.64        65
          R       0.44      0.46      0.45       117

avg / total       0.38      0.39      0.39       366

[[30  3 10  6  0  8 20]
 [ 2  2  3  3  0  2  8]
 [12  2  5  3  0  1 13]
 [ 7  0  5 10  0  4 19]
 [ 0  1  0  0  0  3  2]
 [ 9  2  0  1  3 43  7]
 [20 10 10 14  0  9 54]]

CRF
Classification_report:
             precision    recall  f1-score   support

          B       0.54      0.57      0.55        77
          C       0.43      0.45      0.44        20
          G       0.37      0.31      0.33        36
          M       0.18      0.13      0.15        45
          O       0.00      0.00      0.00         6
          P       0.60      0.52      0.56        65
          R       0.57      0.69      0.63       117

avg / total       0.48      0.51      0.49       366

CRF 2.0
Classification_report:
             precision    recall  f1-score   support

          B       0.75      0.68      0.71        77
          C       0.29      0.25      0.27        20
          G       0.55      0.47      0.51        36
          M       0.36      0.33      0.34        45
          O       0.00      0.00      0.00         6
          P       0.61      0.55      0.58        65
          R       0.54      0.67      0.60       117

avg / total       0.55      0.55      0.55       366


SVM RBF
Classification_report:
             precision    recall  f1-score   support

          B       0.59      0.95      0.73       179
          C       0.00      0.00      0.00        20
          G       0.00      0.00      0.00        36
          M       0.00      0.00      0.00        59
          O       0.00      0.00      0.00         1
          P       0.00      0.00      0.00        68
          R       0.50      0.86      0.64       102

avg / total       0.34      0.55      0.42       465

[[170   0   0   0   0   1   8]
 [  0   0   0   0   0   0  20]
 [ 36   0   0   0   0   0   0]
 [  8   0   0   0   0   1  50]
 [  1   0   0   0   0   0   0]
 [ 59   0   0   0   0   0   9]
 [ 14   0   0   0   0   0  88]]

SVM linear
Classification_report:
             precision    recall  f1-score   support

          B       0.71      0.92      0.80       179
          C       0.22      0.10      0.14        20
          G       0.00      0.00      0.00        36
          M       0.47      0.27      0.34        59
          O       0.00      0.00      0.00         1
          P       0.75      0.49      0.59        68
          R       0.50      0.70      0.58       102

avg / total       0.56      0.62      0.57       465

[[165   1   1   1   0   5   6]
 [  0   2   0   0   0   0  18]
 [ 35   0   0   0   0   1   0]
 [  4   0   0  16   0   1  38]
 [  1   0   0   0   0   0   0]
 [ 22   1   1   2   0  33   9]
 [  7   5   0  15   0   4  71]]

KNN
Classification_report:
             precision    recall  f1-score   support

          B       0.67      0.80      0.73       179
          C       0.25      0.20      0.22        20
          G       0.33      0.33      0.33        36
          M       0.41      0.36      0.38        59
          O       0.00      0.00      0.00         1
          P       0.66      0.49      0.56        68
          R       0.50      0.48      0.49       102

avg / total       0.55      0.56      0.55       465

[[143   0  16   3   0   9   8]
 [  1   4   0   1   0   0  14]
 [ 18   0  12   0   0   6   0]
 [ 11   1   1  21   0   0  25]
 [  0   0   1   0   0   0   0]
 [ 20   2   6   5   0  33   2]
 [ 21   9   0  21   0   2  49]]

NB
Classification_report:
             precision    recall  f1-score   support

          B       0.53      0.17      0.26       179
          C       0.20      0.15      0.17        20
          G       0.17      0.67      0.27        36
          M       0.25      0.56      0.35        59
          O       0.00      0.00      0.00         1
          P       0.39      0.54      0.46        68
          R       0.23      0.06      0.09       102

avg / total       0.36      0.29      0.26       465

[[31  4 85 31  0 25  3]
 [ 4  3  2  5  0  2  4]
 [ 6  0 24  3  0  1  2]
 [ 2  2  6 33  0  9  7]
 [ 1  0  0  0  0  0  0]
 [ 4  1  3 19  0 37  4]
 [11  5 20 40  0 20  6]]

DT
Classification_report:
             precision    recall  f1-score   support

          B       0.73      0.73      0.73       179
          C       0.11      0.10      0.11        20
          G       0.38      0.39      0.38        36
          M       0.32      0.27      0.29        59
          O       0.00      0.00      0.00         1
          P       0.59      0.56      0.58        68
          R       0.42      0.48      0.45       102

avg / total       0.54      0.54      0.54       465

[[131   0  20   4   0  12  12]
 [  1   2   0   4   0   1  12]
 [ 20   0  14   0   0   0   2]
 [  5   4   0  16   0   5  29]
 [  0   0   0   0   0   0   1]
 [ 11   1   3   3   1  38  11]
 [ 11  11   0  23   0   8  49]]

CRF
Classification_report:
             precision    recall  f1-score   support

          B       0.87      0.96      0.91       179
          C       0.71      0.75      0.73        20
          G       0.81      0.61      0.70        36
          M       0.53      0.44      0.48        59
          O       0.00      0.00      0.00         1
          P       0.84      0.75      0.79        68
          R       0.64      0.69      0.66       102

avg / total       0.76      0.77      0.76       465

CRF 2.0
Classification_report:
             precision    recall  f1-score   support

          B       1.00      1.00      1.00       179
          C       0.47      0.35      0.40        20
          G       1.00      1.00      1.00        36
          M       0.95      0.92      0.93        59
          O       0.00      0.00      0.00         1
          P       0.95      0.93      0.94        68
          R       0.81      0.89      0.85       102

avg / total       0.92      0.92      0.92       465


SVM RBF
Classification_report:
             precision    recall  f1-score   support

          B       0.48      0.86      0.61       256
          C       0.00      0.00      0.00        40
          G       0.00      0.00      0.00        72
          M       0.00      0.00      0.00       104
          O       0.00      0.00      0.00         7
          P       0.00      0.00      0.00       133
          R       0.48      0.79      0.59       219

avg / total       0.27      0.47      0.34       831

[[220   0   0   0   0   1  35]
 [  4   0   0   0   0   0  36]
 [ 58   0   0   0   0   0  14]
 [ 33   0   0   0   0   2  69]
 [  4   0   0   0   0   0   3]
 [100   0   0   0   0   0  33]
 [ 44   0   0   0   0   3 172]]

SVM linear
Classification_report:
             precision    recall  f1-score   support

          B       0.59      0.82      0.69       256
          C       0.00      0.00      0.00        40
          G       0.60      0.04      0.08        72
          M       0.33      0.05      0.08       104
          O       0.00      0.00      0.00         7
          P       0.70      0.55      0.61       133
          R       0.48      0.76      0.59       219

avg / total       0.51      0.55      0.48       831

[[211   0   2   3   0   4  36]
 [  4   0   0   0   0   2  34]
 [ 60   0   3   0   0   0   9]
 [ 17   0   0   5   0  11  71]
 [  0   0   0   1   0   5   1]
 [ 30   0   0   1   0  73  29]
 [ 37   0   0   5   0  10 167]]

KNN
Classification_report:
             precision    recall  f1-score   support

          B       0.55      0.72      0.63       256
          C       0.16      0.15      0.15        40
          G       0.36      0.33      0.35        72
          M       0.28      0.23      0.25       104
          O       0.00      0.00      0.00         7
          P       0.63      0.49      0.55       133
          R       0.47      0.43      0.45       219

avg / total       0.47      0.48      0.47       831

[[185   1  24  10   0  12  24]
 [  5   6   1   5   0   3  20]
 [ 35   0  24   4   0   7   2]
 [ 22   6   6  24   0   6  40]
 [  1   1   2   1   0   1   1]
 [ 30   5   2  10   0  65  21]
 [ 57  19   7  32   1   9  94]]

NB
Classification_report:
             precision    recall  f1-score   support

          B       0.48      0.16      0.24       256
          C       0.12      0.33      0.17        40
          G       0.16      0.64      0.25        72
          M       0.27      0.37      0.31       104
          O       0.00      0.00      0.00         7
          P       0.57      0.47      0.52       133
          R       0.32      0.11      0.16       219

avg / total       0.38      0.27      0.27       831

[[ 42  23 124  34   3  21   9]
 [  2  13   9   2   2   4   8]
 [ 14   3  46   4   0   3   2]
 [  9   8  30  38   0   5  14]
 [  1   0   0   0   0   1   5]
 [  8  24   6  17   3  63  12]
 [ 12  38  78  45   8  14  24]]

DT
Classification_report:
             precision    recall  f1-score   support

          B       0.63      0.57      0.60       256
          C       0.08      0.07      0.08        40
          G       0.31      0.36      0.33        72
          M       0.26      0.29      0.28       104
          O       0.33      0.29      0.31         7
          P       0.63      0.59      0.61       133
          R       0.49      0.52      0.50       219

avg / total       0.49      0.48      0.48       831

[[146   8  27  24   1  18  32]
 [  2   3   6   6   0   7  16]
 [ 27   3  26   7   0   1   8]
 [ 14   3   7  30   0   8  42]
 [  0   1   0   1   2   1   2]
 [ 17   1   5   8   3  79  20]
 [ 25  17  13  38   0  12 114]]

CRF
Classification_report:
             precision    recall  f1-score   support

          B       0.72      0.81      0.76       256
          C       0.59      0.47      0.53        40
          G       0.62      0.49      0.55        72
          M       0.35      0.28      0.31       104
          O       1.00      0.29      0.44         7
          P       0.72      0.62      0.66       133
          R       0.57      0.67      0.62       219

avg / total       0.62      0.63      0.62       831

CRF 2.0
Classification_report:
             precision    recall  f1-score   support

          B       0.94      0.87      0.90       256
          C       0.52      0.40      0.45        40
          G       0.79      0.75      0.77        72
          M       0.65      0.67      0.66       104
          O       0.00      0.00      0.00         7
          P       0.85      0.78      0.81       133
          R       0.68      0.80      0.73       219

avg / total       0.78      0.77      0.77       831
