SVM RBF
Classification_report:
             precision    recall  f1-score   support
          B       0.53      0.36      0.43        77
          C       0.00      0.00      0.00        20
          G       0.00      0.00      0.00        36
          M       0.00      0.00      0.00        45
          O       0.00      0.00      0.00         6
          P       0.81      0.20      0.32        65
          R       0.38      0.96      0.54       117

avg / total       0.38      0.42      0.32       366

[[ 28   0   0   0   0   0  49]
 [  0   0   0   0   0   2  18]
 [ 13   0   0   0   0   0  23]
 [  1   0   0   0   0   0  44]
 [  0   0   0   0   0   0   6]
 [  7   0   0   0   0  13  45]
 [  4   0   0   0   0   1 112]]

SVM linear
Classification_report:
             precision    recall  f1-score   support
          B       0.48      0.53      0.50        77
          C       0.31      0.20      0.24        20
          G       0.29      0.28      0.29        36
          M       0.20      0.24      0.22        45
          O       1.00      0.17      0.29         6
          P       0.55      0.51      0.53        65
          R       0.51      0.50      0.51       117

avg / total       0.45      0.43      0.43       366

[[41  0 14  4  0 10  8]
 [ 2  4  1  2  0  2  9]
 [13  2 10  3  0  2  6]
 [ 5  0  2 11  0  3 24]
 [ 0  1  0  1  1  1  2]
 [10  2  6  6  0 33  8]
 [15  4  1 29  0  9 59]]

KNN
Classification_report:
             precision    recall  f1-score   support
          B       0.40      0.58      0.47        77
          C       0.38      0.25      0.30        20
          G       0.23      0.19      0.21        36
          M       0.16      0.16      0.16        45
          O       0.50      0.17      0.25         6
          P       0.43      0.40      0.41        65
          R       0.43      0.38      0.41       117

avg / total       0.37      0.37      0.36       366

[[45  0  3  5  0 14 10]
 [ 4  5  2  2  0  0  7]
 [12  3  7  0  0  4 10]
 [ 6  0  5  7  0  2 25]
 [ 1  0  1  1  1  1  1]
 [21  1  6  4  1 26  6]
 [24  4  6 24  0 14 45]]

NB
Classification_report:
             precision    recall  f1-score   support
          B       0.49      0.49      0.49        77
          C       0.71      0.25      0.37        20
          G       0.56      0.39      0.46        36
          M       0.42      0.40      0.41        45
          O       0.00      0.00      0.00         6
          P       0.42      0.49      0.45        65
          R       0.55      0.62      0.58       117

avg / total       0.50      0.49      0.49       366

[[38  0  7  0  2 14 16]
 [ 1  5  1  0  0  1 12]
 [14  1 14  0  0  5  2]
 [ 4  0  0 18  0  8 15]
 [ 0  0  0  0  0  0  6]
 [15  0  2  7  1 32  8]
 [ 6  1  1 18  3 16 72]]

DT
Classification_report:
             precision    recall  f1-score   support
          B       0.46      0.48      0.47        77
          C       0.27      0.20      0.23        20
          G       0.17      0.17      0.17        36
          M       0.10      0.11      0.10        45
          O       0.00      0.00      0.00         6
          P       0.66      0.69      0.68        65
          R       0.42      0.39      0.41       117

avg / total       0.39      0.39      0.39       366

[[37  0 11  5  1  7 16]
 [ 2  4  5  2  0  3  4]
 [11  4  6  3  0  0 12]
 [ 7  0  5  5  1  3 24]
 [ 0  0  0  0  0  4  2]
 [ 3  1  1  5  5 45  5]
 [20  6  8 31  0  6 46]]

CRF
Classification_report:
             precision    recall  f1-score   support
          B      0.577     0.532     0.554        77
          C      0.400     0.500     0.444        20
          G      0.143     0.056     0.080        36
          M      0.200     0.067     0.100        45
          O      0.000     0.000     0.000         6
          P      0.558     0.446     0.496        65
          R      0.519     0.838     0.641       117

avg / total      0.447     0.500     0.454       366
