SVM RBF
Classification_report:
             precision    recall  f1-score   support
          B       0.71      0.06      0.12        77
          C       0.00      0.00      0.00        20
          G       0.00      0.00      0.00        36
          M       0.00      0.00      0.00        45
          O       0.00      0.00      0.00         6
          P       1.00      0.02      0.03        65
          R       0.32      0.98      0.48       117

avg / total       0.43      0.33      0.19       366

[[  5   0   0   0   0   0  72]
 [  0   0   0   0   0   0  20]
 [  0   0   0   0   0   0  36]
 [  0   0   0   0   0   0  45]
 [  0   0   0   0   0   0   6]
 [  0   0   0   0   0   1  64]
 [  2   0   0   0   0   0 115]]

SVM linear
Classification_report:
             precision    recall  f1-score   support
          B       0.39      0.45      0.42        77
          C       0.11      0.15      0.13        20
          G       0.26      0.25      0.26        36
          M       0.23      0.31      0.26        45
          O       0.50      0.33      0.40         6
          P       0.38      0.31      0.34        65
          R       0.40      0.33      0.36       117

avg / total       0.35      0.33      0.34       366

[[35  8  8  6  0  6 14]
 [ 5  3  2  1  0  4  5]
 [15  2  9  2  0  4  4]
 [ 6  1  2 14  0  3 19]
 [ 0  0  0  0  2  3  1]
 [ 9  2  6 12  1 20 15]
 [19 11  7 27  1 13 39]]

KNN
Classification_report:
             precision    recall  f1-score   support
          B       0.25      0.36      0.30        77
          C       0.18      0.15      0.16        20
          G       0.30      0.22      0.25        36
          M       0.22      0.29      0.25        45
          O       0.33      0.17      0.22         6
          P       0.30      0.26      0.28        65
          R       0.40      0.31      0.35       117

avg / total       0.30      0.29      0.29       366

[[28  4  6  7  0 12 20]
 [ 8  3  2  2  0  2  3]
 [14  4  8  3  0  2  5]
 [ 7  0  0 13  1  6 18]
 [ 0  0  1  1  1  2  1]
 [20  2  4 13  1 17  8]
 [35  4  6 20  0 16 36]]

NB
Classification_report:
             precision    recall  f1-score   support
          B       0.33      0.18      0.24        77
          C       0.09      0.15      0.11        20
          G       0.21      0.11      0.15        36
          M       0.14      0.16      0.15        45
          O       0.00      0.00      0.00         6
          P       0.22      0.18      0.20        65
          R       0.37      0.51      0.43       117

avg / total       0.27      0.27      0.26       366

[[14  6  7 13  0  7 30]
 [ 1  3  3  1  0  4  8]
 [ 6  5  4  2  0  5 14]
 [ 6  3  0  7  0  5 24]
 [ 0  0  0  1  0  2  3]
 [ 5 12  2  8  2 12 24]
 [10  4  3 19  1 20 60]]

DT
Classification_report:
             precision    recall  f1-score   support
          B       0.29      0.31      0.30        77
          C       0.04      0.05      0.04        20
          G       0.18      0.19      0.19        36
          M       0.16      0.13      0.14        45
          O       0.00      0.00      0.00         6
          P       0.22      0.23      0.23        65
          R       0.40      0.36      0.38       117

avg / total       0.27      0.26      0.26       366

[[24  4  7  9  3 14 16]
 [ 9  1  3  1  0  3  3]
 [ 5  4  7  3  0  8  9]
 [ 9  3  3  6  0  8 16]
 [ 0  0  0  0  0  3  3]
 [15  7  4  7  0 15 17]
 [22  7 15 12  3 16 42]]
