SVM RBF
Classification_report:
             precision    recall  f1-score   support
          B       0.45      0.93      0.61       179
          C       0.00      0.00      0.00        20
          G       0.00      0.00      0.00        36
          M       0.75      0.05      0.10        59
          O       0.00      0.00      0.00         1
          P       0.90      0.28      0.43        68
          R       0.30      0.21      0.25       103

avg / total       0.47      0.45      0.36       466

[[167   0   0   0   0   1  11]
 [ 17   0   0   0   0   0   3]
 [ 34   0   0   0   0   0   2]
 [ 35   0   0   3   0   0  21]
 [  0   0   0   0   0   0   1]
 [ 36   0   0   0   0  19  13]
 [ 79   0   0   1   0   1  22]]

SVM linear
Classification_report:
             precision    recall  f1-score   support
          B       0.54      0.64      0.59       179
          C       0.00      0.00      0.00        20
          G       0.31      0.22      0.26        36
          M       0.33      0.34      0.33        59
          O       0.00      0.00      0.00         1
          P       0.50      0.46      0.48        68
          R       0.45      0.41      0.43       103

avg / total       0.44      0.46      0.45       466

[[115   5  14  17   0  11  17]
 [ 10   0   1   1   0   2   6]
 [ 24   0   8   1   0   0   3]
 [ 16   2   0  20   0   6  15]
 [  0   0   0   0   0   0   1]
 [ 22   0   1   4   0  31  10]
 [ 26   3   2  18   0  12  42]]

KNN
Classification_report:
             precision    recall  f1-score   support
          B       0.48      0.65      0.55       179
          C       0.04      0.05      0.05        20
          G       0.22      0.17      0.19        36
          M       0.21      0.15      0.18        59
          O       0.00      0.00      0.00         1
          P       0.45      0.35      0.40        68
          R       0.19      0.14      0.16       103

avg / total       0.34      0.37      0.34       466

[[117  10  10  11   0   7  24]
 [ 12   1   1   1   0   1   4]
 [ 21   4   6   1   0   3   1]
 [ 22   2   5   9   0   5  16]
 [  0   0   0   0   0   0   1]
 [ 22   3   1   3   0  24  15]
 [ 51   3   4  18   0  13  14]]

NB
Classification_report:
             precision    recall  f1-score   support
          B       0.48      0.47      0.48       179
          C       0.15      0.10      0.12        20
          G       0.25      0.22      0.24        36
          M       0.23      0.47      0.31        59
          O       0.00      0.00      0.00         1
          P       0.25      0.25      0.25        68
          R       0.27      0.15      0.19       103

avg / total       0.34      0.33      0.32       466

[[85  4 16 37  0 19 18]
 [ 9  2  1  3  0  4  1]
 [15  0  8  5  0  4  4]
 [13  1  3 28  0  6  8]
 [ 0  0  0  0  0  0  1]
 [26  2  1 14  0 17  8]
 [29  4  3 34  0 18 15]]

DT
Classification_report:
             precision    recall  f1-score   support
          B       0.45      0.44      0.45       179
          C       0.07      0.10      0.09        20
          G       0.11      0.14      0.12        36
          M       0.21      0.22      0.21        59
          O       0.00      0.00      0.00         1
          P       0.30      0.28      0.29        68
          R       0.25      0.22      0.24       103

avg / total       0.31      0.30      0.31       466

[[79  9 15 21  2 17 36]
 [ 7  2  2  2  0  4  3]
 [18  1  5  5  0  1  6]
 [17  4  6 13  0  9 10]
 [ 1  0  0  0  0  0  0]
 [21  5  3  7  0 19 13]
 [32  6 13 15  0 14 23]]
