SVM RBF
Classification_report:
             precision    recall  f1-score   support
          B       0.40      0.99      0.57       179
          C       0.00      0.00      0.00        20
          G       0.00      0.00      0.00        36
          M       0.00      0.00      0.00        59
          O       0.00      0.00      0.00         1
          P       0.70      0.10      0.18        68
          R       0.00      0.00      0.00       103

avg / total       0.25      0.39      0.24       466

[[177   0   0   0   0   0   2]
 [ 19   0   0   0   0   1   0]
 [ 36   0   0   0   0   0   0]
 [ 55   0   0   0   0   0   4]
 [  1   0   0   0   0   0   0]
 [ 59   0   0   0   0   7   2]
 [100   0   0   1   0   2   0]]

SVM linear
Classification_report:
             precision    recall  f1-score   support
          B       0.52      0.56      0.54       179
          C       0.11      0.10      0.11        20
          G       0.17      0.17      0.17        36
          M       0.25      0.29      0.27        59
          O       0.00      0.00      0.00         1
          P       0.44      0.40      0.42        68
          R       0.30      0.26      0.28       103

avg / total       0.38      0.38      0.38       466

[[100  10  19  13   0  12  25]
 [  9   2   0   2   0   3   4]
 [ 22   1   6   2   0   3   2]
 [ 15   0   3  17   0   3  21]
 [  0   0   0   0   0   1   0]
 [ 20   2   1   8   0  27  10]
 [ 28   3   7  26   0  12  27]]

KNN
Classification_report:
             precision    recall  f1-score   support
          B       0.47      0.69      0.56       179
          C       0.05      0.05      0.05        20
          G       0.19      0.14      0.16        36
          M       0.33      0.22      0.27        59
          O       0.00      0.00      0.00         1
          P       0.36      0.24      0.28        68
          R       0.26      0.17      0.21       103

avg / total       0.35      0.38      0.35       466

[[124   8  11   8   0   9  19]
 [ 14   1   0   0   0   0   5]
 [ 23   2   5   0   0   3   3]
 [ 29   1   1  13   0   5  10]
 [  0   1   0   0   0   0   0]
 [ 25   5   2   5   0  16  15]
 [ 51   2   7  13   0  12  18]]

NB
Classification_report:
             precision    recall  f1-score   support
          B       0.48      0.41      0.44       179
          C       0.05      0.05      0.05        20
          G       0.16      0.22      0.19        36
          M       0.24      0.54      0.33        59
          O       0.00      0.00      0.00         1
          P       0.30      0.21      0.24        68
          R       0.25      0.16      0.19       103

avg / total       0.33      0.31      0.31       466

[[73  8 27 38  0 11 22]
 [ 9  1  1  3  0  3  3]
 [13  1  8  5  0  2  7]
 [11  2  4 32  0  4  6]
 [ 0  0  0  0  0  0  1]
 [21  4  4 15  0 14 10]
 [24  3  6 41  0 13 16]]

DT
Classification_report:
             precision    recall  f1-score   support
          B       0.34      0.32      0.33       179
          C       0.04      0.05      0.04        20
          G       0.09      0.08      0.09        36
          M       0.17      0.19      0.18        59
          O       0.00      0.00      0.00         1
          P       0.19      0.19      0.19        68
          R       0.25      0.25      0.25       103

avg / total       0.24      0.24      0.24       466

[[58 10 17 23  0 29 42]
 [11  1  1  1  0  5  1]
 [16  2  3  5  0  4  6]
 [20  1  4 11  0  9 14]
 [ 0  0  0  0  0  0  1]
 [21  7  4  8  0 13 15]
 [44  4  5 15  0  9 26]]
