SVM RBF
Classification_report:
             precision    recall  f1-score   support
          B       0.39      0.99      0.56       179
          C       0.00      0.00      0.00        20
          G       0.00      0.00      0.00        36
          M       0.00      0.00      0.00        59
          O       0.00      0.00      0.00         1
          P       0.83      0.07      0.14        68
          R       0.00      0.00      0.00       103

avg / total       0.27      0.39      0.23       466

[[178   0   0   0   0   0   1]
 [ 20   0   0   0   0   0   0]
 [ 36   0   0   0   0   0   0]
 [ 59   0   0   0   0   0   0]
 [  1   0   0   0   0   0   0]
 [ 62   0   0   0   0   5   1]
 [102   0   0   0   0   1   0]]

SVM linear
Classification_report:
             precision    recall  f1-score   support
          B       0.47      0.56      0.51       179
          C       0.12      0.10      0.11        20
          G       0.21      0.17      0.19        36
          M       0.18      0.20      0.19        59
          O       0.00      0.00      0.00         1
          P       0.40      0.40      0.40        68
          R       0.24      0.17      0.20       103

avg / total       0.34      0.36      0.34       466

[[101   7  18  15   0  15  23]
 [ 10   2   1   0   0   3   4]
 [ 21   2   6   2   0   2   3]
 [ 21   1   2  12   0   7  16]
 [  0   0   0   0   0   1   0]
 [ 20   2   0   9   0  27  10]
 [ 41   2   1  28   0  13  18]]

KNN
Classification_report:
             precision    recall  f1-score   support
          B       0.47      0.73      0.57       179
          C       0.05      0.05      0.05        20
          G       0.13      0.11      0.12        36
          M       0.24      0.17      0.20        59
          O       0.00      0.00      0.00         1
          P       0.33      0.16      0.22        68
          R       0.16      0.10      0.12       103

avg / total       0.31      0.36      0.32       466

[[131   6   9   8   0   9  16]
 [ 14   1   0   1   0   0   4]
 [ 18   1   4   0   0   3  10]
 [ 26   2   6  10   0   4  11]
 [  1   0   0   0   0   0   0]
 [ 31   3   5   5   0  11  13]
 [ 57   7   6  17   0   6  10]]

NB
Classification_report:
             precision    recall  f1-score   support
          B       0.45      0.48      0.47       179
          C       0.12      0.10      0.11        20
          G       0.18      0.25      0.21        36
          M       0.22      0.41      0.28        59
          O       0.00      0.00      0.00         1
          P       0.21      0.16      0.18        68
          R       0.29      0.14      0.19       103

avg / total       0.32      0.31      0.30       466

[[86  5 25 31  0 17 15]
 [10  2  1  2  0  3  2]
 [16  0  9  5  0  3  3]
 [16  3  6 24  0  4  6]
 [ 0  0  0  0  0  0  1]
 [28  5  3 14  0 11  7]
 [34  2  5 34  0 14 14]]

DT
Classification_report:
             precision    recall  f1-score   support
          B       0.46      0.42      0.44       179
          C       0.00      0.00      0.00        20
          G       0.12      0.11      0.12        36
          M       0.11      0.14      0.12        59
          O       0.00      0.00      0.00         1
          P       0.17      0.18      0.17        68
          R       0.19      0.18      0.19       103

avg / total       0.27      0.25      0.26       466

[[75 10 12 21  1 26 34]
 [ 5  0  0  3  0  3  9]
 [11  1  4  5  0  7  8]
 [17  0  3  8  0 11 20]
 [ 0  0  0  1  0  0  0]
 [26  5  6  8  0 12 11]
 [29  8  7 26  1 13 19]]
