SVM RBF
Classification_report:
             precision    recall  f1-score   support
          B       0.44      0.79      0.57       256
          C       0.00      0.00      0.00        40
          G       0.00      0.00      0.00        72
          M       0.50      0.02      0.04       104
          O       0.00      0.00      0.00         7
          P       0.78      0.38      0.51       133
          R       0.41      0.57      0.48       220

avg / total       0.43      0.46      0.39       832

[[203   0   0   0   0   1  52]
 [ 22   0   0   0   0   2  16]
 [ 64   0   0   0   0   0   8]
 [ 30   0   0   2   0   3  69]
 [  0   0   0   0   0   3   4]
 [ 54   0   0   0   0  50  29]
 [ 88   0   0   2   0   5 125]]

SVM linear
Classification_report:
             precision    recall  f1-score   support
          B       0.49      0.58      0.53       256
          C       0.10      0.07      0.08        40
          G       0.35      0.31      0.33        72
          M       0.26      0.27      0.27       104
          O       0.20      0.14      0.17         7
          P       0.57      0.56      0.57       133
          R       0.40      0.35      0.37       220

avg / total       0.42      0.43      0.42       832

[[148   9  27  21   0  14  37]
 [ 16   3   0   1   1   6  13]
 [ 39   3  22   1   0   2   5]
 [ 22   2   3  28   0  10  39]
 [  0   1   0   0   1   2   3]
 [ 22   4   3   8   1  75  20]
 [ 56   9   7  47   2  22  77]]

KNN
Classification_report:
             precision    recall  f1-score   support
          B       0.42      0.52      0.46       256
          C       0.11      0.12      0.12        40
          G       0.14      0.12      0.13        72
          M       0.22      0.17      0.19       104
          O       1.00      0.29      0.44         7
          P       0.50      0.44      0.46       133
          R       0.34      0.30      0.32       220

avg / total       0.35      0.35      0.35       832

[[134  13  24  17   0  17  51]
 [ 14   5   2   3   0   2  14]
 [ 40   3   9   1   0   6  13]
 [ 31   6   6  18   0   4  39]
 [  1   0   0   0   2   3   1]
 [ 34   8   7  13   0  58  13]
 [ 68  11  17  30   0  27  67]]

NB
Classification_report:
             precision    recall  f1-score   support
          B       0.44      0.38      0.40       256
          C       0.08      0.15      0.10        40
          G       0.21      0.24      0.22        72
          M       0.17      0.48      0.26       104
          O       0.00      0.00      0.00         7
          P       0.38      0.20      0.26       133
          R       0.34      0.15      0.20       220

avg / total       0.33      0.27      0.28       832

[[96 22 31 73  0 10 24]
 [12  6  5  7  0  5  5]
 [31  8 17 12  0  1  3]
 [22  3  6 50  0  9 14]
 [ 1  0  0  2  0  2  2]
 [17 19  9 46  0 27 15]
 [41 20 12 97  1 17 32]]

DT
Classification_report:
             precision    recall  f1-score   support
          B       0.35      0.35      0.35       256
          C       0.09      0.12      0.11        40
          G       0.10      0.11      0.11        72
          M       0.18      0.18      0.18       104
          O       0.00      0.00      0.00         7
          P       0.30      0.26      0.28       133
          R       0.31      0.30      0.31       220

avg / total       0.27      0.27      0.27       832

[[90 14 31 34  4 20 63]
 [13  5  5  2  0  9  6]
 [34  7  8  4  0  9 10]
 [29  4  9 19  1 15 27]
 [ 2  1  0  1  0  1  2]
 [26  3 10 19  3 34 38]
 [62 19 16 29  2 25 67]]
