SVM RBF
Classification_report:
             precision    recall  f1-score   support
          B       0.38      0.82      0.52       256
          C       0.00      0.00      0.00        40
          G       0.00      0.00      0.00        72
          M       0.00      0.00      0.00       104
          O       0.00      0.00      0.00         7
          P       0.77      0.20      0.32       133
          R       0.38      0.42      0.40       220

avg / total       0.34      0.40      0.32       832

[[209   0   0   0   0   1  46]
 [ 30   0   0   0   0   0  10]
 [ 65   0   0   0   0   0   7]
 [ 44   0   0   0   0   2  58]
 [  3   0   0   0   0   0   4]
 [ 80   0   0   0   0  27  26]
 [121   0   0   1   0   5  93]]

SVM linear
Classification_report:
             precision    recall  f1-score   support
          B       0.48      0.54      0.51       256
          C       0.04      0.05      0.05        40
          G       0.25      0.26      0.26        72
          M       0.23      0.29      0.26       104
          O       0.20      0.14      0.17         7
          P       0.56      0.50      0.53       133
          R       0.43      0.33      0.37       220

avg / total       0.41      0.39      0.40       832

[[137  13  36  24   0  12  34]
 [ 18   2   2   2   1   6   9]
 [ 34   5  19   6   0   2   6]
 [ 26   4   5  30   0  11  28]
 [  0   1   0   1   1   2   2]
 [ 19   6   7  17   0  66  18]
 [ 52  17   7  50   3  18  73]]

KNN
Classification_report:
             precision    recall  f1-score   support
          B       0.44      0.61      0.51       256
          C       0.05      0.05      0.05        40
          G       0.18      0.12      0.15        72
          M       0.25      0.20      0.22       104
          O       0.50      0.14      0.22         7
          P       0.43      0.39      0.41       133
          R       0.35      0.29      0.32       220

avg / total       0.35      0.37      0.35       832

[[157   7  14  13   0  23  42]
 [ 14   2   2   6   0   2  14]
 [ 40   5   9   2   0   5  11]
 [ 32   6   4  21   1  11  29]
 [  2   0   0   1   1   1   2]
 [ 39   6   4  15   0  52  17]
 [ 72  15  16  27   0  27  63]]

NB
Classification_report:
             precision    recall  f1-score   support
          B       0.46      0.43      0.44       256
          C       0.09      0.17      0.12        40
          G       0.26      0.28      0.27        72
          M       0.18      0.45      0.26       104
          O       0.00      0.00      0.00         7
          P       0.33      0.14      0.20       133
          R       0.32      0.17      0.22       220

avg / total       0.33      0.29      0.29       832

[[110  20  29  62   0   9  26]
 [ 15   7   4   4   0   4   6]
 [ 31   5  20  10   0   0   6]
 [ 16   2   7  47   1   9  22]
 [  0   0   0   3   0   1   3]
 [ 23  21   9  44   1  19  16]
 [ 45  22   9  89   2  16  37]]

DT
Classification_report:
             precision    recall  f1-score   support
          B       0.35      0.34      0.35       256
          C       0.05      0.05      0.05        40
          G       0.18      0.21      0.19        72
          M       0.20      0.20      0.20       104
          O       0.00      0.00      0.00         7
          P       0.26      0.25      0.25       133
          R       0.27      0.26      0.27       220

avg / total       0.26      0.26      0.26       832

[[88 15 31 26  0 38 58]
 [ 9  2  4  4  0  6 15]
 [27  5 15  5  0  5 15]
 [27  4 11 21  0  7 34]
 [ 0  0  1  4  0  1  1]
 [38  5  5 13  3 33 36]
 [64 12 17 31  2 36 58]]
