SVM RBF
Classification_report:
             precision    recall  f1-score   support
          B       0.55      0.40      0.47        77
          C       0.00      0.00      0.00        20
          G       0.00      0.00      0.00        36
          M       0.00      0.00      0.00        45
          O       0.00      0.00      0.00         6
          P       0.56      0.29      0.38        65
          R       0.39      0.91      0.55       117

avg / total       0.34      0.43      0.34       366

[[ 31   0   0   0   0   3  43]
 [  1   0   0   0   0   3  16]
 [ 15   2   0   0   0   2  17]
 [  1   0   0   0   0   1  43]
 [  0   0   0   0   0   0   6]
 [  4   0   0   0   0  19  42]
 [  4   0   0   0   0   6 107]]

SVM linear
Classification_report:
             precision    recall  f1-score   support
          B       0.53      0.61      0.57        77
          C       0.17      0.25      0.20        20
          G       0.38      0.31      0.34        36
          M       0.25      0.31      0.28        45
          O       1.00      0.33      0.50         6
          P       0.53      0.51      0.52        65
          R       0.50      0.43      0.46       117

avg / total       0.46      0.44      0.45       366

[[47  4  9  3  0  7  7]
 [ 2  5  0  2  0  2  9]
 [13  3 11  0  0  3  6]
 [ 3  1  2 14  0  6 19]
 [ 0  0  0  0  2  1  3]
 [10  3  3  9  0 33  7]
 [13 13  4 27  0 10 50]]

KNN
Classification_report:
             precision    recall  f1-score   support
          B       0.34      0.52      0.41        77
          C       0.08      0.10      0.09        20
          G       0.10      0.11      0.11        36
          M       0.21      0.20      0.20        45
          O       0.33      0.17      0.22         6
          P       0.39      0.32      0.35        65
          R       0.42      0.31      0.36       117

avg / total       0.32      0.31      0.31       366

[[40  4  9  6  0  8 10]
 [ 6  2  4  1  0  2  5]
 [16  4  4  0  1  6  5]
 [ 6  4  2  9  0  3 21]
 [ 1  0  2  0  1  1  1]
 [20  3  6  7  1 21  7]
 [29  7 12 20  0 13 36]]

NB
Classification_report:
             precision    recall  f1-score   support
          B       0.49      0.49      0.49        77
          C       0.71      0.25      0.37        20
          G       0.56      0.39      0.46        36
          M       0.42      0.40      0.41        45
          O       0.00      0.00      0.00         6
          P       0.42      0.49      0.45        65
          R       0.55      0.62      0.58       117

avg / total       0.50      0.49      0.49       366

[[38  0  7  0  2 14 16]
 [ 1  5  1  0  0  1 12]
 [14  1 14  0  0  5  2]
 [ 4  0  0 18  0  8 15]
 [ 0  0  0  0  0  0  6]
 [15  0  2  7  1 32  8]
 [ 6  1  1 18  3 16 72]]

DT
Classification_report:
             precision    recall  f1-score   support
          B       0.53      0.55      0.54        77
          C       0.00      0.00      0.00        20
          G       0.31      0.36      0.33        36
          M       0.21      0.24      0.23        45
          O       0.33      0.17      0.22         6
          P       0.62      0.55      0.59        65
          R       0.45      0.46      0.46       117

avg / total       0.43      0.43      0.43       366

[[42  3  6  9  0  4 13]
 [ 1  0  3  3  0  1 12]
 [ 9  2 13  2  0  3  7]
 [ 5  0  4 11  0  1 24]
 [ 0  0  1  0  1  3  1]
 [ 6  1  4  7  2 36  9]
 [16  6 11 20  0 10 54]]

CRF
Classification_report:
             precision    recall  f1-score   support
          B      0.526     0.532     0.529        77
          C      0.320     0.400     0.356        20
          G      0.176     0.083     0.113        36
          M      0.200     0.067     0.100        45
          O      0.000     0.000     0.000         6
          P      0.528     0.431     0.475        65
          R      0.511     0.778     0.617       117

avg / total      0.427     0.475     0.436       366
