SVM RBF
Classification_report:
             precision    recall  f1-score   support
          B       0.46      0.94      0.61       179
          C       0.00      0.00      0.00        20
          G       0.00      0.00      0.00        36
          M       0.00      0.00      0.00        59
          O       0.00      0.00      0.00         1
          P       0.60      0.04      0.08        68
          R       0.40      0.36      0.38       103

avg / total       0.35      0.45      0.33       466

[[168   0   0   0   0   0  11]
 [ 10   0   0   0   0   0  10]
 [ 36   0   0   0   0   0   0]
 [ 38   0   0   0   0   1  20]
 [  1   0   0   0   0   0   0]
 [ 50   0   0   0   0   3  15]
 [ 65   0   0   0   0   1  37]]

SVM linear
Classification_report:
             precision    recall  f1-score   support
          B       0.52      0.58      0.54       179
          C       0.14      0.15      0.15        20
          G       0.19      0.19      0.19        36
          M       0.22      0.29      0.25        59
          O       0.00      0.00      0.00         1
          P       0.40      0.34      0.37        68
          R       0.28      0.20      0.24       103

avg / total       0.37      0.37      0.37       466

[[103   6  22  18   0  12  18]
 [  8   3   0   2   0   4   3]
 [ 23   1   7   2   0   2   1]
 [ 15   3   2  17   0   3  19]
 [  0   0   0   0   0   1   0]
 [ 22   2   1   7   0  23  13]
 [ 28   6   5  30   0  13  21]]

KNN
Classification_report:
             precision    recall  f1-score   support
          B       0.47      0.72      0.57       179
          C       0.00      0.00      0.00        20
          G       0.11      0.08      0.10        36
          M       0.15      0.10      0.12        59
          O       0.00      0.00      0.00         1
          P       0.43      0.32      0.37        68
          R       0.35      0.19      0.25       103

avg / total       0.35      0.38      0.35       466

[[128   4  14   9   0  15   9]
 [ 11   0   0   2   0   2   5]
 [ 27   1   3   0   0   3   2]
 [ 34   5   3   6   0   0  11]
 [  1   0   0   0   0   0   0]
 [ 25   3   2   6   0  22  10]
 [ 45   7   5  17   0   9  20]]

NB
Classification_report:
             precision    recall  f1-score   support
          B       0.57      0.49      0.53       179
          C       0.00      0.00      0.00        20
          G       0.18      0.11      0.14        36
          M       0.32      0.39      0.35        59
          O       0.00      0.00      0.00         1
          P       0.39      0.53      0.45        68
          R       0.45      0.48      0.46       103

avg / total       0.43      0.43      0.43       466

[[88  5 18 21  0 29 18]
 [ 8  0  0  5  0  1  6]
 [18  2  4  2  0  4  6]
 [ 9  1  0 23  0  9 17]
 [ 1  0  0  0  0  0  0]
 [13  2  0  4  0 36 13]
 [17  5  0 18  0 14 49]]

DT
Classification_report:
             precision    recall  f1-score   support
          B       0.43      0.42      0.43       179
          C       0.20      0.15      0.17        20
          G       0.19      0.17      0.18        36
          M       0.19      0.20      0.20        59
          O       0.00      0.00      0.00         1
          P       0.44      0.49      0.46        68
          R       0.37      0.39      0.38       103

avg / total       0.36      0.36      0.36       466

[[76  6 17 28  0 18 34]
 [12  3  0  1  0  4  0]
 [20  1  6  3  0  1  5]
 [21  3  1 12  0  5 17]
 [ 0  0  0  1  0  0  0]
 [13  1  3  7  0 33 11]
 [33  1  4 11  0 14 40]]

CRF
Classification_report:
             precision    recall  f1-score   support
          B      0.622     0.799     0.699       179
          C      0.600     0.600     0.600        20
          G      0.312     0.139     0.192        36
          M      0.317     0.220     0.260        59
          O      0.000     0.000     0.000         1
          P      0.510     0.382     0.437        68
          R      0.435     0.456     0.445       103

avg / total      0.499     0.528     0.504       466
