Reading  corpus/output366.json
SVM RBF
Classification_report:
             precision    recall  f1-score   support

          B       0.51      0.55      0.53        77
          C       0.38      0.15      0.21        20
          G       0.41      0.25      0.31        36
          M       0.29      0.18      0.22        45
          O       0.00      0.00      0.00         6
          P       0.62      0.63      0.63        65
          R       0.50      0.68      0.58       117

avg / total       0.47      0.50      0.48       366

[[42  0  8  4  0  5 18]
 [ 1  3  0  1  0  2 13]
 [18  0  9  0  0  1  8]
 [ 4  0  0  8  0  5 28]
 [ 0  0  0  1  0  3  2]
 [11  0  1  1  0 41 11]
 [ 6  5  4 13  0  9 80]]

SVM linear
Classification_report:
             precision    recall  f1-score   support

          B       0.51      0.52      0.52        77
          C       0.36      0.25      0.29        20
          G       0.47      0.47      0.47        36
          M       0.20      0.20      0.20        45
          O       0.00      0.00      0.00         6
          P       0.63      0.62      0.62        65
          R       0.50      0.55      0.52       117

avg / total       0.47      0.48      0.47       366

[[40  1 11  5  0  6 14]
 [ 1  5  0  2  0  0 12]
 [12  0 17  1  0  0  6]
 [ 4  0  3  9  0  6 23]
 [ 0  0  0  1  0  3  2]
 [ 8  1  2  6  0 40  8]
 [13  7  3 22  0  8 64]]

Reading  corpus/output466.json
SVM RBF
Classification_report:
             precision    recall  f1-score   support

          B       0.79      0.87      0.83       179
          C       0.33      0.20      0.25        20
          G       0.50      0.33      0.40        36
          M       0.46      0.41      0.43        59
          O       0.00      0.00      0.00         1
          P       0.75      0.63      0.69        68
          R       0.52      0.63      0.57       102

avg / total       0.64      0.65      0.64       465

[[156   1  12   1   0   3   6]
 [  0   4   0   2   0   0  14]
 [ 22   0  12   0   0   2   0]
 [  4   1   0  24   0   1  29]
 [  0   0   0   0   0   1   0]
 [ 11   2   0   3   0  43   9]
 [  5   4   0  22   0   7  64]]

SVM linear
Classification_report:
             precision    recall  f1-score   support

          B       0.75      0.82      0.78       179
          C       0.47      0.35      0.40        20
          G       0.41      0.33      0.37        36
          M       0.49      0.46      0.47        59
          O       0.00      0.00      0.00         1
          P       0.68      0.65      0.66        68
          R       0.57      0.59      0.58       102

avg / total       0.63      0.64      0.63       465

[[147   1  17   3   0   7   4]
 [  0   7   0   2   0   1  10]
 [ 23   0  12   1   0   0   0]
 [  5   1   0  27   0   3  23]
 [  0   0   0   0   0   1   0]
 [ 12   2   0   2   0  44   8]
 [  9   4   0  20   0   9  60]]

Reading  corpus/output832.json
SVM RBF
Classification_report:
             precision    recall  f1-score   support

          B       0.66      0.79      0.72       256
          C       0.50      0.23      0.31        40
          G       0.54      0.39      0.45        72
          M       0.27      0.18      0.22       104
          O       0.00      0.00      0.00         7
          P       0.66      0.59      0.63       133
          R       0.50      0.61      0.55       219

avg / total       0.55      0.57      0.55       831

[[201   0  18   7   0   8  22]
 [  3   9   0   2   0   3  23]
 [ 36   0  28   0   0   2   6]
 [ 17   1   3  19   0   6  58]
 [  0   0   0   1   0   3   3]
 [ 20   3   2   7   0  79  22]
 [ 27   5   1  34   0  18 134]]

SVM linear
Classification_report:
             precision    recall  f1-score   support

          B       0.62      0.64      0.63       256
          C       0.33      0.33      0.33        40
          G       0.40      0.42      0.41        72
          M       0.30      0.36      0.33       104
          O       1.00      0.14      0.25         7
          P       0.62      0.58      0.60       133
          R       0.49      0.46      0.48       219

avg / total       0.52      0.51      0.51       831

[[163   2  38  19   0  14  20]
 [  3  13   0   3   0   4  17]
 [ 32   2  30   2   0   1   5]
 [ 16   2   4  37   0   5  40]
 [  0   0   0   0   1   3   3]
 [ 22   5   2   8   0  77  19]
 [ 29  15   1  53   0  20 101]]
