Reading  corpus/output366.json
SVM RBF
Classification_report:
             precision    recall  f1-score   support

          B       0.55      0.61      0.58        77
          C       0.67      0.10      0.17        20
          G       0.39      0.19      0.26        36
          M       0.32      0.18      0.23        45
          O       0.00      0.00      0.00         6
          P       0.75      0.68      0.71        65
          R       0.49      0.74      0.59       117

avg / total       0.52      0.53      0.50       366

[[47  0  6  3  0  3 18]
 [ 2  2  0  0  0  1 15]
 [19  0  7  0  0  1  9]
 [ 1  0  1  8  0  4 31]
 [ 0  0  0  1  0  1  4]
 [ 7  0  2  0  0 44 12]
 [10  1  2 13  0  5 86]]

SVM linear
Classification_report:
             precision    recall  f1-score   support

          B       0.50      0.53      0.52        77
          C       0.19      0.20      0.20        20
          G       0.33      0.33      0.33        36
          M       0.33      0.33      0.33        45
          O       0.00      0.00      0.00         6
          P       0.61      0.63      0.62        65
          R       0.55      0.54      0.55       117

avg / total       0.47      0.48      0.48       366

[[41  0 15  5  0  8  8]
 [ 2  4  0  2  0  2 10]
 [15  0 12  1  0  3  5]
 [ 4  3  3 15  0  3 17]
 [ 0  0  0  1  0  3  2]
 [10  1  2  2  0 41  9]
 [10 13  4 20  0  7 63]]

Reading  corpus/output466.json
SVM RBF
Classification_report:
             precision    recall  f1-score   support

          B       0.81      0.91      0.85       179
          C       0.27      0.15      0.19        20
          G       0.64      0.44      0.52        36
          M       0.33      0.27      0.30        59
          O       0.00      0.00      0.00         1
          P       0.77      0.63      0.69        68
          R       0.47      0.58      0.52       102

avg / total       0.63      0.64      0.63       465

[[162   1   8   0   0   2   6]
 [  0   3   0   1   0   0  16]
 [ 20   0  16   0   0   0   0]
 [  4   0   0  16   0   2  37]
 [  0   0   0   0   0   1   0]
 [ 10   2   1   5   0  43   7]
 [  4   5   0  26   0   8  59]]

SVM linear
Classification_report:
             precision    recall  f1-score   support

          B       0.79      0.82      0.81       179
          C       0.33      0.20      0.25        20
          G       0.57      0.47      0.52        36
          M       0.38      0.39      0.38        59
          O       0.00      0.00      0.00         1
          P       0.69      0.63      0.66        68
          R       0.54      0.61      0.57       102

avg / total       0.63      0.64      0.63       465

[[147   1  12   4   0  10   5]
 [  0   4   0   1   0   0  15]
 [ 18   0  17   0   0   1   0]
 [  4   2   0  23   0   3  27]
 [  0   0   0   0   0   1   0]
 [ 13   2   0   5   0  43   5]
 [  4   3   1  28   0   4  62]]

Reading  corpus/output832.json
SVM RBF
Classification_report:
             precision    recall  f1-score   support

          B       0.67      0.78      0.72       256
          C       0.60      0.15      0.24        40
          G       0.58      0.29      0.39        72
          M       0.36      0.17      0.23       104
          O       0.00      0.00      0.00         7
          P       0.70      0.63      0.66       133
          R       0.47      0.68      0.55       219

avg / total       0.57      0.57      0.55       831

[[200   0  10   3   0   7  36]
 [  3   6   0   0   0   1  30]
 [ 38   0  21   1   0   1  11]
 [ 14   0   0  18   0   6  66]
 [  0   0   0   1   0   4   2]
 [ 20   1   2   3   0  84  23]
 [ 24   3   3  24   0  17 148]]

SVM linear
Classification_report:
             precision    recall  f1-score   support

          B       0.63      0.70      0.66       256
          C       0.27      0.30      0.28        40
          G       0.44      0.43      0.44        72
          M       0.26      0.29      0.28       104
          O       0.00      0.00      0.00         7
          P       0.70      0.62      0.66       133
          R       0.54      0.50      0.52       219

avg / total       0.53      0.53      0.53       831

[[178   5  31  18   0   9  15]
 [  4  12   0   2   0   2  20]
 [ 33   2  31   5   0   0   1]
 [ 18   3   4  30   0   7  42]
 [  2   1   0   2   0   2   0]
 [ 15   5   1  15   0  83  14]
 [ 31  17   3  42   0  16 110]]
