Reading  corpus/output366.json
SVM RBF
Classification_report:
             precision    recall  f1-score   support

          B       0.56      0.58      0.57        77
          C       0.50      0.30      0.37        20
          G       0.44      0.31      0.36        36
          M       0.31      0.22      0.26        45
          O       0.00      0.00      0.00         6
          P       0.60      0.66      0.63        65
          R       0.48      0.60      0.53       117

avg / total       0.49      0.51      0.49       366

[[45  0  8  2  0  3 19]
 [ 2  6  1  0  0  2  9]
 [15  0 11  0  0  3  7]
 [ 5  0  1 10  0  6 23]
 [ 0  0  0  1  0  3  2]
 [ 5  0  1  1  0 43 15]
 [ 8  6  3 18  0 12 70]]

SVM linear
Classification_report:
             precision    recall  f1-score   support

          B       0.54      0.60      0.57        77
          C       0.29      0.25      0.27        20
          G       0.50      0.39      0.44        36
          M       0.27      0.24      0.26        45
          O       0.00      0.00      0.00         6
          P       0.61      0.58      0.60        65
          R       0.46      0.52      0.49       117

avg / total       0.47      0.48      0.47       366

[[46  1  9  2  0  4 15]
 [ 2  5  1  0  0  2 10]
 [14  0 14  0  0  0  8]
 [ 4  0  2 11  0  7 21]
 [ 0  0  0  2  0  2  2]
 [ 7  1  2  1  0 38 16]
 [12 10  0 25  0  9 61]]

Reading  corpus/output466.json
SVM RBF
Classification_report:
             precision    recall  f1-score   support

          B       0.78      0.85      0.82       179
          C       0.54      0.35      0.42        20
          G       0.50      0.42      0.45        36
          M       0.51      0.37      0.43        59
          O       0.00      0.00      0.00         1
          P       0.68      0.59      0.63        68
          R       0.53      0.66      0.59       102

avg / total       0.64      0.65      0.64       465

[[152   0  14   3   0   5   5]
 [  0   7   0   0   0   0  13]
 [ 20   0  15   0   0   1   0]
 [  4   1   0  22   0   3  29]
 [  0   0   0   0   0   1   0]
 [ 13   1   1   1   0  40  12]
 [  5   4   0  17   0   9  67]]

SVM linear
Classification_report:
             precision    recall  f1-score   support

          B       0.77      0.84      0.80       179
          C       0.44      0.35      0.39        20
          G       0.55      0.44      0.49        36
          M       0.45      0.39      0.42        59
          O       0.00      0.00      0.00         1
          P       0.67      0.57      0.62        68
          R       0.54      0.60      0.56       102

avg / total       0.63      0.64      0.63       465

[[151   1  12   3   0   7   5]
 [  0   7   0   1   0   1  11]
 [ 19   0  16   1   0   0   0]
 [  3   1   0  23   0   3  29]
 [  0   0   0   0   0   1   0]
 [ 18   2   0   1   0  39   8]
 [  6   5   1  22   0   7  61]]

Reading  corpus/output832.json
SVM RBF
Classification_report:
             precision    recall  f1-score   support

          B       0.66      0.75      0.70       256
          C       0.64      0.40      0.49        40
          G       0.51      0.40      0.45        72
          M       0.38      0.32      0.35       104
          O       0.00      0.00      0.00         7
          P       0.67      0.62      0.65       133
          R       0.53      0.61      0.57       219

avg / total       0.57      0.58      0.58       831

[[192   0  23  10   0   5  26]
 [  4  16   0   1   0   2  17]
 [ 36   0  29   1   0   2   4]
 [ 15   1   1  33   0   8  46]
 [  0   0   0   1   0   4   2]
 [ 16   2   3   7   0  83  22]
 [ 26   6   1  33   0  20 133]]

SVM linear
Classification_report:
             precision    recall  f1-score   support

          B       0.62      0.68      0.65       256
          C       0.42      0.33      0.37        40
          G       0.41      0.32      0.36        72
          M       0.37      0.39      0.38       104
          O       0.00      0.00      0.00         7
          P       0.64      0.62      0.63       133
          R       0.50      0.52      0.51       219

avg / total       0.53      0.54      0.53       831

[[174   2  29  14   0   9  28]
 [  4  13   0   1   0   5  17]
 [ 41   0  23   1   0   1   6]
 [ 13   2   1  41   0   8  39]
 [  0   1   0   0   0   4   2]
 [ 20   2   1   6   0  83  21]
 [ 27  11   2  47   0  19 113]]
