Reading  corpus/output366.json
SVM RBF
Classification_report:
             precision    recall  f1-score   support

          B       0.59      0.62      0.60        77
          C       0.29      0.10      0.15        20
          G       0.37      0.19      0.25        36
          M       0.40      0.22      0.29        45
          O       0.00      0.00      0.00         6
          P       0.66      0.66      0.66        65
          R       0.48      0.69      0.57       117

avg / total       0.50      0.52      0.49       366

[[48  0  6  2  0  4 17]
 [ 0  2  0  0  0  2 16]
 [18  0  7  0  0  2  9]
 [ 0  1  1 10  0  4 29]
 [ 0  0  0  1  0  1  4]
 [ 7  0  2  1  0 43 12]
 [ 9  4  3 11  0  9 81]]

SVM linear
Classification_report:
             precision    recall  f1-score   support

          B       0.54      0.60      0.57        77
          C       0.18      0.10      0.13        20
          G       0.48      0.42      0.45        36
          M       0.33      0.38      0.35        45
          O       1.00      0.17      0.29         6
          P       0.59      0.60      0.60        65
          R       0.52      0.54      0.53       117

avg / total       0.50      0.50      0.49       366

[[46  0 12  2  0  5 12]
 [ 1  2  0  3  0  2 12]
 [11  0 15  0  0  3  7]
 [ 4  1  1 17  0  5 17]
 [ 0  1  0  1  1  2  1]
 [ 8  1  2  6  0 39  9]
 [15  6  1 22  0 10 63]]

Reading  corpus/output466.json
SVM RBF
Classification_report:
             precision    recall  f1-score   support

          B       0.81      0.90      0.85       179
          C       0.25      0.15      0.19        20
          G       0.62      0.42      0.50        36
          M       0.38      0.31      0.34        59
          O       0.00      0.00      0.00         1
          P       0.80      0.63      0.70        68
          R       0.48      0.61      0.53       102

avg / total       0.64      0.65      0.64       465

[[161   1   9   1   0   2   5]
 [  0   3   0   0   0   0  17]
 [ 19   0  15   1   0   1   0]
 [  4   0   0  18   0   1  36]
 [  0   0   0   0   0   1   0]
 [ 10   2   0   3   0  43  10]
 [  4   6   0  24   0   6  62]]

SVM linear
Classification_report:
             precision    recall  f1-score   support

          B       0.76      0.79      0.78       179
          C       0.50      0.40      0.44        20
          G       0.47      0.47      0.47        36
          M       0.43      0.44      0.43        59
          O       0.00      0.00      0.00         1
          P       0.66      0.63      0.65        68
          R       0.59      0.59      0.59       102

avg / total       0.63      0.64      0.63       465

[[142   1  18   3   0  11   4]
 [  0   8   0   1   0   1  10]
 [ 18   0  17   0   0   1   0]
 [  6   1   0  26   0   3  23]
 [  0   0   0   0   0   1   0]
 [ 14   3   0   4   0  43   4]
 [  6   3   1  27   0   5  60]]

Reading  corpus/output832.json
SVM RBF
Classification_report:
             precision    recall  f1-score   support

          B       0.65      0.79      0.71       256
          C       0.42      0.12      0.19        40
          G       0.50      0.32      0.39        72
          M       0.35      0.22      0.27       104
          O       0.00      0.00      0.00         7
          P       0.67      0.60      0.63       133
          R       0.47      0.60      0.53       219

avg / total       0.54      0.56      0.54       831

[[201   0  17   5   0   8  25]
 [  4   5   0   2   0   2  27]
 [ 36   0  23   0   0   2  11]
 [ 13   0   1  23   0   7  60]
 [  0   0   0   1   0   3   3]
 [ 21   3   4   4   0  80  21]
 [ 33   4   1  31   0  18 132]]

SVM linear
Classification_report:
             precision    recall  f1-score   support

          B       0.61      0.65      0.63       256
          C       0.28      0.38      0.32        40
          G       0.39      0.42      0.40        72
          M       0.33      0.36      0.34       104
          O       0.00      0.00      0.00         7
          P       0.66      0.62      0.64       133
          R       0.51      0.45      0.48       219

avg / total       0.52      0.52      0.51       831

[[166   4  39  17   0  11  19]
 [  6  15   0   1   0   1  17]
 [ 35   2  30   1   0   0   4]
 [ 16   4   4  37   0   6  37]
 [  2   1   0   0   0   3   1]
 [ 17   4   2  12   0  82  16]
 [ 29  23   2  45   0  22  98]]
