Reading  corpus/output366.json
SVM RBF
Classification_report:
             precision    recall  f1-score   support

          B       0.51      0.57      0.54        77
          C       0.50      0.25      0.33        20
          G       0.41      0.25      0.31        36
          M       0.40      0.27      0.32        45
          O       0.00      0.00      0.00         6
          P       0.65      0.69      0.67        65
          R       0.49      0.62      0.54       117

avg / total       0.49      0.51      0.49       366

[[44  0  7  2  0  3 21]
 [ 3  5  0  2  0  1  9]
 [17  0  9  0  0  1  9]
 [ 3  0  2 12  0  5 23]
 [ 0  0  0  1  0  3  2]
 [ 6  0  1  1  0 45 12]
 [14  5  3 12  0 11 72]]

SVM linear
Classification_report:
             precision    recall  f1-score   support

          B       0.53      0.56      0.54        77
          C       0.27      0.20      0.23        20
          G       0.47      0.39      0.42        36
          M       0.28      0.24      0.26        45
          O       1.00      0.17      0.29         6
          P       0.64      0.63      0.64        65
          R       0.50      0.58      0.54       117

avg / total       0.50      0.50      0.49       366

[[43  1  9  4  0  5 15]
 [ 1  4  0  1  0  1 13]
 [14  0 14  0  0  0  8]
 [ 4  0  4 11  0  6 20]
 [ 0  0  0  0  1  3  2]
 [ 9  0  1  4  0 41 10]
 [10 10  2 19  0  8 68]]

Reading  corpus/output466.json
SVM RBF
Classification_report:
             precision    recall  f1-score   support

          B       0.81      0.87      0.84       179
          C       0.44      0.20      0.28        20
          G       0.55      0.44      0.49        36
          M       0.45      0.41      0.43        59
          O       0.00      0.00      0.00         1
          P       0.75      0.62      0.68        68
          R       0.53      0.66      0.59       102

avg / total       0.66      0.66      0.65       465

[[155   0  13   3   0   2   6]
 [  0   4   0   1   0   0  15]
 [ 18   0  16   1   0   1   0]
 [  4   1   0  24   0   3  27]
 [  0   0   0   0   0   1   0]
 [ 10   2   0   3   0  42  11]
 [  5   2   0  21   0   7  67]]

SVM linear
Classification_report:
             precision    recall  f1-score   support

          B       0.78      0.81      0.79       179
          C       0.40      0.30      0.34        20
          G       0.48      0.39      0.43        36
          M       0.45      0.41      0.43        59
          O       0.00      0.00      0.00         1
          P       0.68      0.66      0.67        68
          R       0.54      0.61      0.57       102

avg / total       0.63      0.64      0.63       465

[[145   1  14   4   0   9   6]
 [  0   6   0   2   0   1  11]
 [ 21   0  14   1   0   0   0]
 [  3   1   0  24   0   4  27]
 [  0   0   0   0   0   1   0]
 [ 11   2   0   1   0  45   9]
 [  7   5   1  21   0   6  62]]

Reading  corpus/output832.json
SVM RBF
Classification_report:
             precision    recall  f1-score   support

          B       0.66      0.77      0.71       256
          C       0.57      0.30      0.39        40
          G       0.53      0.38      0.44        72
          M       0.29      0.26      0.28       104
          O       0.00      0.00      0.00         7
          P       0.70      0.62      0.66       133
          R       0.50      0.58      0.54       219

avg / total       0.56      0.57      0.56       831

[[197   1  19  12   0   5  22]
 [  2  12   1   3   0   1  21]
 [ 35   0  27   1   0   1   8]
 [ 20   1   2  27   0   5  49]
 [  0   0   0   1   0   4   2]
 [ 18   2   1   6   0  83  23]
 [ 25   5   1  42   0  19 127]]

SVM linear
Classification_report:
             precision    recall  f1-score   support

          B       0.63      0.67      0.65       256
          C       0.37      0.33      0.35        40
          G       0.45      0.42      0.43        72
          M       0.38      0.41      0.39       104
          O       0.00      0.00      0.00         7
          P       0.64      0.62      0.63       133
          R       0.52      0.51      0.51       219

avg / total       0.54      0.54      0.54       831

[[172   1  29  15   0  13  26]
 [  3  13   1   2   0   5  16]
 [ 32   3  30   2   0   0   5]
 [ 15   1   3  43   0   5  37]
 [  0   1   0   0   0   4   2]
 [ 20   4   1   9   0  82  17]
 [ 31  12   2  43   0  20 111]]
