Reading  corpus/output366.json
SVM RBF
Classification_report:
             precision    recall  f1-score   support

          B       0.58      0.58      0.58        77
          C       0.50      0.25      0.33        20
          G       0.46      0.31      0.37        36
          M       0.31      0.24      0.27        45
          O       0.00      0.00      0.00         6
          P       0.63      0.66      0.65        65
          R       0.47      0.61      0.53       117

avg / total       0.50      0.51      0.49       366

[[45  0  7  1  0  2 22]
 [ 0  5  0  2  0  2 11]
 [15  0 11  0  0  3  7]
 [ 2  0  1 11  0  5 26]
 [ 0  0  0  2  0  2  2]
 [ 6  0  2  2  0 43 12]
 [ 9  5  3 18  0 11 71]]

SVM linear
Classification_report:
             precision    recall  f1-score   support

          B       0.55      0.56      0.55        77
          C       0.39      0.35      0.37        20
          G       0.58      0.42      0.48        36
          M       0.29      0.29      0.29        45
          O       0.00      0.00      0.00         6
          P       0.61      0.60      0.60        65
          R       0.48      0.56      0.52       117

avg / total       0.49      0.50      0.49       366

[[43  1  8  1  0  5 19]
 [ 1  7  0  1  0  1 10]
 [13  0 15  0  0  1  7]
 [ 4  0  0 13  0  7 21]
 [ 0  0  0  2  0  2  2]
 [ 8  2  2  3  0 39 11]
 [ 9  8  1 25  0  9 65]]

Reading  corpus/output466.json
SVM RBF
Classification_report:
             precision    recall  f1-score   support

          B       0.81      0.85      0.83       179
          C       0.42      0.25      0.31        20
          G       0.53      0.47      0.50        36
          M       0.49      0.41      0.44        59
          O       0.00      0.00      0.00         1
          P       0.72      0.63      0.67        68
          R       0.52      0.64      0.58       102

avg / total       0.65      0.66      0.65       465

[[153   0  14   3   0   4   5]
 [  0   5   0   0   0   0  15]
 [ 18   0  17   0   0   1   0]
 [  3   1   0  24   0   3  28]
 [  0   0   0   0   0   1   0]
 [ 10   1   1   2   0  43  11]
 [  4   5   0  20   0   8  65]]

SVM linear
Classification_report:
             precision    recall  f1-score   support

          B       0.78      0.85      0.82       179
          C       0.38      0.30      0.33        20
          G       0.57      0.47      0.52        36
          M       0.46      0.42      0.44        59
          O       0.00      0.00      0.00         1
          P       0.67      0.57      0.62        68
          R       0.55      0.60      0.57       102

avg / total       0.64      0.65      0.64       465

[[153   1  12   3   0   6   4]
 [  0   6   0   2   0   1  11]
 [ 18   0  17   1   0   0   0]
 [  3   2   0  25   0   3  26]
 [  0   0   0   0   0   1   0]
 [ 16   2   0   2   0  39   9]
 [  6   5   1  21   0   8  61]]

Reading  corpus/output832.json
SVM RBF
Classification_report:
             precision    recall  f1-score   support

          B       0.67      0.75      0.71       256
          C       0.62      0.33      0.43        40
          G       0.54      0.42      0.47        72
          M       0.35      0.30      0.32       104
          O       0.00      0.00      0.00         7
          P       0.66      0.63      0.64       133
          R       0.53      0.61      0.57       219

avg / total       0.57      0.58      0.57       831

[[193   0  20  11   0   8  24]
 [  2  13   1   2   0   3  19]
 [ 34   0  30   1   0   2   5]
 [ 15   1   1  31   0  10  46]
 [  0   0   0   1   0   3   3]
 [ 15   2   3   9   0  84  20]
 [ 28   5   1  33   0  18 134]]

SVM linear
Classification_report:
             precision    recall  f1-score   support

          B       0.63      0.67      0.65       256
          C       0.39      0.38      0.38        40
          G       0.44      0.38      0.40        72
          M       0.34      0.39      0.37       104
          O       0.00      0.00      0.00         7
          P       0.66      0.60      0.63       133
          R       0.52      0.51      0.51       219

avg / total       0.53      0.54      0.53       831

[[172   1  31  15   0  10  27]
 [  3  15   0   1   0   4  17]
 [ 38   2  27   2   0   0   3]
 [ 13   3   2  41   0   7  38]
 [  0   1   0   1   0   3   2]
 [ 22   4   1  10   0  80  16]
 [ 27  12   1  50   0  18 111]]
