SVM RBF
Classification_report:
             precision    recall  f1-score   support

          B       0.32      0.60      0.42        77
          C       0.00      0.00      0.00        20
          G       0.00      0.00      0.00        36
          M       0.00      0.00      0.00        45
          O       0.00      0.00      0.00         6
          P       0.00      0.00      0.00        65
          R       0.42      0.79      0.55       117

avg / total       0.20      0.38      0.26       366

[[46  0  0  0  0  0 31]
 [ 3  0  0  0  0  0 17]
 [18  0  0  0  0  0 18]
 [14  0  0  0  0  0 31]
 [ 2  0  0  0  0  0  4]
 [36  0  0  0  0  0 29]
 [24  0  0  0  0  0 93]]

SVM linear
Classification_report:
             precision    recall  f1-score   support

          B       0.39      0.43      0.41        77
          C       0.07      0.05      0.06        20
          G       0.42      0.36      0.39        36
          M       0.27      0.22      0.24        45
          O       0.40      0.33      0.36         6
          P       0.53      0.51      0.52        65
          R       0.45      0.50      0.47       117

avg / total       0.40      0.41      0.41       366

[[33  3 10  4  1  5 21]
 [ 4  1  0  0  0  3 12]
 [15  2 13  0  0  1  5]
 [ 5  0  1 10  0  7 22]
 [ 0  0  1  0  2  2  1]
 [ 7  2  3  7  1 33 12]
 [21  6  3 16  1 11 59]]

KNN
Classification_report:
             precision    recall  f1-score   support

          B       0.35      0.57      0.44        77
          C       0.09      0.15      0.11        20
          G       0.15      0.14      0.14        36
          M       0.05      0.02      0.03        45
          O       0.00      0.00      0.00         6
          P       0.40      0.40      0.40        65
          R       0.44      0.32      0.37       117

avg / total       0.31      0.32      0.31       366

[[44  2  9  2  0  4 16]
 [ 3  3  1  2  0  4  7]
 [17  3  5  1  0  6  4]
 [15  4  4  1  0  8 13]
 [ 1  1  1  1  0  1  1]
 [11 10  4  6  0 26  8]
 [34 11  9  8  1 16 38]]

NB
Classification_report:
             precision    recall  f1-score   support

          B       0.55      0.30      0.39        77
          C       0.08      0.10      0.09        20
          G       0.30      0.25      0.27        36
          M       0.31      0.38      0.34        45
          O       0.00      0.00      0.00         6
          P       0.40      0.66      0.50        65
          R       0.47      0.43      0.45       117

avg / total       0.41      0.39      0.39       366

[[23  3 14  6  0 12 19]
 [ 0  2  0  0  0 10  8]
 [ 8  4  9  0  0  7  8]
 [ 3  2  2 17  0  9 12]
 [ 0  1  0  0  0  1  4]
 [ 0  5  2  9  0 43  6]
 [ 8  9  3 22  0 25 50]]

DT
Classification_report:
             precision    recall  f1-score   support

          B       0.29      0.31      0.30        77
          C       0.00      0.00      0.00        20
          G       0.10      0.08      0.09        36
          M       0.07      0.07      0.07        45
          O       0.00      0.00      0.00         6
          P       0.27      0.23      0.25        65
          R       0.45      0.49      0.47       117

avg / total       0.27      0.28      0.27       366

[[24  4 10  6  0 12 21]
 [ 3  0  3  1  1  4  8]
 [12  6  3  4  0  4  7]
 [ 9  4  4  3  0  5 20]
 [ 0  1  1  2  0  1  1]
 [14  5  5 12  1 15 13]
 [20  7  5 13  0 15 57]]

CRF
Classification_report:
             precision    recall  f1-score   support

          B       0.53      0.49      0.51        77
          C       0.43      0.30      0.35        20
          G       0.26      0.19      0.22        36
          M       0.19      0.11      0.14        45
          O       0.00      0.00      0.00         6
          P       0.55      0.46      0.50        65
          R       0.48      0.64      0.55       117

avg / total       0.43      0.44      0.43       366

CRF 2.0
Classification_report:
             precision    recall  f1-score   support

          B       0.77      0.66      0.71        77
          C       0.35      0.35      0.35        20
          G       0.60      0.50      0.55        36
          M       0.32      0.24      0.28        45
          O       0.00      0.00      0.00         6
          P       0.63      0.55      0.59        65
          R       0.54      0.74      0.62       117

avg / total       0.57      0.57      0.56       366


SVM RBF
Classification_report:
             precision    recall  f1-score   support

          B       0.61      0.96      0.74       179
          C       0.00      0.00      0.00        20
          G       0.00      0.00      0.00        36
          M       0.00      0.00      0.00        59
          O       0.00      0.00      0.00         1
          P       0.00      0.00      0.00        68
          R       0.50      0.86      0.63       102

avg / total       0.34      0.56      0.42       465

[[172   0   0   0   0   0   7]
 [  0   0   0   0   0   0  20]
 [ 36   0   0   0   0   0   0]
 [  5   0   0   0   0   1  53]
 [  1   0   0   0   0   0   0]
 [ 59   0   0   0   0   0   9]
 [ 11   0   0   0   0   3  88]]

SVM linear
Classification_report:
             precision    recall  f1-score   support

          B       0.69      0.79      0.74       179
          C       0.47      0.40      0.43        20
          G       0.45      0.28      0.34        36
          M       0.59      0.44      0.50        59
          O       0.00      0.00      0.00         1
          P       0.58      0.53      0.55        68
          R       0.54      0.62      0.58       102

avg / total       0.60      0.61      0.60       465

[[141   1  12   1   0  17   7]
 [  0   8   0   1   0   1  10]
 [ 25   0  10   0   0   1   0]
 [  4   0   0  26   0   2  27]
 [  0   0   0   0   0   1   0]
 [ 20   1   0   1   0  36  10]
 [ 13   7   0  15   0   4  63]]

KNN
Classification_report:
             precision    recall  f1-score   support

          B       0.76      0.87      0.81       179
          C       0.27      0.20      0.23        20
          G       0.51      0.50      0.51        36
          M       0.46      0.41      0.43        59
          O       0.00      0.00      0.00         1
          P       0.77      0.59      0.67        68
          R       0.54      0.57      0.56       102

avg / total       0.63      0.64      0.63       465

[[155   1  13   1   0   4   5]
 [  1   4   0   0   0   2  13]
 [ 17   0  18   0   0   1   0]
 [  7   2   0  24   0   0  26]
 [  0   0   0   0   0   1   0]
 [ 14   0   2   7   0  40   5]
 [ 10   8   2  20   0   4  58]]

NB
Classification_report:
             precision    recall  f1-score   support

          B       0.58      0.59      0.58       179
          C       0.21      0.20      0.21        20
          G       0.21      0.36      0.27        36
          M       0.38      0.36      0.37        59
          O       0.00      0.00      0.00         1
          P       0.35      0.54      0.42        68
          R       0.41      0.15      0.22       102

avg / total       0.43      0.42      0.41       465

[[106   1  38   7   0  23   4]
 [  1   4   0   2   0   9   4]
 [ 19   0  13   2   0   2   0]
 [ 15   3   2  21   0   8  10]
 [  0   0   0   0   0   1   0]
 [ 17   2   5   3   0  37   4]
 [ 26   9   4  21   0  27  15]]

DT
Classification_report:
             precision    recall  f1-score   support

          B       0.73      0.69      0.71       179
          C       0.21      0.30      0.25        20
          G       0.55      0.72      0.63        36
          M       0.31      0.32      0.32        59
          O       0.00      0.00      0.00         1
          P       0.60      0.54      0.57        68
          R       0.46      0.42      0.44       102

avg / total       0.56      0.55      0.55       465

[[124   1  21   7   0  12  14]
 [  3   6   0   3   0   2   6]
 [ 10   0  26   0   0   0   0]
 [  6   9   0  19   0   3  22]
 [  0   0   0   0   0   1   0]
 [ 14   0   0   4   5  37   8]
 [ 12  12   0  28   0   7  43]]

CRF
Classification_report:
             precision    recall  f1-score   support

          B       0.84      0.94      0.89       179
          C       0.29      0.20      0.24        20
          G       0.79      0.53      0.63        36
          M       0.48      0.42      0.45        59
          O       0.00      0.00      0.00         1
          P       0.81      0.71      0.76        68
          R       0.55      0.63      0.59       102

avg / total       0.70      0.71      0.70       465

CRF 2.0
Classification_report:
             precision    recall  f1-score   support

          B       1.00      1.00      1.00       179
          C       0.60      0.45      0.51        20
          G       1.00      1.00      1.00        36
          M       0.96      0.92      0.94        59
          O       0.00      0.00      0.00         1
          P       0.95      0.93      0.94        68
          R       0.83      0.92      0.87       102

avg / total       0.93      0.94      0.93       465


SVM RBF
Classification_report:
             precision    recall  f1-score   support

          B       0.49      0.82      0.61       256
          C       0.00      0.00      0.00        40
          G       0.00      0.00      0.00        72
          M       0.00      0.00      0.00       104
          O       0.00      0.00      0.00         7
          P       0.12      0.02      0.04       133
          R       0.47      0.82      0.60       219

avg / total       0.30      0.47      0.35       831

[[209   0   0   0   0  14  33]
 [  5   0   0   0   0   0  35]
 [ 59   0   0   0   0   0  13]
 [ 17   0   0   0   0   5  82]
 [  5   0   0   0   0   0   2]
 [ 95   0   0   0   0   3  35]
 [ 37   0   0   0   0   2 180]]

SVM linear
Classification_report:
             precision    recall  f1-score   support

          B       0.60      0.72      0.65       256
          C       0.28      0.23      0.25        40
          G       0.38      0.29      0.33        72
          M       0.34      0.23      0.27       104
          O       0.33      0.29      0.31         7
          P       0.58      0.53      0.55       133
          R       0.48      0.52      0.50       219

avg / total       0.50      0.51      0.50       831

[[184   1  24   5   1  11  30]
 [  4   9   1   1   0   5  20]
 [ 38   1  21   2   0   3   7]
 [ 20   1   1  24   0  12  46]
 [  0   1   0   0   2   3   1]
 [ 26   6   2   6   2  71  20]
 [ 34  13   6  33   1  18 114]]

KNN
Classification_report:
             precision    recall  f1-score   support

          B       0.58      0.71      0.64       256
          C       0.15      0.23      0.18        40
          G       0.36      0.38      0.37        72
          M       0.26      0.18      0.21       104
          O       0.00      0.00      0.00         7
          P       0.63      0.51      0.56       133
          R       0.46      0.42      0.44       219

avg / total       0.47      0.48      0.47       831

[[181   3  28  12   0  11  21]
 [  5   9   0   3   0   4  19]
 [ 29   2  27   3   0   4   7]
 [ 22   7   9  19   0   5  42]
 [  2   0   1   0   0   2   2]
 [ 27  13   3   6   0  68  16]
 [ 48  28   7  30   1  14  91]]

NB
Classification_report:
             precision    recall  f1-score   support

          B       0.59      0.36      0.45       256
          C       0.14      0.38      0.20        40
          G       0.25      0.40      0.31        72
          M       0.28      0.32      0.30       104
          O       0.00      0.00      0.00         7
          P       0.38      0.68      0.49       133
          R       0.39      0.17      0.24       219

avg / total       0.41      0.36      0.35       831

[[92 23 62 24  0 36 19]
 [ 3 15  4  1  0 12  5]
 [21  9 29  2  0  8  3]
 [11  7  5 33  0 26 22]
 [ 0  1  0  0  0  6  0]
 [ 6 14  5 10  0 90  8]
 [23 41 13 49  0 56 37]]

DT
Classification_report:
             precision    recall  f1-score   support

          B       0.58      0.58      0.58       256
          C       0.16      0.15      0.15        40
          G       0.25      0.26      0.26        72
          M       0.26      0.23      0.24       104
          O       0.00      0.00      0.00         7
          P       0.48      0.50      0.49       133
          R       0.43      0.44      0.44       219

avg / total       0.43      0.44      0.43       831

[[149   4  23  23   0  27  30]
 [  6   6   5   2   0   4  17]
 [ 28   1  19   3   0   3  18]
 [ 14   3  10  24   0  15  38]
 [  1   1   1   0   0   3   1]
 [ 19   6   6   7   3  67  25]
 [ 39  17  12  34   0  20  97]]

CRF
Classification_report:
             precision    recall  f1-score   support

          B       0.76      0.80      0.78       256
          C       0.67      0.30      0.41        40
          G       0.61      0.46      0.52        72
          M       0.35      0.28      0.31       104
          O       0.00      0.00      0.00         7
          P       0.72      0.61      0.66       133
          R       0.56      0.74      0.63       219

avg / total       0.62      0.63      0.62       831

CRF 2.0
Classification_report:
             precision    recall  f1-score   support

          B       0.92      0.88      0.90       256
          C       0.50      0.42      0.46        40
          G       0.79      0.76      0.77        72
          M       0.71      0.69      0.70       104
          O       0.00      0.00      0.00         7
          P       0.85      0.79      0.82       133
          R       0.70      0.82      0.75       219

avg / total       0.78      0.79      0.78       831
