SVM RBF
Classification_report:
             precision    recall  f1-score   support

          B       0.33      0.64      0.43        77
          C       0.00      0.00      0.00        20
          G       0.00      0.00      0.00        36
          M       0.00      0.00      0.00        45
          O       0.00      0.00      0.00         6
          P       0.33      0.02      0.03        65
          R       0.43      0.78      0.55       117

avg / total       0.26      0.39      0.27       366

[[49  0  0  0  0  1 27]
 [ 3  0  0  0  0  0 17]
 [19  0  0  0  0  0 17]
 [16  0  0  0  0  1 28]
 [ 2  0  0  0  0  0  4]
 [35  0  0  0  0  1 29]
 [26  0  0  0  0  0 91]]

SVM linear
Classification_report:
             precision    recall  f1-score   support

          B       0.41      0.39      0.40        77
          C       0.00      0.00      0.00        20
          G       0.40      0.28      0.33        36
          M       0.29      0.09      0.14        45
          O       0.00      0.00      0.00         6
          P       0.41      0.45      0.43        65
          R       0.46      0.72      0.56       117

avg / total       0.38      0.43      0.39       366

[[30  0  8  2  0 10 27]
 [ 3  0  0  0  0  2 15]
 [13  2 10  0  0  5  6]
 [ 4  0  3  4  0 10 24]
 [ 0  0  0  1  0  2  3]
 [ 8  0  2  3  0 29 23]
 [15  0  2  4  0 12 84]]

KNN
Classification_report:
             precision    recall  f1-score   support

          B       0.36      0.56      0.44        77
          C       0.19      0.25      0.22        20
          G       0.27      0.28      0.27        36
          M       0.12      0.09      0.10        45
          O       0.00      0.00      0.00         6
          P       0.45      0.35      0.40        65
          R       0.40      0.33      0.36       117

avg / total       0.34      0.34      0.33       366

[[43  3  7  3  0  4 17]
 [ 4  5  1  1  0  4  5]
 [13  1 10  3  0  2  7]
 [14  2  4  4  1  2 18]
 [ 1  0  3  0  0  0  2]
 [11  8  4  8  2 23  9]
 [33  7  8 14  0 16 39]]

NB
Classification_report:
             precision    recall  f1-score   support

          B       0.63      0.16      0.25        77
          C       0.24      0.20      0.22        20
          G       0.30      0.08      0.13        36
          M       0.16      0.27      0.20        45
          O       0.00      0.00      0.00         6
          P       0.35      0.68      0.46        65
          R       0.38      0.39      0.39       117

avg / total       0.38      0.33      0.31       366

[[12  2  7 10  0 18 28]
 [ 1  4  0  2  0  7  6]
 [ 3  1  3  2  0 13 14]
 [ 0  1  0 12  0 16 16]
 [ 0  1  0  0  0  3  2]
 [ 0  3  0 10  0 44  8]
 [ 3  5  0 37  0 26 46]]

DT
Classification_report:
             precision    recall  f1-score   support

          B       0.29      0.32      0.31        77
          C       0.14      0.15      0.15        20
          G       0.09      0.08      0.09        36
          M       0.22      0.22      0.22        45
          O       0.00      0.00      0.00         6
          P       0.27      0.28      0.27        65
          R       0.40      0.38      0.39       117

avg / total       0.28      0.28      0.28       366

[[25  6  9  4  0 12 21]
 [ 3  3  4  2  0  3  5]
 [10  1  3  5  1  8  8]
 [ 7  0  3 10  0  9 16]
 [ 1  0  0  0  0  2  3]
 [18  2  5  8  1 18 13]
 [21  9  8 17  3 15 44]]

CRF
Classification_report:
             precision    recall  f1-score   support

          B       0.54      0.51      0.52        77
          C       0.47      0.35      0.40        20
          G       0.28      0.22      0.25        36
          M       0.24      0.16      0.19        45
          O       0.00      0.00      0.00         6
          P       0.55      0.43      0.48        65
          R       0.48      0.64      0.55       117

avg / total       0.45      0.45      0.44       366

CRF 2.0
Classification_report:
             precision    recall  f1-score   support

          B       0.80      0.66      0.72        77
          C       0.28      0.25      0.26        20
          G       0.65      0.47      0.55        36
          M       0.39      0.36      0.37        45
          O       0.00      0.00      0.00         6
          P       0.63      0.62      0.62        65
          R       0.51      0.66      0.58       117

avg / total       0.57      0.56      0.56       366


SVM RBF
Classification_report:
             precision    recall  f1-score   support

          B       0.65      0.92      0.76       179
          C       0.00      0.00      0.00        20
          G       0.00      0.00      0.00        36
          M       0.00      0.00      0.00        59
          O       0.00      0.00      0.00         1
          P       0.50      0.18      0.26        68
          R       0.49      0.89      0.63       102

avg / total       0.43      0.58      0.47       465

[[165   0   0   0   0   5   9]
 [  0   0   0   0   0   0  20]
 [ 30   0   0   0   0   6   0]
 [  3   0   0   0   0   0  56]
 [  1   0   0   0   0   0   0]
 [ 44   0   0   1   0  12  11]
 [ 10   0   0   0   0   1  91]]

SVM linear
Classification_report:
             precision    recall  f1-score   support

          B       0.70      0.88      0.78       179
          C       0.44      0.20      0.28        20
          G       0.25      0.06      0.09        36
          M       0.49      0.34      0.40        59
          O       0.00      0.00      0.00         1
          P       0.65      0.46      0.53        68
          R       0.54      0.72      0.61       102

avg / total       0.58      0.62      0.58       465

[[157   1   6   1   0   8   6]
 [  0   4   0   1   0   0  15]
 [ 32   0   2   0   0   2   0]
 [  2   0   0  20   0   2  35]
 [  0   0   0   0   0   1   0]
 [ 24   1   0   5   0  31   7]
 [  8   3   0  14   0   4  73]]

KNN
Classification_report:
             precision    recall  f1-score   support

          B       0.77      0.87      0.82       179
          C       0.14      0.15      0.15        20
          G       0.65      0.56      0.60        36
          M       0.34      0.36      0.35        59
          O       0.00      0.00      0.00         1
          P       0.76      0.60      0.67        68
          R       0.46      0.43      0.45       102

avg / total       0.61      0.61      0.61       465

[[156   1   8   4   0   5   5]
 [  1   3   0   1   0   1  14]
 [ 15   0  20   0   0   1   0]
 [  5   3   0  21   0   3  27]
 [  0   0   0   0   0   1   0]
 [ 13   0   1   8   0  41   5]
 [ 13  14   2  27   0   2  44]]

NB
Classification_report:
             precision    recall  f1-score   support

          B       0.62      0.70      0.66       179
          C       0.34      0.50      0.41        20
          G       0.30      0.44      0.36        36
          M       0.43      0.41      0.42        59
          O       0.00      0.00      0.00         1
          P       0.41      0.62      0.49        68
          R       0.48      0.11      0.18       102

avg / total       0.50      0.49      0.46       465

[[125   0  30   1   0  20   3]
 [  0  10   0   1   0   9   0]
 [ 20   0  16   0   0   0   0]
 [ 16   2   1  24   0   8   8]
 [  1   0   0   0   0   0   0]
 [ 16   3   4   2   0  42   1]
 [ 22  14   3  28   0  24  11]]

DT
Classification_report:
             precision    recall  f1-score   support

          B       0.75      0.70      0.73       179
          C       0.09      0.10      0.10        20
          G       0.53      0.53      0.53        36
          M       0.39      0.46      0.42        59
          O       0.00      0.00      0.00         1
          P       0.56      0.57      0.57        68
          R       0.46      0.45      0.46       102

avg / total       0.57      0.56      0.56       465

[[126   2  17   8   0  17   9]
 [  2   2   0   3   0   2  11]
 [ 16   0  19   0   0   0   1]
 [  3   3   0  27   0   5  21]
 [  0   0   0   0   0   1   0]
 [ 14   0   0   3   0  39  12]
 [  7  15   0  28   0   6  46]]

CRF
Classification_report:
             precision    recall  f1-score   support

          B       0.85      0.94      0.89       179
          C       0.33      0.20      0.25        20
          G       0.91      0.56      0.69        36
          M       0.52      0.44      0.48        59
          O       0.00      0.00      0.00         1
          P       0.82      0.72      0.77        68
          R       0.56      0.68      0.61       102

avg / total       0.72      0.72      0.71       465

CRF 2.0
Classification_report:
             precision    recall  f1-score   support

          B       0.99      1.00      1.00       179
          C       0.50      0.35      0.41        20
          G       1.00      1.00      1.00        36
          M       0.92      0.92      0.92        59
          O       0.00      0.00      0.00         1
          P       0.94      0.93      0.93        68
          R       0.83      0.89      0.86       102

avg / total       0.92      0.92      0.92       465


SVM RBF
Classification_report:
             precision    recall  f1-score   support

          B       0.60      0.73      0.66       256
          C       0.00      0.00      0.00        40
          G       0.00      0.00      0.00        72
          M       0.00      0.00      0.00       104
          O       0.00      0.00      0.00         7
          P       0.36      0.35      0.36       133
          R       0.46      0.83      0.59       219

avg / total       0.37      0.50      0.42       831

[[186   0   0   0   0  34  36]
 [  3   0   0   0   0   1  36]
 [ 37   0   0   0   0  20  15]
 [ 11   0   0   0   0   9  84]
 [  1   0   0   0   0   2   4]
 [ 49   0   0   0   0  47  37]
 [ 21   0   0   0   0  16 182]]

SVM linear
Classification_report:
             precision    recall  f1-score   support

          B       0.59      0.77      0.67       256
          C       0.00      0.00      0.00        40
          G       0.44      0.19      0.27        72
          M       0.31      0.09      0.14       104
          O       0.00      0.00      0.00         7
          P       0.57      0.50      0.53       133
          R       0.49      0.71      0.58       219

avg / total       0.48      0.53      0.48       831

[[197   1  13   2   0  15  28]
 [  6   0   0   0   0   2  32]
 [ 47   0  14   0   0   3   8]
 [ 15   0   3   9   0  13  64]
 [  0   0   0   0   0   4   3]
 [ 34   2   0   5   0  66  26]
 [ 34   3   2  13   0  12 155]]

KNN
Classification_report:
             precision    recall  f1-score   support

          B       0.56      0.71      0.63       256
          C       0.24      0.23      0.23        40
          G       0.42      0.49      0.45        72
          M       0.21      0.18      0.19       104
          O       0.00      0.00      0.00         7
          P       0.63      0.48      0.55       133
          R       0.46      0.41      0.43       219

avg / total       0.47      0.48      0.47       831

[[181   1  26  12   0  13  23]
 [  6   9   0   6   0   2  17]
 [ 24   0  35   4   0   3   6]
 [ 26   3   7  19   1   8  40]
 [  1   0   2   1   0   1   2]
 [ 30   7   6  10   0  64  16]
 [ 54  18   8  39   1  10  89]]

NB
Classification_report:
             precision    recall  f1-score   support

          B       0.64      0.30      0.41       256
          C       0.14      0.53      0.22        40
          G       0.32      0.33      0.33        72
          M       0.26      0.29      0.27       104
          O       0.00      0.00      0.00         7
          P       0.30      0.77      0.43       133
          R       0.45      0.06      0.11       219

avg / total       0.43      0.32      0.30       831

[[ 78  27  38  25   0  85   3]
 [  1  21   0   1   0  15   2]
 [ 16   9  24   4   0  17   2]
 [  7  12   3  30   0  44   8]
 [  0   2   0   1   0   4   0]
 [  4  14   2   9   0 102   2]
 [ 16  64   8  45   0  72  14]]

DT
Classification_report:
             precision    recall  f1-score   support

          B       0.57      0.50      0.54       256
          C       0.15      0.20      0.17        40
          G       0.35      0.39      0.37        72
          M       0.14      0.12      0.12       104
          O       0.08      0.14      0.11         7
          P       0.42      0.44      0.43       133
          R       0.39      0.42      0.41       219

avg / total       0.40      0.39      0.40       831

[[129   8  27  17   0  26  49]
 [  4   8   2   3   0   6  17]
 [ 22   3  28   7   1   5   6]
 [ 20   8   6  12   3  13  42]
 [  0   1   1   0   1   1   3]
 [ 20   9   7   9   5  58  25]
 [ 31  15  10  40   2  29  92]]

CRF
Classification_report:
             precision    recall  f1-score   support

          B       0.78      0.80      0.79       256
          C       0.64      0.35      0.45        40
          G       0.60      0.46      0.52        72
          M       0.36      0.27      0.31       104
          O       0.00      0.00      0.00         7
          P       0.71      0.59      0.65       133
          R       0.53      0.70      0.60       219

avg / total       0.62      0.61      0.61       831

CRF 2.0
Classification_report:
             precision    recall  f1-score   support

          B       0.93      0.87      0.90       256
          C       0.66      0.47      0.55        40
          G       0.82      0.74      0.77        72
          M       0.65      0.69      0.67       104
          O       0.00      0.00      0.00         7
          P       0.81      0.76      0.78       133
          R       0.70      0.84      0.76       219

avg / total       0.78      0.78      0.78       831
