SVM RBF
Classification_report:
             precision    recall  f1-score   support

          B       0.31      0.57      0.40        77
          C       0.00      0.00      0.00        20
          G       0.00      0.00      0.00        36
          M       0.00      0.00      0.00        45
          O       0.00      0.00      0.00         6
          P       0.00      0.00      0.00        65
          R       0.41      0.79      0.54       117

avg / total       0.20      0.37      0.26       366

[[44  0  0  0  0  0 33]
 [ 3  0  0  0  0  0 17]
 [16  0  0  0  0  0 20]
 [15  0  0  0  0  0 30]
 [ 2  0  0  0  0  0  4]
 [36  0  0  0  0  0 29]
 [25  0  0  0  0  0 92]]

SVM linear
Classification_report:
             precision    recall  f1-score   support

          B       0.41      0.47      0.44        77
          C       0.00      0.00      0.00        20
          G       0.47      0.19      0.27        36
          M       0.36      0.09      0.14        45
          O       0.00      0.00      0.00         6
          P       0.44      0.43      0.43        65
          R       0.45      0.73      0.56       117

avg / total       0.40      0.44      0.39       366

[[36  0  4  2  0  9 26]
 [ 5  0  0  0  0  1 14]
 [11  0  7  0  0  6 12]
 [ 4  0  1  4  0  6 30]
 [ 0  0  0  0  0  4  2]
 [12  0  3  2  0 28 20]
 [19  0  0  3  0 10 85]]

KNN
Classification_report:
             precision    recall  f1-score   support

          B       0.39      0.61      0.47        77
          C       0.16      0.20      0.18        20
          G       0.29      0.33      0.31        36
          M       0.17      0.13      0.15        45
          O       0.00      0.00      0.00         6
          P       0.47      0.38      0.42        65
          R       0.44      0.34      0.38       117

avg / total       0.36      0.37      0.36       366

[[47  3  8  2  0  4 13]
 [ 5  4  1  1  0  5  4]
 [12  1 12  2  0  1  8]
 [12  3  5  6  0  2 17]
 [ 1  0  3  1  0  0  1]
 [11  8  4  9  0 25  8]
 [33  6  8 14  0 16 40]]

NB
Classification_report:
             precision    recall  f1-score   support

          B       0.56      0.25      0.34        77
          C       0.04      0.05      0.05        20
          G       0.33      0.28      0.30        36
          M       0.20      0.20      0.20        45
          O       0.00      0.00      0.00         6
          P       0.38      0.57      0.45        65
          R       0.43      0.49      0.45       117

avg / total       0.38      0.36      0.35       366

[[19  4 11 11  0 10 22]
 [ 0  1  2  0  0  8  9]
 [ 6  4 10  1  0  6  9]
 [ 0  0  1  9  0 15 20]
 [ 0  1  0  0  0  1  4]
 [ 2  5  3  5  0 37 13]
 [ 7  9  3 20  0 21 57]]

DT
Classification_report:
             precision    recall  f1-score   support

          B       0.37      0.38      0.37        77
          C       0.03      0.05      0.04        20
          G       0.17      0.14      0.15        36
          M       0.15      0.16      0.15        45
          O       0.17      0.17      0.17         6
          P       0.25      0.22      0.23        65
          R       0.40      0.40      0.40       117

avg / total       0.29      0.28      0.29       366

[[29  6  9  6  0 10 17]
 [ 1  1  1  3  1  4  9]
 [10  2  5  8  1  3  7]
 [ 7  1  2  7  0  9 19]
 [ 1  0  0  0  1  1  3]
 [13  9  4  8  1 14 16]
 [18 12  9 14  2 15 47]]

CRF
Classification_report:
             precision    recall  f1-score   support

          B       0.56      0.52      0.54        77
          C       0.32      0.35      0.33        20
          G       0.28      0.25      0.26        36
          M       0.17      0.11      0.14        45
          O       0.00      0.00      0.00         6
          P       0.59      0.52      0.55        65
          R       0.51      0.67      0.58       117

avg / total       0.45      0.47      0.46       366

CRF 2.0
Classification_report:
             precision    recall  f1-score   support

          B       0.75      0.66      0.70        77
          C       0.33      0.25      0.29        20
          G       0.57      0.47      0.52        36
          M       0.33      0.27      0.30        45
          O       0.00      0.00      0.00         6
          P       0.64      0.58      0.61        65
          R       0.52      0.68      0.59       117

avg / total       0.55      0.55      0.55       366


SVM RBF
Classification_report:
             precision    recall  f1-score   support

          B       0.61      0.94      0.74       179
          C       0.00      0.00      0.00        20
          G       0.00      0.00      0.00        36
          M       0.00      0.00      0.00        59
          O       0.00      0.00      0.00         1
          P       0.25      0.01      0.03        68
          R       0.49      0.87      0.63       102

avg / total       0.38      0.56      0.43       465

[[169   0   0   0   0   0  10]
 [  0   0   0   1   0   0  19]
 [ 36   0   0   0   0   0   0]
 [  5   0   0   0   0   1  53]
 [  1   0   0   0   0   0   0]
 [ 57   0   0   0   0   1  10]
 [ 11   0   0   0   0   2  89]]

SVM linear
Classification_report:
             precision    recall  f1-score   support

          B       0.71      0.90      0.80       179
          C       0.43      0.15      0.22        20
          G       0.50      0.14      0.22        36
          M       0.53      0.32      0.40        59
          O       0.00      0.00      0.00         1
          P       0.70      0.46      0.55        68
          R       0.51      0.72      0.60       102

avg / total       0.61      0.63      0.60       465

[[161   1   5   1   0   5   6]
 [  0   3   0   1   0   0  16]
 [ 30   0   5   0   0   1   0]
 [  3   0   0  19   0   2  35]
 [  0   0   0   0   0   1   0]
 [ 23   1   0   1   0  31  12]
 [  9   2   0  14   0   4  73]]

KNN
Classification_report:
             precision    recall  f1-score   support

          B       0.76      0.84      0.80       179
          C       0.13      0.15      0.14        20
          G       0.53      0.53      0.53        36
          M       0.36      0.34      0.35        59
          O       0.00      0.00      0.00         1
          P       0.69      0.60      0.65        68
          R       0.47      0.43      0.45       102

avg / total       0.59      0.60      0.59       465

[[150   1  14   3   0   6   5]
 [  1   3   0   1   0   1  14]
 [ 15   0  19   0   0   2   0]
 [  5   3   0  20   0   4  27]
 [  0   0   0   0   0   1   0]
 [ 14   0   1   9   0  41   3]
 [ 13  16   2  23   0   4  44]]

NB
Classification_report:
             precision    recall  f1-score   support

          B       0.59      0.65      0.62       179
          C       0.20      0.15      0.17        20
          G       0.23      0.44      0.30        36
          M       0.40      0.36      0.38        59
          O       0.00      0.00      0.00         1
          P       0.44      0.54      0.49        68
          R       0.50      0.23      0.31       102

avg / total       0.48      0.46      0.46       465

[[116   0  44   3   0  15   1]
 [  1   3   0   4   0   6   6]
 [ 18   0  16   1   0   0   1]
 [ 19   2   1  21   0   6  10]
 [  0   0   0   0   0   1   0]
 [ 17   1   7   1   0  37   5]
 [ 26   9   2  23   0  19  23]]

DT
Classification_report:
             precision    recall  f1-score   support

          B       0.74      0.66      0.70       179
          C       0.04      0.05      0.05        20
          G       0.49      0.58      0.53        36
          M       0.34      0.37      0.35        59
          O       0.00      0.00      0.00         1
          P       0.45      0.51      0.48        68
          R       0.46      0.44      0.45       102

avg / total       0.54      0.52      0.53       465

[[118   0  19   8   0  25   9]
 [  0   1   0   5   0   2  12]
 [ 13   0  21   0   0   1   1]
 [  7   3   0  22   0   6  21]
 [  0   0   0   0   0   1   0]
 [ 14   2   3   5   0  35   9]
 [  7  17   0  25   0   8  45]]

CRF
Classification_report:
             precision    recall  f1-score   support

          B       0.83      0.93      0.88       179
          C       0.67      0.20      0.31        20
          G       0.73      0.53      0.61        36
          M       0.46      0.42      0.44        59
          O       0.00      0.00      0.00         1
          P       0.83      0.71      0.76        68
          R       0.57      0.68      0.62       102

avg / total       0.71      0.71      0.70       465

CRF 2.0
Classification_report:
             precision    recall  f1-score   support

          B       0.99      1.00      1.00       179
          C       0.50      0.40      0.44        20
          G       1.00      1.00      1.00        36
          M       0.93      0.92      0.92        59
          O       0.00      0.00      0.00         1
          P       0.94      0.91      0.93        68
          R       0.83      0.89      0.86       102

avg / total       0.92      0.92      0.92       465


SVM RBF
Classification_report:
             precision    recall  f1-score   support

          B       0.50      0.81      0.62       256
          C       0.00      0.00      0.00        40
          G       0.00      0.00      0.00        72
          M       0.00      0.00      0.00       104
          O       0.00      0.00      0.00         7
          P       0.04      0.01      0.01       133
          R       0.47      0.83      0.60       219

avg / total       0.28      0.47      0.35       831

[[208   0   0   0   0  13  35]
 [  4   0   0   0   0   0  36]
 [ 59   0   0   0   0   1  12]
 [ 17   0   0   0   0   4  83]
 [  4   0   0   0   0   0   3]
 [ 94   0   0   0   0   1  38]
 [ 34   0   0   0   0   4 181]]

SVM linear
Classification_report:
             precision    recall  f1-score   support

          B       0.57      0.77      0.66       256
          C       0.00      0.00      0.00        40
          G       0.50      0.17      0.25        72
          M       0.24      0.08      0.12       104
          O       0.00      0.00      0.00         7
          P       0.62      0.45      0.52       133
          R       0.48      0.72      0.57       219

avg / total       0.47      0.52      0.47       831

[[198   0  11   5   0   9  33]
 [  4   0   0   2   0   3  31]
 [ 49   0  12   0   0   1  10]
 [ 20   0   0   8   0   8  68]
 [  0   0   0   0   0   4   3]
 [ 42   1   0   4   0  60  26]
 [ 35   0   1  15   0  11 157]]

KNN
Classification_report:
             precision    recall  f1-score   support

          B       0.56      0.69      0.62       256
          C       0.21      0.23      0.22        40
          G       0.37      0.47      0.41        72
          M       0.22      0.18      0.20       104
          O       0.00      0.00      0.00         7
          P       0.61      0.48      0.54       133
          R       0.46      0.40      0.43       219

avg / total       0.46      0.47      0.46       831

[[176   1  31  11   0  13  24]
 [  6   9   0   6   0   3  16]
 [ 24   0  34   4   0   4   6]
 [ 25   5  11  19   0   8  36]
 [  1   0   2   0   0   1   3]
 [ 30   6   6   9   1  64  17]
 [ 51  21   9  38   1  12  87]]

NB
Classification_report:
             precision    recall  f1-score   support

          B       0.55      0.34      0.42       256
          C       0.14      0.40      0.20        40
          G       0.26      0.47      0.33        72
          M       0.25      0.25      0.25       104
          O       0.00      0.00      0.00         7
          P       0.37      0.66      0.47       133
          R       0.49      0.18      0.26       219

avg / total       0.42      0.35      0.34       831

[[87 23 65 23  0 50  8]
 [ 3 16  3  1  0 10  7]
 [17  8 34  3  0  8  2]
 [12 12  7 26  0 28 19]
 [ 0  1  0  0  0  5  1]
 [11 14 10  6  0 88  4]
 [28 44 14 45  0 49 39]]

DT
Classification_report:
             precision    recall  f1-score   support

          B       0.59      0.52      0.55       256
          C       0.09      0.07      0.08        40
          G       0.22      0.26      0.24        72
          M       0.16      0.18      0.17       104
          O       0.00      0.00      0.00         7
          P       0.47      0.47      0.47       133
          R       0.39      0.39      0.39       219

avg / total       0.40      0.39      0.39       831

[[133   5  34  28   0  16  40]
 [  5   3   3   7   1   4  17]
 [ 24   1  19   6   0  11  11]
 [ 11   7   8  19   2  14  43]
 [  0   0   0   1   0   2   4]
 [ 19   3   4  19   4  62  22]
 [ 35  16  17  37   4  24  86]]

CRF
Classification_report:
             precision    recall  f1-score   support

          B       0.76      0.80      0.78       256
          C       0.62      0.38      0.47        40
          G       0.60      0.44      0.51        72
          M       0.34      0.27      0.30       104
          O       0.00      0.00      0.00         7
          P       0.70      0.59      0.64       133
          R       0.54      0.71      0.61       219

avg / total       0.61      0.62      0.61       831

CRF 2.0
Classification_report:
             precision    recall  f1-score   support

          B       0.91      0.87      0.89       256
          C       0.56      0.45      0.50        40
          G       0.78      0.72      0.75        72
          M       0.71      0.68      0.70       104
          O       0.00      0.00      0.00         7
          P       0.80      0.77      0.78       133
          R       0.69      0.80      0.74       219

avg / total       0.77      0.77      0.77       831
