SVM RBF
Classification_report:
             precision    recall  f1-score   support
          B       0.38      0.40      0.39        77
          C       0.00      0.00      0.00        20
          G       0.00      0.00      0.00        36
          M       0.00      0.00      0.00        45
          O       0.00      0.00      0.00         6
          P       0.35      0.38      0.37        65
          R       0.43      0.78      0.55       117

avg / total       0.28      0.40      0.32       366

[[31  0  0  0  0 18 28]
 [ 2  0  0  0  0  1 17]
 [ 8  0  0  0  0  9 19]
 [10  0  0  0  0  6 29]
 [ 0  0  0  0  0  2  4]
 [14  0  0  0  0 25 26]
 [16  0  0  0  0 10 91]]

SVM linear
Classification_report:
             precision    recall  f1-score   support
          B       0.42      0.52      0.46        77
          C       0.00      0.00      0.00        20
          G       0.17      0.03      0.05        36
          M       0.00      0.00      0.00        45
          O       0.00      0.00      0.00         6
          P       0.39      0.43      0.41        65
          R       0.45      0.73      0.55       117

avg / total       0.32      0.42      0.35       366

[[40  0  4  0  0  7 26]
 [ 3  0  0  0  0  3 14]
 [14  0  1  0  0  7 14]
 [ 8  0  0  0  0 10 27]
 [ 0  0  0  0  0  3  3]
 [14  0  1  0  0 28 22]
 [17  1  0  1  0 13 85]]

KNN
Classification_report:
             precision    recall  f1-score   support
          B       0.36      0.60      0.45        77
          C       0.20      0.25      0.22        20
          G       0.34      0.39      0.36        36
          M       0.17      0.11      0.14        45
          O       0.00      0.00      0.00         6
          P       0.49      0.40      0.44        65
          R       0.44      0.34      0.38       117

avg / total       0.37      0.37      0.36       366

[[46  3  7  2  0  4 15]
 [ 5  5  1  1  0  4  4]
 [11  2 14  2  0  1  6]
 [14  4  5  5  0  2 15]
 [ 1  0  3  0  0  0  2]
 [12  6  3  9  0 26  9]
 [38  5  8 10  0 16 40]]

NB
Classification_report:
             precision    recall  f1-score   support
          B       0.75      0.08      0.14        77
          C       0.08      0.15      0.10        20
          G       0.00      0.00      0.00        36
          M       0.14      0.20      0.17        45
          O       0.50      0.17      0.25         6
          P       0.30      0.57      0.39        65
          R       0.43      0.45      0.44       117

avg / total       0.38      0.30      0.27       366

[[ 6 10  5  9  1 20 26]
 [ 0  3  1  3  0  5  8]
 [ 1  5  0  3  0 17 10]
 [ 0  1  0  9  0 18 17]
 [ 0  1  0  1  1  1  2]
 [ 0  8  0 14  0 37  6]
 [ 1 11  0 25  0 27 53]]

DT
Classification_report:
             precision    recall  f1-score   support
          B       0.32      0.26      0.29        77
          C       0.12      0.10      0.11        20
          G       0.20      0.22      0.21        36
          M       0.09      0.07      0.07        45
          O       0.00      0.00      0.00         6
          P       0.32      0.32      0.32        65
          R       0.41      0.49      0.44       117

avg / total       0.29      0.30      0.30       366

[[20  0 10 12  0 12 23]
 [ 1  2  0  2  0  5 10]
 [ 7  1  8  2  1  7 10]
 [ 6  2  8  3  1  4 21]
 [ 0  0  0  0  0  3  3]
 [10  5  6  6  1 21 16]
 [18  7  8 10  3 14 57]]

CRF
Classification_report:
             precision    recall  f1-score   support

          B       0.59      0.52      0.55        77
          C       0.44      0.35      0.39        20
          G       0.36      0.28      0.31        36
          M       0.32      0.20      0.25        45
          O       0.00      0.00      0.00         6
          P       0.60      0.51      0.55        65
          R       0.52      0.71      0.60       117

avg / total       0.49      0.50      0.49       366

CRF 2.0
Classification_report:
             precision    recall  f1-score   support
          B       0.75      0.66      0.70        77
          C       0.31      0.25      0.28        20
          G       0.55      0.44      0.49        36
          M       0.32      0.29      0.30        45
          O       0.00      0.00      0.00         6
          P       0.65      0.63      0.64        65
          R       0.55      0.68      0.61       117

avg / total       0.56      0.56      0.56       366


SVM RBF
Classification_report:
             precision    recall  f1-score   support
          B       0.81      0.85      0.83       179
          C       0.00      0.00      0.00        20
          G       0.00      0.00      0.00        36
          M       0.00      0.00      0.00        59
          O       0.00      0.00      0.00         1
          P       0.46      0.59      0.52        68
          R       0.48      0.89      0.63       102

avg / total       0.48      0.61      0.53       465

[[153   0   0   0   0  17   9]
 [  0   0   0   0   0   0  20]
 [ 15   0   0   0   0  21   0]
 [  1   0   0   0   0   2  56]
 [  0   0   0   0   0   1   0]
 [ 15   0   0   0   0  40  13]
 [  5   0   0   0   0   6  91]]

SVM linear
Classification_report:
             precision    recall  f1-score   support
          B       0.71      0.92      0.80       179
          C       0.25      0.05      0.08        20
          G       0.00      0.00      0.00        36
          M       0.45      0.24      0.31        59
          O       0.00      0.00      0.00         1
          P       0.67      0.44      0.53        68
          R       0.50      0.75      0.60       102

avg / total       0.55      0.62      0.56       465

[[165   1   0   0   0   7   6]
 [  0   1   0   0   0   0  19]
 [ 34   0   0   0   0   2   0]
 [  2   0   0  14   0   1  42]
 [  1   0   0   0   0   0   0]
 [ 23   1   0   5   0  30   9]
 [  7   1   0  12   0   5  77]]

KNN
Classification_report:
             precision    recall  f1-score   support
          B       0.74      0.85      0.79       179
          C       0.12      0.10      0.11        20
          G       0.56      0.50      0.53        36
          M       0.34      0.32      0.33        59
          O       0.00      0.00      0.00         1
          P       0.73      0.60      0.66        68
          R       0.49      0.47      0.48       102

avg / total       0.59      0.60      0.59       465

[[153   1  12   4   0   5   4]
 [  1   2   0   1   0   0  16]
 [ 16   0  18   0   0   2   0]
 [  6   2   0  19   0   5  27]
 [  0   0   0   0   0   1   0]
 [ 14   0   1   9   0  41   3]
 [ 17  11   1  23   0   2  48]]

NB
Classification_report:
             precision    recall  f1-score   support
          B       0.60      0.69      0.64       179
          C       0.25      0.60      0.35        20
          G       0.29      0.53      0.38        36
          M       0.36      0.27      0.31        59
          O       0.00      0.00      0.00         1
          P       0.40      0.54      0.46        68
          R       0.56      0.05      0.09       102

avg / total       0.49      0.46      0.42       465

[[124   1  38   1   0  15   0]
 [  0  12   0   2   0   4   2]
 [ 16   0  19   0   0   1   0]
 [ 23   6   0  16   0  12   2]
 [  0   0   1   0   0   0   0]
 [ 23   3   4   1   0  37   0]
 [ 21  26   3  24   0  23   5]]

DT
Classification_report:
             precision    recall  f1-score   support
          B       0.76      0.72      0.74       179
          C       0.06      0.05      0.05        20
          G       0.53      0.53      0.53        36
          M       0.25      0.25      0.25        59
          O       0.00      0.00      0.00         1
          P       0.53      0.63      0.58        68
          R       0.41      0.41      0.41       102

avg / total       0.54      0.54      0.54       465

[[129   2  16   5   0  18   9]
 [  1   1   0   5   0   1  12]
 [ 15   0  19   0   0   1   1]
 [  6   3   0  15   0   5  30]
 [  0   0   0   0   0   1   0]
 [  9   0   1   6   0  43   9]
 [  9  11   0  28   0  12  42]]

CRF
Classification_report:
             precision    recall  f1-score   support

          B       0.84      0.94      0.89       179
          C       0.27      0.15      0.19        20
          G       0.83      0.53      0.64        36
          M       0.42      0.37      0.39        59
          O       0.00      0.00      0.00         1
          P       0.82      0.69      0.75        68
          R       0.53      0.63      0.57       102

avg / total       0.69      0.69      0.69       465

CRF 2.0
Classification_report:
             precision    recall  f1-score   support

          B       1.00      1.00      1.00       179
          C       0.38      0.30      0.33        20
          G       1.00      1.00      1.00        36
          M       0.93      0.92      0.92        59
          O       0.00      0.00      0.00         1
          P       0.94      0.91      0.93        68
          R       0.81      0.87      0.84       102

avg / total       0.91      0.92      0.91       465


SVM RBF
Classification_report:
             precision    recall  f1-score   support
          B       0.72      0.78      0.75       256
          C       0.00      0.00      0.00        40
          G       0.00      0.00      0.00        72
          M       0.00      0.00      0.00       104
          O       0.00      0.00      0.00         7
          P       0.46      0.56      0.51       133
          R       0.47      0.83      0.60       219

avg / total       0.42      0.55      0.47       831

[[200   0   0   0   0  21  35]
 [  4   0   0   0   0   1  35]
 [ 20   0   0   2   0  37  13]
 [ 12   0   0   0   0   8  84]
 [  0   0   0   0   0   3   4]
 [ 22   0   0   0   0  74  37]
 [ 20   0   0   1   0  16 182]]

SVM linear
Classification_report:
             precision    recall  f1-score   support
          B       0.58      0.80      0.68       256
          C       0.00      0.00      0.00        40
          G       0.17      0.01      0.03        72
          M       0.20      0.01      0.02       104
          O       0.00      0.00      0.00         7
          P       0.50      0.38      0.43       133
          R       0.48      0.80      0.60       219

avg / total       0.42      0.52      0.44       831

[[205   0   5   0   0  11  35]
 [  4   0   0   0   0   3  33]
 [ 52   0   1   0   0   7  12]
 [ 13   0   0   1   0  15  75]
 [  1   0   0   1   0   3   2]
 [ 46   1   0   1   0  50  35]
 [ 30   0   0   2   0  12 175]]

KNN
Classification_report:
             precision    recall  f1-score   support
          B       0.56      0.70      0.62       256
          C       0.22      0.25      0.24        40
          G       0.37      0.42      0.39        72
          M       0.21      0.19      0.20       104
          O       0.00      0.00      0.00         7
          P       0.59      0.47      0.52       133
          R       0.45      0.38      0.41       219

avg / total       0.45      0.46      0.45       831

[[178   0  27  13   0  14  24]
 [  7  10   0   5   0   2  16]
 [ 29   0  30   4   0   4   5]
 [ 27   3   9  20   0   6  39]
 [  1   0   2   1   0   1   2]
 [ 28  10   5  11   0  62  17]
 [ 49  22   9  40   0  16  83]]

NB
Classification_report:
             precision    recall  f1-score   support
          B       0.67      0.14      0.23       256
          C       0.14      0.60      0.23        40
          G       0.31      0.31      0.31        72
          M       0.30      0.20      0.24       104
          O       0.10      0.14      0.12         7
          P       0.24      0.80      0.37       133
          R       0.42      0.04      0.07       219

avg / total       0.43      0.26      0.22       831

[[ 36  31  34  12   3 137   3]
 [  0  24   1   1   2  10   2]
 [  7   9  22   3   0  31   0]
 [  1  21   3  21   1  51   6]
 [  0   2   0   0   1   4   0]
 [  1  16   4   4   2 106   0]
 [  9  70   8  28   1  95   8]]

DT
Classification_report:
             precision    recall  f1-score   support
          B       0.56      0.54      0.55       256
          C       0.10      0.12      0.11        40
          G       0.27      0.26      0.27        72
          M       0.18      0.19      0.18       104
          O       0.00      0.00      0.00         7
          P       0.44      0.41      0.42       133
          R       0.33      0.32      0.33       219

avg / total       0.38      0.37      0.38       831

[[139   6  31  21   1  17  41]
 [  5   5   2   5   0   4  19]
 [ 29   1  19   5   0   4  14]
 [ 19  10   5  20   2   6  42]
 [  1   1   0   0   0   3   2]
 [ 18   8   5  18   5  54  25]
 [ 37  21   8  45   2  35  71]]

CRF
Classification_report:
             precision    recall  f1-score   support
          B       0.77      0.80      0.79       256
          C       0.76      0.33      0.46        40
          G       0.59      0.46      0.52        72
          M       0.35      0.28      0.31       104
          O       0.00      0.00      0.00         7
          P       0.73      0.62      0.67       133
          R       0.53      0.70      0.60       219

avg / total       0.63      0.62      0.61       831

CRF 2.0
Classification_report:
             precision    recall  f1-score   support
          B       0.90      0.87      0.88       256
          C       0.61      0.50      0.55        40
          G       0.77      0.76      0.77        72
          M       0.68      0.68      0.68       104
          O       0.00      0.00      0.00         7
          P       0.82      0.77      0.79       133
          R       0.71      0.81      0.75       219

avg / total       0.77      0.78      0.78       831
