SVM RBF
Classification_report:
             precision    recall  f1-score   support

          B       0.23      0.19      0.21        77
          C       0.00      0.00      0.00        20
          G       0.00      0.00      0.00        36
          M       0.00      0.00      0.00        45
          O       0.00      0.00      0.00         6
          P       0.00      0.00      0.00        65
          R       0.33      0.85      0.48       117

avg / total       0.15      0.31      0.20       366

[[ 15   0   0   0   0   0  62]
 [  3   0   0   0   0   0  17]
 [  5   0   0   0   0   0  31]
 [ 11   0   0   0   0   0  34]
 [  1   0   0   0   0   0   5]
 [ 14   0   0   0   0   0  51]
 [ 17   0   0   0   0   0 100]]

SVM linear
Classification_report:
             precision    recall  f1-score   support

          B       0.38      0.42      0.40        77
          C       0.00      0.00      0.00        20
          G       0.48      0.31      0.37        36
          M       0.22      0.11      0.15        45
          O       0.00      0.00      0.00         6
          P       0.52      0.49      0.50        65
          R       0.44      0.64      0.52       117

avg / total       0.39      0.42      0.39       366

[[32  0  6  4  0  7 28]
 [ 4  0  0  0  0  2 14]
 [15  2 11  0  0  1  7]
 [ 8  0  1  5  0  5 26]
 [ 0  0  0  0  0  4  2]
 [ 8  0  3  3  0 32 19]
 [17  1  2 11  0 11 75]]

KNN
Classification_report:
             precision    recall  f1-score   support

          B       0.36      0.58      0.45        77
          C       0.18      0.25      0.21        20
          G       0.35      0.36      0.36        36
          M       0.18      0.13      0.15        45
          O       0.00      0.00      0.00         6
          P       0.44      0.35      0.39        65
          R       0.41      0.32      0.36       117

avg / total       0.35      0.35      0.34       366

[[45  4  5  2  0  5 16]
 [ 4  5  1  1  0  4  5]
 [13  2 13  2  0  1  5]
 [12  3  4  6  0  3 17]
 [ 2  0  2  0  0  1  1]
 [11  8  4 10  0 23  9]
 [38  6  8 12  1 15 37]]

NB
Classification_report:
             precision    recall  f1-score   support

          B       0.47      0.31      0.37        77
          C       0.11      0.10      0.11        20
          G       0.31      0.31      0.31        36
          M       0.25      0.29      0.27        45
          O       0.00      0.00      0.00         6
          P       0.42      0.60      0.50        65
          R       0.44      0.44      0.44       117

avg / total       0.38      0.38      0.38       366

[[24  2 14 11  0  8 18]
 [ 2  2  1  0  0  6  9]
 [ 8  3 11  1  0  5  8]
 [ 1  0  3 13  0 10 18]
 [ 0  1  0  0  0  2  3]
 [ 2  4  3  7  0 39 10]
 [14  6  3 21  0 22 51]]

DT
Classification_report:
             precision    recall  f1-score   support

          B       0.35      0.40      0.37        77
          C       0.05      0.05      0.05        20
          G       0.16      0.17      0.16        36
          M       0.17      0.18      0.18        45
          O       0.00      0.00      0.00         6
          P       0.23      0.22      0.22        65
          R       0.43      0.38      0.41       117

avg / total       0.29      0.29      0.29       366

[[31  8  3 11  2 12 10]
 [ 3  1  1  2  0  4  9]
 [11  3  6  4  1  7  4]
 [ 8  1  3  8  1  7 17]
 [ 1  0  0  0  0  2  3]
 [10  5 10  8  1 14 17]
 [25  4 14 13  1 15 45]]

CRF
Classification_report:
             precision    recall  f1-score   support

          B       0.55      0.47      0.51        77
          C       0.33      0.25      0.29        20
          G       0.38      0.28      0.32        36
          M       0.29      0.18      0.22        45
          O       0.00      0.00      0.00         6
          P       0.60      0.48      0.53        65
          R       0.50      0.72      0.59       117

avg / total       0.47      0.48      0.46       366

CRF 2.0
Classification_report:
             precision    recall  f1-score   support

          B       0.76      0.66      0.71        77
          C       0.31      0.25      0.28        20
          G       0.59      0.47      0.52        36
          M       0.34      0.27      0.30        45
          O       0.00      0.00      0.00         6
          P       0.65      0.60      0.62        65
          R       0.51      0.68      0.58       117

avg / total       0.56      0.55      0.55       366


SVM RBF
Classification_report:
             precision    recall  f1-score   support

          B       0.56      0.96      0.71       179
          C       0.00      0.00      0.00        20
          G       0.00      0.00      0.00        36
          M       0.00      0.00      0.00        59
          O       0.00      0.00      0.00         1
          P       0.00      0.00      0.00        68
          R       0.53      0.81      0.64       102

avg / total       0.33      0.55      0.41       465

[[172   0   0   0   0   0   7]
 [  0   0   0   0   0   0  20]
 [ 36   0   0   0   0   0   0]
 [ 18   0   0   0   0   0  41]
 [  1   0   0   0   0   0   0]
 [ 61   0   0   0   0   0   7]
 [ 19   0   0   0   0   0  83]]

SVM linear
Classification_report:
             precision    recall  f1-score   support

          B       0.74      0.91      0.81       179
          C       0.44      0.20      0.28        20
          G       0.62      0.28      0.38        36
          M       0.56      0.37      0.45        59
          O       0.00      0.00      0.00         1
          P       0.81      0.56      0.66        68
          R       0.54      0.72      0.62       102

avg / total       0.66      0.66      0.64       465

[[162   1   6   0   0   4   6]
 [  0   4   0   1   0   0  15]
 [ 26   0  10   0   0   0   0]
 [  4   0   0  22   0   2  31]
 [  1   0   0   0   0   0   0]
 [ 18   1   0   1   0  38  10]
 [  8   3   0  15   0   3  73]]

KNN
Classification_report:
             precision    recall  f1-score   support

          B       0.76      0.85      0.80       179
          C       0.10      0.10      0.10        20
          G       0.53      0.53      0.53        36
          M       0.38      0.39      0.39        59
          O       0.00      0.00      0.00         1
          P       0.76      0.60      0.67        68
          R       0.49      0.45      0.47       102

avg / total       0.60      0.61      0.60       465

[[152   1  13   4   0   4   5]
 [  1   2   0   1   0   1  15]
 [ 16   0  19   0   0   1   0]
 [  6   3   0  23   0   4  23]
 [  0   0   0   0   0   1   0]
 [ 14   0   1   7   0  41   5]
 [ 11  15   3  25   0   2  46]]

NB
Classification_report:
             precision    recall  f1-score   support

          B       0.59      0.58      0.58       179
          C       0.04      0.05      0.05        20
          G       0.23      0.39      0.29        36
          M       0.38      0.39      0.39        59
          O       0.00      0.00      0.00         1
          P       0.40      0.51      0.45        68
          R       0.44      0.25      0.31       102

avg / total       0.45      0.43      0.43       465

[[104   2  35   8   0  23   7]
 [  5   1   0   4   0   5   5]
 [ 17   2  14   2   0   0   1]
 [ 12   4   2  23   0   7  11]
 [  1   0   0   0   0   0   0]
 [ 13   5   4   3   0  35   8]
 [ 25   9   6  20   0  17  25]]

DT
Classification_report:
             precision    recall  f1-score   support

          B       0.72      0.72      0.72       179
          C       0.25      0.30      0.27        20
          G       0.44      0.56      0.49        36
          M       0.31      0.27      0.29        59
          O       0.00      0.00      0.00         1
          P       0.60      0.56      0.58        68
          R       0.46      0.46      0.46       102

avg / total       0.55      0.55      0.55       465

[[129   1  21   4   0  12  12]
 [  0   6   0   6   0   1   7]
 [ 14   0  20   0   0   0   2]
 [  8   5   0  16   0   4  26]
 [  1   0   0   0   0   0   0]
 [ 14   1   2   3   1  38   9]
 [ 12  11   2  22   0   8  47]]

CRF
Classification_report:
             precision    recall  f1-score   support

          B       0.84      0.94      0.89       179
          C       0.40      0.20      0.27        20
          G       0.83      0.53      0.64        36
          M       0.45      0.42      0.44        59
          O       0.00      0.00      0.00         1
          P       0.82      0.75      0.78        68
          R       0.56      0.63      0.59       102

avg / total       0.70      0.71      0.70       465

CRF 2.0
Classification_report:
             precision    recall  f1-score   support

          B       0.99      1.00      1.00       179
          C       0.47      0.40      0.43        20
          G       1.00      1.00      1.00        36
          M       0.95      0.92      0.93        59
          O       0.00      0.00      0.00         1
          P       0.94      0.93      0.93        68
          R       0.83      0.88      0.86       102

avg / total       0.92      0.92      0.92       465


SVM RBF
Classification_report:
             precision    recall  f1-score   support

          B       0.48      0.87      0.62       256
          C       0.00      0.00      0.00        40
          G       0.00      0.00      0.00        72
          M       0.00      0.00      0.00       104
          O       0.00      0.00      0.00         7
          P       0.00      0.00      0.00       133
          R       0.48      0.80      0.60       219

avg / total       0.27      0.48      0.35       831

[[223   0   0   0   0   0  33]
 [  5   0   0   0   0   0  35]
 [ 60   0   0   0   0   0  12]
 [ 29   0   0   0   0   0  75]
 [  5   0   0   0   0   0   2]
 [100   0   0   0   0   0  33]
 [ 43   0   0   0   0   0 176]]

SVM linear
Classification_report:
             precision    recall  f1-score   support

          B       0.59      0.74      0.66       256
          C       0.17      0.03      0.04        40
          G       0.41      0.22      0.29        72
          M       0.30      0.12      0.18       104
          O       0.00      0.00      0.00         7
          P       0.64      0.56      0.60       133
          R       0.48      0.67      0.56       219

avg / total       0.49      0.53      0.49       831

[[189   0  19   7   0   9  32]
 [  3   1   0   2   0   2  32]
 [ 46   0  16   0   0   2   8]
 [ 17   0   1  13   0  11  62]
 [  0   0   0   0   0   4   3]
 [ 29   2   0   5   0  74  23]
 [ 36   3   3  17   0  13 147]]

KNN
Classification_report:
             precision    recall  f1-score   support

          B       0.55      0.70      0.62       256
          C       0.24      0.28      0.26        40
          G       0.40      0.50      0.44        72
          M       0.23      0.18      0.20       104
          O       0.00      0.00      0.00         7
          P       0.63      0.47      0.54       133
          R       0.46      0.39      0.42       219

avg / total       0.47      0.47      0.46       831

[[180   2  28   9   0  12  25]
 [  6  11   0   6   0   2  15]
 [ 23   0  36   4   0   4   5]
 [ 29   4  11  19   0   5  36]
 [  2   0   1   0   0   2   2]
 [ 30   6   6  11   1  62  17]
 [ 56  23   9  34   1  11  85]]

NB
Classification_report:
             precision    recall  f1-score   support

          B       0.57      0.36      0.44       256
          C       0.13      0.40      0.20        40
          G       0.27      0.46      0.34        72
          M       0.22      0.25      0.23       104
          O       0.00      0.00      0.00         7
          P       0.45      0.65      0.53       133
          R       0.43      0.22      0.29       219

avg / total       0.42      0.36      0.37       831

[[92 24 59 33  0 28 20]
 [ 3 16  5  4  0  8  4]
 [17 10 33  3  0  4  5]
 [12 10  8 26  0 21 27]
 [ 0  2  0  0  0  3  2]
 [ 9 15  7  7  0 87  8]
 [27 42 12 46  0 43 49]]

DT
Classification_report:
             precision    recall  f1-score   support

          B       0.61      0.60      0.60       256
          C       0.09      0.10      0.09        40
          G       0.28      0.29      0.29        72
          M       0.19      0.20      0.20       104
          O       0.00      0.00      0.00         7
          P       0.44      0.40      0.42       133
          R       0.41      0.41      0.41       219

avg / total       0.42      0.41      0.41       831

[[153   7  24  17   0  25  30]
 [  4   4   4   5   0   4  19]
 [ 22   2  21   8   1   5  13]
 [ 14   6   6  21   1  12  44]
 [  1   0   1   1   0   3   1]
 [ 24   5   6  15   5  53  25]
 [ 34  22  12  42   1  18  90]]

CRF
Classification_report:
             precision    recall  f1-score   support

          B       0.76      0.80      0.78       256
          C       0.67      0.35      0.46        40
          G       0.60      0.46      0.52        72
          M       0.35      0.27      0.30       104
          O       0.00      0.00      0.00         7
          P       0.70      0.60      0.65       133
          R       0.53      0.70      0.61       219

avg / total       0.61      0.62      0.61       831

CRF 2.0
Classification_report:
             precision    recall  f1-score   support

          B       0.93      0.87      0.90       256
          C       0.60      0.45      0.51        40
          G       0.83      0.74      0.78        72
          M       0.70      0.68      0.69       104
          O       0.00      0.00      0.00         7
          P       0.83      0.76      0.80       133
          R       0.67      0.83      0.74       219

avg / total       0.79      0.78      0.78       831
