Reading  corpus/output366.json
SVM RBF
Classification_report:
             precision    recall  f1-score   support

          B       0.35      0.45      0.40        77
          C       0.18      0.10      0.13        20
          G       0.31      0.25      0.28        36
          M       0.24      0.24      0.24        45
          O       0.33      0.17      0.22         6
          P       0.44      0.45      0.44        65
          R       0.45      0.43      0.44       117

avg / total       0.37      0.37      0.37       366

[[35  2  7  4  0  8 21]
 [ 6  2  3  0  0  4  5]
 [17  2  9  0  0  5  3]
 [ 9  1  1 11  0  6 17]
 [ 0  0  0  0  1  4  1]
 [ 7  3  5  6  1 29 14]
 [26  1  4 25  1 10 50]]

SVM linear
Classification_report:
             precision    recall  f1-score   support

          B       0.40      0.48      0.44        77
          C       0.18      0.25      0.21        20
          G       0.24      0.31      0.27        36
          M       0.17      0.22      0.19        45
          O       0.67      0.67      0.67         6
          P       0.38      0.32      0.35        65
          R       0.42      0.29      0.35       117

avg / total       0.35      0.33      0.34       366

[[37  5 12  7  0  8  8]
 [ 1  5  4  1  0  3  6]
 [11  3 11  2  0  4  5]
 [ 6  2  3 10  0  8 16]
 [ 0  0  0  0  4  0  2]
 [14  3  7 11  0 21  9]
 [24 10  9 27  2 11 34]]

Reading  corpus/output466.json
SVM RBF
Classification_report:
             precision    recall  f1-score   support

          B       0.66      0.73      0.69       179
          C       0.09      0.05      0.06        20
          G       0.38      0.31      0.34        36
          M       0.38      0.36      0.37        59
          O       0.00      0.00      0.00         1
          P       0.55      0.56      0.55        68
          R       0.47      0.47      0.47       102

avg / total       0.52      0.54      0.53       465

[[130   2  13   6   0  13  15]
 [  4   1   1   2   0   2  10]
 [ 23   0  11   0   0   2   0]
 [  8   2   0  21   0   5  23]
 [  0   0   0   0   0   1   0]
 [ 16   1   3   4   0  38   6]
 [ 17   5   1  23   0   8  48]]

SVM linear
Classification_report:
             precision    recall  f1-score   support

          B       0.65      0.70      0.67       179
          C       0.20      0.20      0.20        20
          G       0.38      0.39      0.38        36
          M       0.29      0.29      0.29        59
          O       0.00      0.00      0.00         1
          P       0.47      0.56      0.51        68
          R       0.34      0.25      0.29       102

avg / total       0.47      0.48      0.47       465

[[125   1  19   3   0  17  14]
 [  1   4   1   3   0   2   9]
 [ 20   0  14   0   0   2   0]
 [  7   2   0  17   0   6  27]
 [  0   0   0   0   0   1   0]
 [ 19   1   3   6   0  38   1]
 [ 20  12   0  29   0  15  26]]

Reading  corpus/output832.json
SVM RBF
Classification_report:
             precision    recall  f1-score   support

          B       0.52      0.61      0.56       256
          C       0.23      0.17      0.20        40
          G       0.27      0.21      0.24        72
          M       0.33      0.31      0.32       104
          O       0.17      0.14      0.15         7
          P       0.47      0.50      0.49       133
          R       0.43      0.40      0.41       219

avg / total       0.43      0.44      0.43       831

[[156   6  28  10   0  23  33]
 [  7   7   2   2   0   8  14]
 [ 44   1  15   3   0   4   5]
 [ 15   3   0  32   1  10  43]
 [  0   0   0   0   1   3   3]
 [ 33   3   3   9   1  66  18]
 [ 46  10   7  41   3  25  87]]

SVM linear
Classification_report:
             precision    recall  f1-score   support

          B       0.55      0.65      0.60       256
          C       0.13      0.15      0.14        40
          G       0.29      0.29      0.29        72
          M       0.28      0.23      0.25       104
          O       0.27      0.43      0.33         7
          P       0.44      0.42      0.43       133
          R       0.45      0.39      0.42       219

avg / total       0.43      0.43      0.43       831

[[166   6  25  15   0  19  25]
 [  6   6   2   2   2   6  16]
 [ 37   2  21   0   0   6   6]
 [ 18   2   1  24   2  16  41]
 [  0   0   0   0   3   2   2]
 [ 33   8  11  12   1  56  12]
 [ 40  23  12  34   3  22  85]]

