Reading  corpus/output366.json
SVM RBF
Classification_report:
             precision    recall  f1-score   support

          B       0.36      0.43      0.39        77
          C       0.50      0.05      0.09        20
          G       0.40      0.17      0.24        36
          M       0.42      0.24      0.31        45
          O       0.00      0.00      0.00         6
          P       0.54      0.58      0.56        65
          R       0.43      0.60      0.50       117

avg / total       0.43      0.43      0.41       366

[[33  0  5  2  0  8 29]
 [ 5  1  2  0  0  1 11]
 [18  0  6  1  0  6  5]
 [ 3  0  0 11  0  3 28]
 [ 0  0  0  0  0  5  1]
 [ 8  0  1  1  0 38 17]
 [24  1  1 11  0 10 70]]

SVM linear
Classification_report:
             precision    recall  f1-score   support

          B       0.40      0.42      0.41        77
          C       0.18      0.20      0.19        20
          G       0.47      0.42      0.44        36
          M       0.21      0.24      0.22        45
          O       1.00      0.33      0.50         6
          P       0.62      0.55      0.59        65
          R       0.47      0.47      0.47       117

avg / total       0.44      0.42      0.43       366

[[32  6  8  8  0  4 19]
 [ 3  4  1  1  0  1 10]
 [11  3 15  3  0  2  2]
 [ 9  1  1 11  0  5 18]
 [ 0  0  0  0  2  2  2]
 [ 7  3  2  5  0 36 12]
 [19  5  5 25  0  8 55]]

Reading  corpus/output466.json
SVM RBF
Classification_report:
             precision    recall  f1-score   support

          B       0.56      0.82      0.66       179
          C       0.00      0.00      0.00        20
          G       0.60      0.08      0.15        36
          M       0.36      0.22      0.27        59
          O       0.00      0.00      0.00         1
          P       0.67      0.44      0.53        68
          R       0.42      0.47      0.45       102

avg / total       0.50      0.52      0.48       465

[[146   1   2   5   0   7  18]
 [  6   0   0   1   0   2  11]
 [ 32   0   3   0   0   0   1]
 [ 18   1   0  13   0   2  25]
 [  0   0   0   0   0   0   1]
 [ 26   1   0   2   0  30   9]
 [ 33   2   0  15   0   4  48]]

SVM linear
Classification_report:
             precision    recall  f1-score   support

          B       0.60      0.64      0.62       179
          C       0.07      0.05      0.06        20
          G       0.28      0.25      0.26        36
          M       0.30      0.34      0.32        59
          O       0.00      0.00      0.00         1
          P       0.51      0.54      0.53        68
          R       0.42      0.36      0.39       102

avg / total       0.46      0.47      0.46       465

[[114   1  20  14   0  17  13]
 [  6   1   0   2   0   2   9]
 [ 24   0   9   0   0   1   2]
 [  9   3   1  20   0   6  20]
 [  0   0   0   0   0   0   1]
 [ 16   3   0   5   0  37   7]
 [ 21   7   2  26   0   9  37]]

Reading  corpus/output832.json
SVM RBF
Classification_report:
             precision    recall  f1-score   support

          B       0.51      0.70      0.59       256
          C       0.50      0.10      0.17        40
          G       0.41      0.15      0.22        72
          M       0.38      0.24      0.29       104
          O       0.00      0.00      0.00         7
          P       0.57      0.56      0.57       133
          R       0.45      0.50      0.47       219

avg / total       0.47      0.49      0.46       831

[[179   1  11   7   0  15  43]
 [ 12   4   1   0   0   6  17]
 [ 56   0  11   1   0   2   2]
 [ 20   0   1  25   0   8  50]
 [  0   0   0   0   0   5   2]
 [ 28   1   0   7   0  75  22]
 [ 56   2   3  26   1  21 110]]

SVM linear
Classification_report:
             precision    recall  f1-score   support

          B       0.54      0.61      0.57       256
          C       0.22      0.20      0.21        40
          G       0.30      0.31      0.30        72
          M       0.31      0.33      0.32       104
          O       0.20      0.14      0.17         7
          P       0.57      0.56      0.57       133
          R       0.47      0.41      0.44       219

avg / total       0.46      0.46      0.46       831

[[155   7  35  13   0  12  34]
 [  8   8   3   1   1   5  14]
 [ 38   1  22   2   0   3   6]
 [ 20   2   1  34   1  11  35]
 [  0   0   0   0   1   4   2]
 [ 26   6   5  12   0  75   9]
 [ 39  13   7  46   2  22  90]]

