Reading  corpus/output366.json
SVM RBF
Classification_report:
             precision    recall  f1-score   support

          B       0.47      0.40      0.43        77
          C       0.00      0.00      0.00        20
          G       1.00      0.14      0.24        36
          M       0.46      0.13      0.21        45
          O       0.00      0.00      0.00         6
          P       0.57      0.49      0.53        65
          R       0.38      0.74      0.50       117

avg / total       0.48      0.44      0.39       366

[[31  0  0  1  0  7 38]
 [ 1  0  0  0  0  1 18]
 [10  0  5  1  0  3 17]
 [ 0  0  0  6  0  2 37]
 [ 0  0  0  0  0  3  3]
 [ 6  0  0  0  0 32 27]
 [18  0  0  5  0  8 86]]

SVM linear
Classification_report:
             precision    recall  f1-score   support

          B       0.40      0.44      0.42        77
          C       0.16      0.15      0.15        20
          G       0.47      0.39      0.42        36
          M       0.23      0.24      0.24        45
          O       1.00      0.17      0.29         6
          P       0.62      0.57      0.59        65
          R       0.48      0.51      0.50       117

avg / total       0.45      0.44      0.44       366

[[34  4  8 11  0  3 17]
 [ 3  3  0  1  0  3 10]
 [16  2 14  0  0  1  3]
 [ 7  1  0 11  0  3 23]
 [ 0  0  0  0  1  4  1]
 [ 6  3  4  5  0 37 10]
 [19  6  4 19  0  9 60]]

Reading  corpus/output466.json
SVM RBF
Classification_report:
             precision    recall  f1-score   support

          B       0.51      0.89      0.65       179
          C       0.00      0.00      0.00        20
          G       0.00      0.00      0.00        36
          M       0.52      0.19      0.27        59
          O       0.00      0.00      0.00         1
          P       0.78      0.37      0.50        68
          R       0.42      0.41      0.42       102

avg / total       0.47      0.51      0.45       465

[[160   0   0   0   0   1  18]
 [ 11   0   0   0   0   3   6]
 [ 35   0   0   0   0   0   1]
 [ 23   0   0  11   0   1  24]
 [  0   0   0   0   0   0   1]
 [ 36   0   0   0   0  25   7]
 [ 48   0   0  10   0   2  42]]

SVM linear
Classification_report:
             precision    recall  f1-score   support

          B       0.61      0.68      0.64       179
          C       0.00      0.00      0.00        20
          G       0.23      0.17      0.19        36
          M       0.32      0.36      0.34        59
          O       0.00      0.00      0.00         1
          P       0.55      0.56      0.55        68
          R       0.41      0.37      0.39       102

avg / total       0.46      0.48      0.47       465

[[122   1  18   9   0  14  15]
 [  7   0   0   1   0   3   9]
 [ 27   0   6   0   0   2   1]
 [ 10   2   0  21   0   3  23]
 [  0   0   0   0   0   1   0]
 [ 14   2   1   6   0  38   7]
 [ 21   5   1  29   0   8  38]]

Reading  corpus/output832.json
SVM RBF
Classification_report:
             precision    recall  f1-score   support

          B       0.49      0.79      0.60       256
          C       0.00      0.00      0.00        40
          G       0.67      0.06      0.10        72
          M       0.51      0.19      0.28       104
          O       0.00      0.00      0.00         7
          P       0.74      0.48      0.58       133
          R       0.45      0.58      0.51       219

avg / total       0.51      0.50      0.46       831

[[203   0   2   2   0   5  44]
 [ 15   0   0   0   0   4  21]
 [ 63   0   4   1   0   0   4]
 [ 25   0   0  20   0   4  55]
 [  0   0   0   0   0   3   4]
 [ 42   0   0   0   0  64  27]
 [ 68   1   0  16   0   7 127]]

SVM linear
Classification_report:
             precision    recall  f1-score   support

          B       0.55      0.62      0.58       256
          C       0.19      0.12      0.15        40
          G       0.36      0.29      0.32        72
          M       0.40      0.39      0.40       104
          O       0.50      0.14      0.22         7
          P       0.62      0.60      0.61       133
          R       0.50      0.51      0.50       219

avg / total       0.49      0.50      0.50       831

[[158   6  29  15   0   9  39]
 [ 13   5   1   1   0   6  14]
 [ 42   2  21   1   0   2   4]
 [ 13   3   0  41   0   8  39]
 [  0   0   0   0   1   4   2]
 [ 22   4   2  10   0  80  15]
 [ 40   7   6  35   1  19 111]]

