Reading  corpus/output366.json
SVM RBF
Classification_report:
             precision    recall  f1-score   support

          B       0.42      0.40      0.41        77
          C       0.00      0.00      0.00        20
          G       0.62      0.14      0.23        36
          M       0.50      0.20      0.29        45
          O       0.00      0.00      0.00         6
          P       0.55      0.54      0.54        65
          R       0.39      0.67      0.49       117

avg / total       0.43      0.43      0.40       366

[[31  0  1  1  0  6 38]
 [ 2  0  0  0  0  1 17]
 [12  0  5  1  0  6 12]
 [ 2  0  0  9  0  3 31]
 [ 0  0  0  0  0  4  2]
 [ 5  0  1  0  0 35 24]
 [22  0  1  7  0  9 78]]

SVM linear
Classification_report:
             precision    recall  f1-score   support

          B       0.40      0.42      0.41        77
          C       0.22      0.20      0.21        20
          G       0.39      0.36      0.38        36
          M       0.29      0.29      0.29        45
          O       1.00      0.17      0.29         6
          P       0.61      0.63      0.62        65
          R       0.46      0.48      0.47       117

avg / total       0.44      0.44      0.43       366

[[32  3 11  6  0  4 21]
 [ 4  4  0  1  0  2  9]
 [13  2 13  0  0  4  4]
 [ 5  1  2 13  0  4 20]
 [ 0  0  0  0  1  4  1]
 [ 4  3  3  4  0 41 10]
 [23  5  4 21  0  8 56]]

Reading  corpus/output466.json
SVM RBF
Classification_report:
             precision    recall  f1-score   support

          B       0.52      0.88      0.65       179
          C       0.00      0.00      0.00        20
          G       0.00      0.00      0.00        36
          M       0.55      0.20      0.30        59
          O       0.00      0.00      0.00         1
          P       0.74      0.37      0.49        68
          R       0.43      0.42      0.42       102

avg / total       0.47      0.51      0.45       465

[[158   0   1   2   0   2  16]
 [  9   0   0   0   0   3   8]
 [ 35   0   0   0   0   0   1]
 [ 21   0   0  12   0   1  25]
 [  0   0   0   0   0   0   1]
 [ 36   0   0   0   0  25   7]
 [ 46   2   0   8   0   3  43]]

SVM linear
Classification_report:
             precision    recall  f1-score   support

          B       0.59      0.64      0.62       179
          C       0.00      0.00      0.00        20
          G       0.27      0.19      0.23        36
          M       0.33      0.39      0.36        59
          O       0.00      0.00      0.00         1
          P       0.50      0.53      0.51        68
          R       0.43      0.39      0.41       102

avg / total       0.46      0.48      0.46       465

[[115   1  17  14   0  17  15]
 [  6   0   0   1   0   2  11]
 [ 27   0   7   0   0   1   1]
 [  9   2   0  23   0   6  19]
 [  0   0   0   0   0   0   1]
 [ 17   2   1   5   0  36   7]
 [ 20   4   1  27   0  10  40]]

Reading  corpus/output832.json
SVM RBF
Classification_report:
             precision    recall  f1-score   support

          B       0.48      0.75      0.59       256
          C       0.50      0.03      0.05        40
          G       0.33      0.06      0.10        72
          M       0.49      0.20      0.29       104
          O       0.00      0.00      0.00         7
          P       0.65      0.52      0.58       133
          R       0.46      0.57      0.51       219

avg / total       0.49      0.49      0.45       831

[[191   0   7   3   0  10  45]
 [ 14   1   1   0   0   4  20]
 [ 61   0   4   1   0   2   4]
 [ 27   0   0  21   0   4  52]
 [  0   0   0   0   0   3   4]
 [ 39   0   0   1   0  69  24]
 [ 62   1   0  17   0  14 125]]

SVM linear
Classification_report:
             precision    recall  f1-score   support

          B       0.54      0.61      0.57       256
          C       0.23      0.20      0.21        40
          G       0.31      0.29      0.30        72
          M       0.32      0.35      0.33       104
          O       0.25      0.14      0.18         7
          P       0.59      0.57      0.58       133
          R       0.51      0.45      0.48       219

avg / total       0.48      0.48      0.47       831

[[157   5  35  19   0  13  27]
 [  9   8   2   2   0   6  13]
 [ 42   2  21   3   0   2   2]
 [ 19   6   1  36   1   8  33]
 [  0   0   0   0   1   4   2]
 [ 24   4   4   8   0  76  17]
 [ 42  10   5  43   2  19  98]]

