Reading  corpus/output366.json
SVM RBF
Classification_report:
             precision    recall  f1-score   support

          B       0.37      0.47      0.41        77
          C       0.22      0.10      0.14        20
          G       0.29      0.19      0.23        36
          M       0.29      0.27      0.28        45
          O       0.00      0.00      0.00         6
          P       0.59      0.57      0.58        65
          R       0.44      0.49      0.46       117

avg / total       0.40      0.41      0.40       366

[[36  1  9  4  0  5 22]
 [ 6  2  2  0  0  1  9]
 [20  1  7  0  0  4  4]
 [ 5  1  0 12  0  5 22]
 [ 0  0  0  0  0  4  2]
 [ 6  2  3  4  0 37 13]
 [25  2  3 22  1  7 57]]

SVM linear
Classification_report:
             precision    recall  f1-score   support

          B       0.34      0.40      0.37        77
          C       0.07      0.10      0.08        20
          G       0.33      0.36      0.35        36
          M       0.15      0.20      0.17        45
          O       0.60      0.50      0.55         6
          P       0.57      0.51      0.54        65
          R       0.43      0.30      0.35       117

avg / total       0.37      0.34      0.35       366

[[31  8 13 10  0  5 10]
 [ 8  2  1  0  1  1  7]
 [13  5 13  2  0  2  1]
 [12  1  0  9  0  4 19]
 [ 0  0  0  0  3  1  2]
 [ 4  7  5  8  0 33  8]
 [23  6  7 33  1 12 35]]

Reading  corpus/output466.json
SVM RBF
Classification_report:
             precision    recall  f1-score   support

          B       0.61      0.78      0.69       179
          C       0.10      0.05      0.07        20
          G       0.50      0.28      0.36        36
          M       0.40      0.36      0.38        59
          O       0.00      0.00      0.00         1
          P       0.62      0.51      0.56        68
          R       0.45      0.43      0.44       102

avg / total       0.52      0.54      0.52       465

[[140   2   9   7   0   7  14]
 [  6   1   0   2   0   1  10]
 [ 25   0  10   0   0   1   0]
 [ 11   1   0  21   0   5  21]
 [  0   0   0   0   0   0   1]
 [ 19   1   1   4   0  35   8]
 [ 27   5   0  19   0   7  44]]

SVM linear
Classification_report:
             precision    recall  f1-score   support

          B       0.60      0.60      0.60       179
          C       0.16      0.15      0.15        20
          G       0.31      0.33      0.32        36
          M       0.36      0.41      0.38        59
          O       0.00      0.00      0.00         1
          P       0.47      0.60      0.53        68
          R       0.49      0.36      0.42       102

avg / total       0.48      0.48      0.48       465

[[107   5  24  11   0  20  12]
 [  2   3   0   3   0   2  10]
 [ 21   0  12   0   0   1   2]
 [ 12   3   0  24   0   9  11]
 [  0   0   0   0   0   1   0]
 [ 16   3   1   3   0  41   4]
 [ 20   5   2  25   0  13  37]]

Reading  corpus/output832.json
SVM RBF
Classification_report:
             precision    recall  f1-score   support

          B       0.53      0.61      0.57       256
          C       0.22      0.10      0.14        40
          G       0.40      0.31      0.35        72
          M       0.31      0.27      0.29       104
          O       0.33      0.14      0.20         7
          P       0.56      0.58      0.57       133
          R       0.40      0.42      0.41       219

avg / total       0.44      0.46      0.45       831

[[157   1  23  11   0  22  42]
 [  8   4   2   1   0   6  19]
 [ 39   0  22   2   0   4   5]
 [ 14   2   0  28   0   9  51]
 [  0   0   0   0   1   3   3]
 [ 25   3   4   7   0  77  17]
 [ 56   8   4  41   2  16  92]]

SVM linear
Classification_report:
             precision    recall  f1-score   support

          B       0.55      0.58      0.57       256
          C       0.17      0.23      0.20        40
          G       0.26      0.32      0.29        72
          M       0.28      0.33      0.30       104
          O       0.30      0.43      0.35         7
          P       0.49      0.51      0.50       133
          R       0.48      0.33      0.39       219

avg / total       0.44      0.43      0.43       831

[[149   8  42  15   0  15  27]
 [  4   9   4   2   2   9  10]
 [ 35   5  23   2   0   2   5]
 [ 22   4   2  34   2  13  27]
 [  0   0   0   0   3   3   1]
 [ 22   8   6  19   0  68  10]
 [ 37  18  11  49   3  28  73]]

