Reading  corpus/output366.json
SVM RBF
Classification_report:
             precision    recall  f1-score   support

          B       0.39      0.45      0.42        77
          C       0.33      0.25      0.29        20
          G       0.52      0.31      0.39        36
          M       0.23      0.22      0.23        45
          O       0.00      0.00      0.00         6
          P       0.60      0.58      0.59        65
          R       0.46      0.53      0.49       117

avg / total       0.43      0.44      0.43       366

[[35  2  6  6  0  4 24]
 [ 4  5  0  0  0  3  8]
 [13  2 11  1  0  1  8]
 [ 8  0  0 10  0  5 22]
 [ 0  0  0  0  0  5  1]
 [ 5  4  3  5  0 38 10]
 [24  2  1 21  0  7 62]]

SVM linear
Classification_report:
             precision    recall  f1-score   support

          B       0.39      0.45      0.42        77
          C       0.31      0.25      0.28        20
          G       0.52      0.36      0.43        36
          M       0.20      0.22      0.21        45
          O       0.00      0.00      0.00         6
          P       0.57      0.60      0.59        65
          R       0.47      0.48      0.47       117

avg / total       0.43      0.43      0.43       366

[[35  3  7  6  0  4 22]
 [ 6  5  0  0  0  4  5]
 [12  1 13  2  0  1  7]
 [ 8  0  0 10  0  5 22]
 [ 0  0  0  0  0  5  1]
 [ 7  3  3  7  0 39  6]
 [21  4  2 24  0 10 56]]

Reading  corpus/output466.json
SVM RBF
Classification_report:
             precision    recall  f1-score   support

          B       0.72      0.80      0.76       179
          C       0.11      0.05      0.07        20
          G       0.45      0.28      0.34        36
          M       0.33      0.32      0.33        59
          O       0.00      0.00      0.00         1
          P       0.65      0.65      0.65        68
          R       0.47      0.51      0.49       102

avg / total       0.56      0.58      0.56       465

[[143   1  12   5   0  10   8]
 [  1   1   0   3   0   2  13]
 [ 25   0  10   0   0   1   0]
 [  7   1   0  19   0   4  28]
 [  0   0   0   0   0   1   0]
 [ 12   1   0   2   0  44   9]
 [ 11   5   0  28   0   6  52]]

SVM linear
Classification_report:
             precision    recall  f1-score   support

          B       0.72      0.75      0.74       179
          C       0.23      0.15      0.18        20
          G       0.41      0.31      0.35        36
          M       0.37      0.41      0.39        59
          O       0.00      0.00      0.00         1
          P       0.61      0.65      0.63        68
          R       0.49      0.48      0.49       102

avg / total       0.56      0.57      0.57       465

[[135   1  16   7   0  13   7]
 [  1   3   0   3   0   2  11]
 [ 23   0  11   0   0   1   1]
 [  8   1   0  24   0   4  22]
 [  0   0   0   0   0   1   0]
 [ 10   2   0   2   0  44  10]
 [ 11   6   0  29   0   7  49]]

Reading  corpus/output832.json
SVM RBF
Classification_report:
             precision    recall  f1-score   support

          B       0.60      0.66      0.63       256
          C       0.36      0.23      0.28        40
          G       0.38      0.29      0.33        72
          M       0.30      0.27      0.29       104
          O       0.00      0.00      0.00         7
          P       0.64      0.61      0.63       133
          R       0.48      0.55      0.51       219

avg / total       0.50      0.52      0.51       831

[[170   2  28  17   0   7  32]
 [  5   9   1   1   0   6  18]
 [ 40   1  21   3   0   1   6]
 [ 17   1   1  28   0   7  50]
 [  0   0   0   0   0   4   3]
 [ 18   6   2   4   0  81  22]
 [ 31   6   2  39   1  20 120]]

SVM linear
Classification_report:
             precision    recall  f1-score   support

          B       0.57      0.61      0.59       256
          C       0.28      0.28      0.28        40
          G       0.36      0.35      0.35        72
          M       0.31      0.32      0.31       104
          O       0.00      0.00      0.00         7
          P       0.58      0.58      0.58       133
          R       0.53      0.50      0.52       219

avg / total       0.49      0.50      0.49       831

[[157   3  36  19   0  11  30]
 [  7  11   1   2   0   7  12]
 [ 38   1  25   4   0   1   3]
 [ 20   3   1  33   0  11  36]
 [  0   1   0   0   0   3   3]
 [ 22  10   4   6   0  77  14]
 [ 30  10   2  42   2  23 110]]
