Reading  corpus/output366.json
SVM RBF
Classification_report:
             precision    recall  f1-score   support

          B       0.35      0.47      0.40        77
          C       0.33      0.25      0.29        20
          G       0.46      0.33      0.39        36
          M       0.23      0.24      0.24        45
          O       0.00      0.00      0.00         6
          P       0.57      0.51      0.54        65
          R       0.47      0.48      0.48       117

avg / total       0.42      0.42      0.42       366

[[36  4  8  7  0  7 15]
 [ 6  5  0  0  0  2  7]
 [12  1 12  2  0  1  8]
 [ 9  0  0 11  0  3 22]
 [ 0  0  0  0  0  5  1]
 [12  1  3  7  0 33  9]
 [27  4  3 20  0  7 56]]

SVM linear
Classification_report:
             precision    recall  f1-score   support

          B       0.34      0.45      0.39        77
          C       0.31      0.25      0.28        20
          G       0.43      0.36      0.39        36
          M       0.16      0.18      0.17        45
          O       1.00      0.17      0.29         6
          P       0.58      0.49      0.53        65
          R       0.47      0.44      0.46       117

avg / total       0.42      0.40      0.40       366

[[35  3 10  6  0  8 15]
 [ 6  5  0  1  0  2  6]
 [14  1 13  3  0  0  5]
 [ 9  0  1  8  0  4 23]
 [ 0  0  0  0  1  3  2]
 [10  2  4  9  0 32  8]
 [30  5  2 22  0  6 52]]

Reading  corpus/output466.json
SVM RBF
Classification_report:
             precision    recall  f1-score   support

          B       0.70      0.80      0.74       179
          C       0.33      0.10      0.15        20
          G       0.41      0.31      0.35        36
          M       0.38      0.39      0.39        59
          O       0.00      0.00      0.00         1
          P       0.67      0.63      0.65        68
          R       0.51      0.52      0.52       102

avg / total       0.57      0.59      0.58       465

[[143   1  16   7   0   7   5]
 [  0   2   0   5   0   2  11]
 [ 24   0  11   0   0   1   0]
 [  7   0   0  23   0   4  25]
 [  0   0   0   0   0   1   0]
 [ 14   0   0   2   0  43   9]
 [ 17   3   0  23   0   6  53]]

SVM linear
Classification_report:
             precision    recall  f1-score   support

          B       0.70      0.78      0.74       179
          C       0.40      0.20      0.27        20
          G       0.44      0.39      0.41        36
          M       0.40      0.41      0.40        59
          O       0.00      0.00      0.00         1
          P       0.63      0.63      0.63        68
          R       0.54      0.51      0.52       102

avg / total       0.58      0.59      0.59       465

[[139   1  18   7   0   9   5]
 [  1   4   0   4   0   2   9]
 [ 21   0  14   0   0   1   0]
 [  7   0   0  24   0   5  23]
 [  0   0   0   0   0   1   0]
 [ 13   2   0   2   0  43   8]
 [ 17   3   0  23   0   7  52]]

Reading  corpus/output832.json
SVM RBF
Classification_report:
             precision    recall  f1-score   support

          B       0.57      0.66      0.61       256
          C       0.31      0.23      0.26        40
          G       0.39      0.32      0.35        72
          M       0.28      0.28      0.28       104
          O       0.00      0.00      0.00         7
          P       0.62      0.59      0.61       133
          R       0.48      0.47      0.48       219

avg / total       0.48      0.50      0.49       831

[[168   4  33  15   0  12  24]
 [  7   9   0   2   0   6  16]
 [ 41   1  23   0   0   1   6]
 [ 21   2   0  29   0   6  46]
 [  0   0   0   0   0   5   2]
 [ 21   5   1   9   0  79  18]
 [ 38   8   2  47   1  19 104]]

SVM linear
Classification_report:
             precision    recall  f1-score   support

          B       0.55      0.62      0.59       256
          C       0.27      0.28      0.27        40
          G       0.37      0.35      0.36        72
          M       0.32      0.37      0.34       104
          O       0.50      0.14      0.22         7
          P       0.59      0.58      0.59       133
          R       0.50      0.42      0.46       219

avg / total       0.49      0.48      0.48       831

[[159   4  34  15   0  15  29]
 [  9  11   0   2   0   4  14]
 [ 38   2  25   4   0   1   2]
 [ 17   4   2  38   0   7  36]
 [  0   1   0   0   1   4   1]
 [ 27   7   2  10   0  77  10]
 [ 37  12   5  50   1  22  92]]
