Reading  corpus/output366.json
SVM RBF
Classification_report:
             precision    recall  f1-score   support

          B       0.40      0.49      0.44        77
          C       0.43      0.15      0.22        20
          G       0.53      0.28      0.36        36
          M       0.33      0.24      0.28        45
          O       0.00      0.00      0.00         6
          P       0.65      0.62      0.63        65
          R       0.46      0.60      0.52       117

avg / total       0.46      0.47      0.45       366

[[38  0  5  4  0  5 25]
 [ 3  3  0  0  0  2 12]
 [15  1 10  1  0  0  9]
 [ 6  1  1 11  0  4 22]
 [ 0  0  0  0  0  5  1]
 [ 5  2  2  4  0 40 12]
 [27  0  1 13  0  6 70]]

SVM linear
Classification_report:
             precision    recall  f1-score   support

          B       0.40      0.51      0.45        77
          C       0.45      0.25      0.32        20
          G       0.55      0.33      0.41        36
          M       0.24      0.24      0.24        45
          O       0.00      0.00      0.00         6
          P       0.64      0.60      0.62        65
          R       0.45      0.50      0.47       117

avg / total       0.45      0.45      0.44       366

[[39  0  6  6  0  4 22]
 [ 6  5  0  0  0  2  7]
 [13  0 12  2  0  0  9]
 [ 6  1  1 11  0  5 21]
 [ 0  0  0  0  0  5  1]
 [ 8  2  2  3  0 39 11]
 [26  3  1 23  0  6 58]]

Reading  corpus/output466.json
SVM RBF
Classification_report:
             precision    recall  f1-score   support

          B       0.71      0.84      0.77       179
          C       0.00      0.00      0.00        20
          G       0.39      0.19      0.26        36
          M       0.39      0.36      0.37        59
          O       0.00      0.00      0.00         1
          P       0.73      0.63      0.68        68
          R       0.50      0.60      0.54       102

avg / total       0.57      0.61      0.58       465

[[150   0  11   8   0   3   7]
 [  1   0   0   2   0   2  15]
 [ 27   0   7   0   0   2   0]
 [  7   0   0  21   0   3  28]
 [  0   0   0   0   0   1   0]
 [ 13   0   0   0   0  43  12]
 [ 12   1   0  23   0   5  61]]

SVM linear
Classification_report:
             precision    recall  f1-score   support

          B       0.71      0.79      0.75       179
          C       0.33      0.05      0.09        20
          G       0.32      0.19      0.24        36
          M       0.41      0.41      0.41        59
          O       0.00      0.00      0.00         1
          P       0.63      0.62      0.62        68
          R       0.51      0.58      0.54       102

avg / total       0.57      0.59      0.57       465

[[142   0  15   7   0   7   8]
 [  0   1   0   3   0   2  14]
 [ 25   0   7   0   0   3   1]
 [  7   0   0  24   0   4  24]
 [  0   0   0   0   0   1   0]
 [ 15   1   0   1   0  42   9]
 [ 11   1   0  23   0   8  59]]

Reading  corpus/output832.json
SVM RBF
Classification_report:
             precision    recall  f1-score   support

          B       0.57      0.70      0.63       256
          C       0.36      0.12      0.19        40
          G       0.44      0.28      0.34        72
          M       0.36      0.25      0.29       104
          O       0.00      0.00      0.00         7
          P       0.66      0.62      0.64       133
          R       0.48      0.58      0.52       219

avg / total       0.51      0.53      0.51       831

[[178   1  21  15   0   6  35]
 [  8   5   0   0   0   6  21]
 [ 41   1  20   0   0   1   9]
 [ 20   0   1  26   0   8  49]
 [  0   1   0   0   0   3   3]
 [ 26   1   0   4   0  82  20]
 [ 39   5   3  28   0  18 126]]

SVM linear
Classification_report:
             precision    recall  f1-score   support

          B       0.56      0.68      0.61       256
          C       0.41      0.28      0.33        40
          G       0.45      0.32      0.37        72
          M       0.37      0.33      0.35       104
          O       0.00      0.00      0.00         7
          P       0.62      0.59      0.61       133
          R       0.52      0.53      0.52       219

avg / total       0.51      0.52      0.52       831

[[173   2  23  18   0   8  32]
 [  8  11   0   0   0   6  15]
 [ 41   2  23   0   0   1   5]
 [ 20   1   1  34   0   7  41]
 [  0   1   0   0   0   4   2]
 [ 27   4   1   8   0  79  14]
 [ 39   6   3  33   0  22 116]]
