Reading  corpus/output366.json
SVM RBF
Classification_report:
             precision    recall  f1-score   support

          B       0.46      0.52      0.49        77
          C       1.00      0.05      0.10        20
          G       0.40      0.22      0.29        36
          M       0.43      0.27      0.33        45
          O       0.00      0.00      0.00         6
          P       0.61      0.66      0.63        65
          R       0.46      0.62      0.53       117

avg / total       0.50      0.48      0.46       366

[[40  0  6  1  0  6 24]
 [ 5  1  0  1  0  3 10]
 [15  0  8  0  0  3 10]
 [ 2  0  0 12  0  3 28]
 [ 0  0  0  0  0  4  2]
 [ 6  0  3  1  0 43 12]
 [19  0  3 13  0  9 73]]

SVM linear
Classification_report:
             precision    recall  f1-score   support

          B       0.44      0.49      0.47        77
          C       0.22      0.20      0.21        20
          G       0.41      0.33      0.37        36
          M       0.28      0.29      0.29        45
          O       0.00      0.00      0.00         6
          P       0.64      0.60      0.62        65
          R       0.49      0.53      0.51       117

avg / total       0.45      0.46      0.45       366

[[38  3  9  6  0  4 17]
 [ 3  4  1  1  0  3  8]
 [15  2 12  0  0  1  6]
 [ 5  0  0 13  0  4 23]
 [ 0  1  0  0  0  4  1]
 [ 8  3  3  3  0 39  9]
 [17  5  4 23  0  6 62]]

Reading  corpus/output466.json
SVM RBF
Classification_report:
             precision    recall  f1-score   support

          B       0.62      0.86      0.72       179
          C       0.00      0.00      0.00        20
          G       0.57      0.11      0.19        36
          M       0.45      0.31      0.36        59
          O       0.00      0.00      0.00         1
          P       0.72      0.53      0.61        68
          R       0.49      0.56      0.52       102

avg / total       0.55      0.58      0.54       465

[[154   0   3   3   0   5  14]
 [  9   0   0   0   0   1  10]
 [ 31   0   4   0   0   1   0]
 [ 14   1   0  18   0   3  23]
 [  0   0   0   0   0   0   1]
 [ 19   0   0   1   0  36  12]
 [ 22   1   0  18   0   4  57]]

SVM linear
Classification_report:
             precision    recall  f1-score   support

          B       0.66      0.73      0.69       179
          C       0.08      0.05      0.06        20
          G       0.42      0.36      0.39        36
          M       0.41      0.42      0.42        59
          O       0.00      0.00      0.00         1
          P       0.55      0.54      0.55        68
          R       0.49      0.46      0.48       102

avg / total       0.53      0.55      0.54       465

[[131   1  18   7   0  10  12]
 [  5   1   0   2   0   2  10]
 [ 20   0  13   0   0   2   1]
 [  9   2   0  25   0   5  18]
 [  0   0   0   0   0   1   0]
 [ 18   3   0   3   0  37   7]
 [ 16   5   0  24   0  10  47]]

Reading  corpus/output832.json
SVM RBF
Classification_report:
             precision    recall  f1-score   support

          B       0.58      0.72      0.64       256
          C       0.17      0.03      0.04        40
          G       0.49      0.24      0.32        72
          M       0.40      0.30      0.34       104
          O       0.00      0.00      0.00         7
          P       0.64      0.65      0.64       133
          R       0.46      0.54      0.49       219

avg / total       0.50      0.53      0.50       831

[[185   1  17   9   0   9  35]
 [ 11   1   0   0   0   5  23]
 [ 46   0  17   1   0   3   5]
 [ 12   0   0  31   0   9  52]
 [  0   0   0   0   0   4   3]
 [ 20   2   0   2   0  86  23]
 [ 46   2   1  34   0  18 118]]

SVM linear
Classification_report:
             precision    recall  f1-score   support

          B       0.55      0.63      0.59       256
          C       0.28      0.23      0.25        40
          G       0.38      0.36      0.37        72
          M       0.36      0.35      0.35       104
          O       0.00      0.00      0.00         7
          P       0.63      0.59      0.61       133
          R       0.49      0.47      0.48       219

avg / total       0.49      0.50      0.49       831

[[161   4  35  10   0  13  33]
 [ 14   9   0   0   0   4  13]
 [ 37   1  26   1   0   1   6]
 [ 18   0   2  36   0   7  41]
 [  0   1   0   0   0   5   1]
 [ 27   6   1   4   0  79  16]
 [ 34  11   4  48   1  17 104]]

