Reading  corpus/output366.json
SVM RBF
Classification_report:
             precision    recall  f1-score   support

          B       0.40      0.45      0.42        77
          C       0.15      0.15      0.15        20
          G       0.32      0.31      0.31        36
          M       0.24      0.27      0.26        45
          O       0.00      0.00      0.00         6
          P       0.39      0.37      0.38        65
          R       0.46      0.44      0.45       117

avg / total       0.37      0.37      0.37       366

[[35  3  8  2  0 10 19]
 [ 3  3  4  1  0  3  6]
 [ 7  6 11  1  1  3  7]
 [ 8  1  0 12  0  7 17]
 [ 0  0  0  0  0  4  2]
 [14  3  5  9  0 24 10]
 [21  4  6 24  0 10 52]]

SVM linear
Classification_report:
             precision    recall  f1-score   support

          B       0.35      0.40      0.37        77
          C       0.07      0.10      0.08        20
          G       0.25      0.22      0.24        36
          M       0.20      0.27      0.23        45
          O       0.60      0.50      0.55         6
          P       0.34      0.34      0.34        65
          R       0.46      0.34      0.39       117

avg / total       0.34      0.32      0.33       366

[[31 13  8  7  0  7 11]
 [ 8  2  1  0  0  4  5]
 [15  4  8  0  0  6  3]
 [ 7  1  2 12  0  8 15]
 [ 1  0  0  0  3  1  1]
 [ 7  4  6 12  2 22 12]
 [20  5  7 29  0 16 40]]

Reading  corpus/output466.json
SVM RBF
Classification_report:
             precision    recall  f1-score   support

          B       0.64      0.69      0.66       179
          C       0.27      0.15      0.19        20
          G       0.30      0.28      0.29        36
          M       0.31      0.32      0.31        59
          O       0.00      0.00      0.00         1
          P       0.53      0.51      0.52        68
          R       0.41      0.40      0.40       102

avg / total       0.49      0.50      0.49       465

[[123   3  19   7   0  13  14]
 [  4   3   0   2   0   0  11]
 [ 22   0  10   0   0   3   1]
 [  9   0   3  19   0   3  25]
 [  0   0   0   0   0   1   0]
 [ 19   1   0   4   0  35   9]
 [ 15   4   1  30   0  11  41]]

SVM linear
Classification_report:
             precision    recall  f1-score   support

          B       0.67      0.70      0.68       179
          C       0.50      0.35      0.41        20
          G       0.29      0.31      0.30        36
          M       0.29      0.29      0.29        59
          O       0.00      0.00      0.00         1
          P       0.52      0.54      0.53        68
          R       0.43      0.41      0.42       102

avg / total       0.51      0.51      0.51       465

[[125   2  21   6   0  12  13]
 [  1   7   0   0   0   3   9]
 [ 22   0  11   0   0   3   0]
 [  9   0   2  17   0   5  26]
 [  0   0   0   0   0   1   0]
 [ 15   1   4   4   0  37   7]
 [ 14   4   0  32   0  10  42]]

Reading  corpus/output832.json
SVM RBF
Classification_report:
             precision    recall  f1-score   support

          B       0.57      0.65      0.60       256
          C       0.11      0.07      0.09        40
          G       0.33      0.31      0.32        72
          M       0.32      0.31      0.31       104
          O       0.50      0.14      0.22         7
          P       0.43      0.44      0.44       133
          R       0.48      0.45      0.46       219

avg / total       0.45      0.46      0.45       831

[[166   6  27  10   0  24  23]
 [  7   3   3   0   0   8  19]
 [ 32   0  22   2   0   8   8]
 [ 17   2   3  32   0  11  39]
 [  0   0   0   0   1   4   2]
 [ 34   5   7  14   0  59  14]
 [ 37  12   5  43   1  23  98]]

SVM linear
Classification_report:
             precision    recall  f1-score   support

          B       0.56      0.64      0.60       256
          C       0.15      0.17      0.16        40
          G       0.22      0.21      0.21        72
          M       0.23      0.20      0.22       104
          O       0.33      0.14      0.20         7
          P       0.46      0.44      0.45       133
          R       0.47      0.43      0.45       219

avg / total       0.43      0.43      0.43       831

[[164   8  29  14   0  17  24]
 [  8   7   2   0   1   7  15]
 [ 41   4  15   1   0   6   5]
 [ 18   2   4  21   0  17  42]
 [  0   0   0   1   1   4   1]
 [ 30   4   9  13   0  58  19]
 [ 33  22  10  40   1  18  95]]

