Reading  corpus/output366.json
SVM RBF
Classification_report:
             precision    recall  f1-score   support

          B       0.41      0.45      0.43        77
          C       0.17      0.05      0.08        20
          G       0.38      0.25      0.30        36
          M       0.39      0.27      0.32        45
          O       0.00      0.00      0.00         6
          P       0.55      0.63      0.59        65
          R       0.46      0.57      0.51       117

avg / total       0.43      0.45      0.43       366

[[35  2  7  2  0  7 24]
 [ 4  1  1  0  0  4 10]
 [17  0  9  0  0  3  7]
 [ 4  0  0 12  0  4 25]
 [ 0  0  0  0  0  5  1]
 [ 7  0  3  2  0 41 12]
 [18  3  4 15  0 10 67]]

SVM linear
Classification_report:
             precision    recall  f1-score   support

          B       0.40      0.44      0.42        77
          C       0.20      0.20      0.20        20
          G       0.41      0.36      0.38        36
          M       0.23      0.24      0.24        45
          O       1.00      0.17      0.29         6
          P       0.59      0.57      0.58        65
          R       0.47      0.47      0.47       117

avg / total       0.43      0.42      0.42       366

[[34  4 12  3  0  5 19]
 [ 5  4  0  1  0  2  8]
 [13  2 13  2  0  0  6]
 [ 9  0  0 11  0  5 20]
 [ 0  0  0  0  1  4  1]
 [ 6  2  3  8  0 37  9]
 [17  8  4 23  0 10 55]]

Reading  corpus/output466.json
SVM RBF
Classification_report:
             precision    recall  f1-score   support

          B       0.67      0.84      0.74       179
          C       0.00      0.00      0.00        20
          G       0.62      0.28      0.38        36
          M       0.40      0.34      0.37        59
          O       0.00      0.00      0.00         1
          P       0.70      0.54      0.61        68
          R       0.44      0.50      0.47       102

avg / total       0.55      0.58      0.55       465

[[151   0   6   3   0   5  14]
 [  5   0   0   1   0   1  13]
 [ 24   0  10   0   0   1   1]
 [ 10   1   0  20   0   3  25]
 [  0   0   0   0   0   0   1]
 [ 19   0   0   1   0  37  11]
 [ 18   2   0  25   0   6  51]]

SVM linear
Classification_report:
             precision    recall  f1-score   support

          B       0.68      0.75      0.72       179
          C       0.27      0.15      0.19        20
          G       0.48      0.42      0.45        36
          M       0.37      0.39      0.38        59
          O       0.00      0.00      0.00         1
          P       0.60      0.62      0.61        68
          R       0.46      0.42      0.44       102

avg / total       0.55      0.56      0.55       465

[[135   0  16   7   0  10  11]
 [  3   3   0   0   0   2  12]
 [ 18   0  15   0   0   2   1]
 [ 12   1   0  23   0   4  19]
 [  0   0   0   0   0   1   0]
 [ 14   1   0   4   0  42   7]
 [ 16   6   0  28   0   9  43]]

Reading  corpus/output832.json
SVM RBF
Classification_report:
             precision    recall  f1-score   support

          B       0.56      0.68      0.61       256
          C       0.27      0.07      0.12        40
          G       0.39      0.26      0.31        72
          M       0.32      0.24      0.27       104
          O       0.00      0.00      0.00         7
          P       0.57      0.60      0.59       133
          R       0.45      0.49      0.47       219

avg / total       0.47      0.49      0.47       831

[[174   1  24   8   0  16  33]
 [ 12   3   1   0   0   7  17]
 [ 44   0  19   2   0   2   5]
 [ 14   1   1  25   0   9  54]
 [  0   0   0   0   0   4   3]
 [ 26   2   1   5   0  80  19]
 [ 43   4   3  39   1  22 107]]

SVM linear
Classification_report:
             precision    recall  f1-score   support

          B       0.58      0.65      0.61       256
          C       0.27      0.25      0.26        40
          G       0.41      0.38      0.39        72
          M       0.28      0.29      0.28       104
          O       0.00      0.00      0.00         7
          P       0.62      0.58      0.60       133
          R       0.46      0.43      0.44       219

avg / total       0.48      0.49      0.48       831

[[167   6  29  13   0  13  28]
 [ 11  10   1   1   0   3  14]
 [ 35   2  27   2   0   0   6]
 [ 19   1   1  30   0   7  46]
 [  0   1   0   0   0   3   3]
 [ 22   6   4  11   0  77  13]
 [ 36  11   4  52   1  21  94]]

