Reading  corpus/output366.json
SVM RBF
Classification_report:
             precision    recall  f1-score   support

          B       0.39      0.43      0.41        77
          C       0.16      0.15      0.15        20
          G       0.33      0.25      0.29        36
          M       0.23      0.24      0.24        45
          O       1.00      0.17      0.29         6
          P       0.43      0.43      0.43        65
          R       0.48      0.50      0.49       117

avg / total       0.40      0.39      0.39       366

[[33  5  7  4  0 10 18]
 [ 4  3  2  1  0  4  6]
 [11  2  9  2  0  4  8]
 [ 6  2  0 11  0  6 20]
 [ 0  0  0  1  1  3  1]
 [ 9  3  5  9  0 28 11]
 [22  4  4 19  0 10 58]]

SVM linear
Classification_report:
             precision    recall  f1-score   support

          B       0.35      0.38      0.36        77
          C       0.09      0.15      0.11        20
          G       0.27      0.31      0.29        36
          M       0.13      0.22      0.17        45
          O       1.00      0.33      0.50         6
          P       0.36      0.23      0.28        65
          R       0.43      0.33      0.38       117

avg / total       0.34      0.30      0.31       366

[[29  8 12  8  0  5 15]
 [ 5  3  1  3  0  3  5]
 [12  4 11  2  0  2  5]
 [ 4  2  2 10  0  7 20]
 [ 0  0  0  1  2  2  1]
 [10  6  9 19  0 15  6]
 [22 10  6 32  0  8 39]]

Reading  corpus/output466.json
SVM RBF
Classification_report:
             precision    recall  f1-score   support

          B       0.66      0.70      0.68       179
          C       0.43      0.30      0.35        20
          G       0.30      0.33      0.32        36
          M       0.38      0.39      0.38        59
          O       0.00      0.00      0.00         1
          P       0.56      0.51      0.54        68
          R       0.49      0.46      0.47       102

avg / total       0.53      0.54      0.53       465

[[126   1  25   7   0  10  10]
 [  0   6   0   1   0   2  11]
 [ 21   0  12   0   0   3   0]
 [  8   1   0  23   0   4  23]
 [  0   0   0   0   0   1   0]
 [ 20   2   3   3   0  35   5]
 [ 17   4   0  27   0   7  47]]

SVM linear
Classification_report:
             precision    recall  f1-score   support

          B       0.65      0.72      0.69       179
          C       0.50      0.35      0.41        20
          G       0.34      0.36      0.35        36
          M       0.34      0.39      0.36        59
          O       0.00      0.00      0.00         1
          P       0.51      0.49      0.50        68
          R       0.51      0.41      0.45       102

avg / total       0.53      0.53      0.53       465

[[129   1  21   9   0  14   5]
 [  1   7   0   2   0   3   7]
 [ 21   0  13   0   0   2   0]
 [  9   0   1  23   0   3  23]
 [  0   0   0   0   0   1   0]
 [ 20   2   3   4   0  33   6]
 [ 17   4   0  30   0   9  42]]

Reading  corpus/output832.json
SVM RBF
Classification_report:
             precision    recall  f1-score   support

          B       0.56      0.65      0.60       256
          C       0.15      0.12      0.14        40
          G       0.28      0.26      0.27        72
          M       0.27      0.27      0.27       104
          O       1.00      0.14      0.25         7
          P       0.48      0.49      0.49       133
          R       0.47      0.42      0.44       219

avg / total       0.45      0.45      0.45       831

[[167   3  28  14   0  19  25]
 [  7   5   4   0   0   6  18]
 [ 36   4  19   3   0   4   6]
 [ 21   1   1  28   0  13  40]
 [  0   0   0   0   1   5   1]
 [ 30   8   7   9   0  65  14]
 [ 36  12   8  49   0  23  91]]

SVM linear
Classification_report:
             precision    recall  f1-score   support

          B       0.54      0.63      0.58       256
          C       0.17      0.23      0.19        40
          G       0.27      0.24      0.25        72
          M       0.23      0.18      0.20       104
          O       0.50      0.43      0.46         7
          P       0.44      0.44      0.44       133
          R       0.51      0.46      0.48       219

avg / total       0.44      0.44      0.44       831

[[161   7  24  19   0  31  14]
 [  9   9   1   0   1   6  14]
 [ 41   3  17   1   0   5   5]
 [ 21   3   2  19   0  12  47]
 [  0   0   0   0   3   3   1]
 [ 35  10   6   7   0  59  16]
 [ 29  22  13  36   2  17 100]]

