Reading  corpus/output366.json
SVM RBF
Classification_report:
             precision    recall  f1-score   support

          B       0.38      0.40      0.39        77
          C       0.15      0.10      0.12        20
          G       0.45      0.36      0.40        36
          M       0.24      0.27      0.25        45
          O       0.00      0.00      0.00         6
          P       0.50      0.51      0.50        65
          R       0.43      0.46      0.44       117

avg / total       0.39      0.40      0.39       366

[[31  3  8  5  0  7 23]
 [ 4  2  1  1  0  5  7]
 [10  3 13  1  0  1  8]
 [ 5  0  1 12  0  7 20]
 [ 0  0  0  0  0  3  3]
 [10  2  3  6  0 33 11]
 [22  3  3 25  0 10 54]]

SVM linear
Classification_report:
             precision    recall  f1-score   support

          B       0.39      0.42      0.40        77
          C       0.13      0.20      0.16        20
          G       0.29      0.25      0.27        36
          M       0.18      0.20      0.19        45
          O       1.00      0.33      0.50         6
          P       0.48      0.49      0.48        65
          R       0.45      0.39      0.42       117

avg / total       0.38      0.37      0.37       366

[[32  8  8  4  0  7 18]
 [ 5  4  2  0  0  3  6]
 [11  7  9  2  0  2  5]
 [ 6  1  2  9  0 11 16]
 [ 1  0  0  0  2  1  2]
 [ 7  4  4  9  0 32  9]
 [21  7  6 26  0 11 46]]

Reading  corpus/output466.json
SVM RBF
Classification_report:
             precision    recall  f1-score   support

          B       0.68      0.77      0.72       179
          C       0.22      0.10      0.14        20
          G       0.38      0.28      0.32        36
          M       0.39      0.41      0.40        59
          O       0.00      0.00      0.00         1
          P       0.62      0.59      0.60        68
          R       0.48      0.48      0.48       102

avg / total       0.55      0.56      0.55       465

[[137   1  15   8   0   9   9]
 [  3   2   0   4   0   1  10]
 [ 22   0  10   0   0   3   1]
 [  7   2   1  24   0   3  22]
 [  0   0   0   0   0   1   0]
 [ 15   0   0   2   0  40  11]
 [ 17   4   0  24   0   8  49]]

SVM linear
Classification_report:
             precision    recall  f1-score   support

          B       0.66      0.71      0.69       179
          C       0.62      0.40      0.48        20
          G       0.33      0.33      0.33        36
          M       0.28      0.32      0.30        59
          O       0.00      0.00      0.00         1
          P       0.55      0.54      0.55        68
          R       0.45      0.40      0.42       102

avg / total       0.52      0.52      0.52       465

[[127   0  21   9   0  11  11]
 [  3   8   0   1   0   2   6]
 [ 20   0  12   1   0   3   0]
 [  8   0   1  19   0   5  26]
 [  0   0   0   0   0   1   0]
 [ 17   1   1   5   0  37   7]
 [ 16   4   1  32   0   8  41]]

Reading  corpus/output832.json
SVM RBF
Classification_report:
             precision    recall  f1-score   support

          B       0.57      0.65      0.61       256
          C       0.16      0.12      0.14        40
          G       0.28      0.22      0.25        72
          M       0.33      0.32      0.32       104
          O       0.50      0.14      0.22         7
          P       0.55      0.56      0.55       133
          R       0.49      0.48      0.49       219

avg / total       0.47      0.48      0.47       831

[[166   4  32  15   0  20  19]
 [  8   5   2   0   0   5  20]
 [ 41   2  16   1   0   3   9]
 [ 16   1   1  33   0  11  42]
 [  0   0   0   0   1   4   2]
 [ 24   6   2   9   0  74  18]
 [ 36  13   4  42   1  17 106]]

SVM linear
Classification_report:
             precision    recall  f1-score   support

          B       0.54      0.58      0.56       256
          C       0.12      0.15      0.13        40
          G       0.25      0.26      0.26        72
          M       0.23      0.28      0.25       104
          O       0.60      0.43      0.50         7
          P       0.47      0.48      0.47       133
          R       0.44      0.33      0.38       219

avg / total       0.42      0.41      0.41       831

[[148   7  39  19   0  19  24]
 [ 10   6   0   4   0   7  13]
 [ 35   4  19   4   0   3   7]
 [ 21   5   2  29   1  14  32]
 [  0   0   0   1   3   3   0]
 [ 19   8  10  17   0  64  15]
 [ 39  22   7  51   1  27  72]]

