Reading  corpus/output366.json
SVM RBF
Classification_report:
             precision    recall  f1-score   support

          B       1.00      0.05      0.10        77
          C       0.00      0.00      0.00        20
          G       0.00      0.00      0.00        36
          M       0.00      0.00      0.00        45
          O       0.00      0.00      0.00         6
          P       0.00      0.00      0.00        65
          R       0.32      1.00      0.49       117

avg / total       0.31      0.33      0.18       366

[[  4   0   0   0   0   0  73]
 [  0   0   0   0   0   0  20]
 [  0   0   0   0   0   0  36]
 [  0   0   0   0   0   0  45]
 [  0   0   0   0   0   0   6]
 [  0   0   0   0   0   0  65]
 [  0   0   0   0   0   0 117]]

SVM linear
Classification_report:
             precision    recall  f1-score   support

          B       0.36      0.44      0.40        77
          C       0.32      0.30      0.31        20
          G       0.38      0.28      0.32        36
          M       0.28      0.24      0.26        45
          O       1.00      0.33      0.50         6
          P       0.63      0.58      0.61        65
          R       0.48      0.50      0.49       117

avg / total       0.45      0.44      0.44       366

[[34  3  7  7  0  6 20]
 [ 6  6  0  1  0  1  6]
 [18  2 10  0  0  0  6]
 [ 7  1  2 11  0  2 22]
 [ 0  0  0  0  2  3  1]
 [ 7  3  5  2  0 38 10]
 [23  4  2 19  0 10 59]]

Reading  corpus/output466.json
SVM RBF
Classification_report:
             precision    recall  f1-score   support

          B       0.38      1.00      0.56       179
          C       0.00      0.00      0.00        20
          G       0.00      0.00      0.00        36
          M       0.00      0.00      0.00        59
          O       0.00      0.00      0.00         1
          P       0.00      0.00      0.00        68
          R       0.00      0.00      0.00       102

avg / total       0.15      0.38      0.21       465

[[179   0   0   0   0   0   0]
 [ 20   0   0   0   0   0   0]
 [ 36   0   0   0   0   0   0]
 [ 59   0   0   0   0   0   0]
 [  1   0   0   0   0   0   0]
 [ 68   0   0   0   0   0   0]
 [102   0   0   0   0   0   0]]

SVM linear
Classification_report:
             precision    recall  f1-score   support

          B       0.57      0.65      0.61       179
          C       0.06      0.05      0.06        20
          G       0.25      0.17      0.20        36
          M       0.22      0.22      0.22        59
          O       0.00      0.00      0.00         1
          P       0.51      0.56      0.53        68
          R       0.33      0.27      0.30       102

avg / total       0.41      0.44      0.42       465

[[117   5  12  14   0  13  18]
 [  7   1   1   2   0   4   5]
 [ 24   0   6   1   0   1   4]
 [ 16   1   0  13   0   9  20]
 [  0   0   0   0   0   0   1]
 [ 13   2   2   4   0  38   9]
 [ 30   7   3  24   0  10  28]]

Reading  corpus/output832.json
SVM RBF
Classification_report:
             precision    recall  f1-score   support

          B       0.31      1.00      0.47       256
          C       0.00      0.00      0.00        40
          G       0.00      0.00      0.00        72
          M       0.00      0.00      0.00       104
          O       0.00      0.00      0.00         7
          P       0.00      0.00      0.00       133
          R       0.67      0.01      0.02       219

avg / total       0.27      0.31      0.15       831

[[256   0   0   0   0   0   0]
 [ 40   0   0   0   0   0   0]
 [ 72   0   0   0   0   0   0]
 [103   0   0   0   0   0   1]
 [  7   0   0   0   0   0   0]
 [133   0   0   0   0   0   0]
 [217   0   0   0   0   0   2]]

SVM linear
Classification_report:
             precision    recall  f1-score   support

          B       0.53      0.63      0.58       256
          C       0.09      0.07      0.08        40
          G       0.36      0.31      0.33        72
          M       0.33      0.33      0.33       104
          O       0.50      0.29      0.36         7
          P       0.67      0.60      0.63       133
          R       0.45      0.43      0.44       219

avg / total       0.47      0.48      0.47       831

[[161   9  27  18   0   5  36]
 [ 12   3   4   2   0   6  13]
 [ 40   0  22   0   0   1   9]
 [ 23   1   0  34   0   8  38]
 [  0   0   0   0   2   3   2]
 [ 18   5   5   9   0  80  16]
 [ 48  14   3  41   2  16  95]]

