Reading  corpus/output366.json
SVM RBF
Classification_report:
             precision    recall  f1-score   support

          B       1.00      0.05      0.10        77
          C       0.00      0.00      0.00        20
          G       0.00      0.00      0.00        36
          M       0.00      0.00      0.00        45
          O       0.00      0.00      0.00         6
          P       0.00      0.00      0.00        65
          R       0.32      1.00      0.49       117

avg / total       0.31      0.33      0.18       366

[[  4   0   0   0   0   0  73]
 [  0   0   0   0   0   0  20]
 [  0   0   0   0   0   0  36]
 [  0   0   0   0   0   0  45]
 [  0   0   0   0   0   0   6]
 [  0   0   0   0   0   0  65]
 [  0   0   0   0   0   0 117]]

SVM linear
Classification_report:
             precision    recall  f1-score   support

          B       0.40      0.48      0.44        77
          C       0.37      0.35      0.36        20
          G       0.45      0.39      0.42        36
          M       0.27      0.24      0.26        45
          O       1.00      0.33      0.50         6
          P       0.66      0.54      0.59        65
          R       0.49      0.54      0.51       117

avg / total       0.47      0.46      0.46       366

[[37  3  6  5  0  6 20]
 [ 4  7  0  1  0  1  7]
 [14  2 14  0  0  0  6]
 [10  0  3 11  0  2 19]
 [ 0  0  0  0  2  2  2]
 [ 5  3  6  5  0 35 11]
 [22  4  2 19  0  7 63]]

Reading  corpus/output466.json
SVM RBF
Classification_report:
             precision    recall  f1-score   support

          B       0.38      1.00      0.56       179
          C       0.00      0.00      0.00        20
          G       0.00      0.00      0.00        36
          M       0.00      0.00      0.00        59
          O       0.00      0.00      0.00         1
          P       0.00      0.00      0.00        68
          R       0.00      0.00      0.00       102

avg / total       0.15      0.38      0.21       465

[[179   0   0   0   0   0   0]
 [ 20   0   0   0   0   0   0]
 [ 36   0   0   0   0   0   0]
 [ 59   0   0   0   0   0   0]
 [  1   0   0   0   0   0   0]
 [ 68   0   0   0   0   0   0]
 [102   0   0   0   0   0   0]]

SVM linear
Classification_report:
             precision    recall  f1-score   support

          B       0.53      0.63      0.58       179
          C       0.00      0.00      0.00        20
          G       0.19      0.14      0.16        36
          M       0.24      0.24      0.24        59
          O       0.00      0.00      0.00         1
          P       0.51      0.53      0.52        68
          R       0.32      0.26      0.29       102

avg / total       0.40      0.42      0.40       465

[[112   5  15  16   0  11  20]
 [  7   0   1   2   0   4   6]
 [ 25   0   5   1   0   1   4]
 [ 18   1   0  14   0   7  19]
 [  0   0   0   0   0   0   1]
 [ 14   4   2   4   0  36   8]
 [ 34   6   3  21   0  11  27]]

Reading  corpus/output832.json
SVM RBF
Classification_report:
             precision    recall  f1-score   support

          B       0.31      1.00      0.47       256
          C       0.00      0.00      0.00        40
          G       0.00      0.00      0.00        72
          M       0.00      0.00      0.00       104
          O       0.00      0.00      0.00         7
          P       0.00      0.00      0.00       133
          R       0.67      0.01      0.02       219

avg / total       0.27      0.31      0.15       831

[[256   0   0   0   0   0   0]
 [ 40   0   0   0   0   0   0]
 [ 72   0   0   0   0   0   0]
 [103   0   0   0   0   0   1]
 [  7   0   0   0   0   0   0]
 [133   0   0   0   0   0   0]
 [217   0   0   0   0   0   2]]

SVM linear
Classification_report:
             precision    recall  f1-score   support

          B       0.51      0.59      0.54       256
          C       0.10      0.10      0.10        40
          G       0.33      0.31      0.32        72
          M       0.33      0.33      0.33       104
          O       0.40      0.29      0.33         7
          P       0.65      0.61      0.63       133
          R       0.48      0.43      0.45       219

avg / total       0.46      0.47      0.46       831

[[150  13  32  21   0   5  35]
 [ 15   4   4   0   0   6  11]
 [ 42   1  22   0   0   2   5]
 [ 22   2   0  34   0   9  37]
 [  0   0   0   0   2   3   2]
 [ 17   6   5  13   0  81  11]
 [ 50  14   3  36   3  19  94]]

