Reading  corpus/output366.json
SVM RBF
Classification_report:
             precision    recall  f1-score   support

          B       0.42      0.47      0.44        77
          C       0.10      0.10      0.10        20
          G       0.40      0.33      0.36        36
          M       0.20      0.20      0.20        45
          O       1.00      0.17      0.29         6
          P       0.55      0.49      0.52        65
          R       0.46      0.50      0.48       117

avg / total       0.42      0.41      0.41       366

[[36  5  8  5  0  6 17]
 [ 3  2  2  0  0  2 11]
 [11  5 12  1  0  2  5]
 [ 6  0  2  9  0  6 22]
 [ 0  0  0  0  1  2  3]
 [ 9  4  3  7  0 32 10]
 [21  5  3 22  0  8 58]]

SVM linear
Classification_report:
             precision    recall  f1-score   support

          B       0.40      0.52      0.45        77
          C       0.12      0.15      0.14        20
          G       0.36      0.28      0.31        36
          M       0.15      0.18      0.16        45
          O       1.00      0.33      0.50         6
          P       0.48      0.43      0.46        65
          R       0.43      0.38      0.40       117

avg / total       0.38      0.37      0.37       366

[[40  4  7  4  0  8 14]
 [ 3  3  1  1  0  3  9]
 [11  5 10  2  0  2  6]
 [ 8  2  1  8  0  6 20]
 [ 0  0  0  0  2  1  3]
 [13  4  3 10  0 28  7]
 [24  6  6 27  0 10 44]]

Reading  corpus/output466.json
SVM RBF
Classification_report:
             precision    recall  f1-score   support

          B       0.67      0.77      0.72       179
          C       0.50      0.30      0.37        20
          G       0.36      0.28      0.31        36
          M       0.31      0.27      0.29        59
          O       0.00      0.00      0.00         1
          P       0.59      0.57      0.58        68
          R       0.45      0.46      0.46       102

avg / total       0.53      0.55      0.54       465

[[137   0  16   4   0  11  11]
 [  1   6   0   3   0   0  10]
 [ 23   0  10   0   0   1   2]
 [  9   1   0  16   0   4  29]
 [  0   0   0   0   0   1   0]
 [ 16   1   2   5   0  39   5]
 [ 17   4   0  24   0  10  47]]

SVM linear
Classification_report:
             precision    recall  f1-score   support

          B       0.67      0.69      0.68       179
          C       0.58      0.35      0.44        20
          G       0.32      0.33      0.33        36
          M       0.30      0.37      0.33        59
          O       0.00      0.00      0.00         1
          P       0.55      0.59      0.57        68
          R       0.47      0.39      0.43       102

avg / total       0.53      0.53      0.53       465

[[124   1  21   8   0  15  10]
 [  3   7   0   2   0   3   5]
 [ 20   0  12   0   0   2   2]
 [ 11   0   0  22   0   2  24]
 [  0   0   0   0   0   1   0]
 [ 16   1   2   5   0  40   4]
 [ 10   3   2  37   0  10  40]]

Reading  corpus/output832.json
SVM RBF
Classification_report:
             precision    recall  f1-score   support

          B       0.60      0.66      0.63       256
          C       0.31      0.20      0.24        40
          G       0.40      0.35      0.37        72
          M       0.28      0.26      0.27       104
          O       1.00      0.14      0.25         7
          P       0.52      0.57      0.55       133
          R       0.46      0.46      0.46       219

avg / total       0.48      0.49      0.48       831

[[169   1  27  13   0  20  26]
 [  8   8   0   1   0   7  16]
 [ 35   3  25   1   0   3   5]
 [ 14   0   2  27   0  12  49]
 [  0   0   0   1   1   3   2]
 [ 21   3   3  11   0  76  19]
 [ 34  11   5  44   0  24 101]]

SVM linear
Classification_report:
             precision    recall  f1-score   support

          B       0.55      0.62      0.58       256
          C       0.30      0.35      0.33        40
          G       0.37      0.39      0.38        72
          M       0.37      0.41      0.39       104
          O       1.00      0.29      0.44         7
          P       0.51      0.46      0.48       133
          R       0.52      0.43      0.47       219

avg / total       0.49      0.48      0.48       831

[[159   3  37  17   0  15  25]
 [  7  14   1   1   0   6  11]
 [ 31   5  28   1   0   3   4]
 [ 16   2   2  43   0  10  31]
 [  0   0   0   0   2   3   2]
 [ 38   8   3  10   0  61  13]
 [ 40  14   5  45   0  21  94]]

