Reading  corpus/output366.json
SVM RBF
Classification_report:
             precision    recall  f1-score   support

          B       0.40      0.44      0.42        77
          C       0.40      0.20      0.27        20
          G       0.36      0.25      0.30        36
          M       0.25      0.20      0.22        45
          O       0.00      0.00      0.00         6
          P       0.62      0.60      0.61        65
          R       0.47      0.58      0.52       117

avg / total       0.43      0.45      0.43       366

[[34  1  9  6  0  4 23]
 [ 4  4  1  1  0  3  7]
 [19  3  9  0  0  1  4]
 [ 3  0  1  9  0  4 28]
 [ 0  0  0  0  0  5  1]
 [ 6  1  3  1  0 39 15]
 [20  1  2 19  0  7 68]]

SVM linear
Classification_report:
             precision    recall  f1-score   support

          B       0.39      0.43      0.41        77
          C       0.33      0.30      0.32        20
          G       0.41      0.33      0.37        36
          M       0.24      0.24      0.24        45
          O       1.00      0.17      0.29         6
          P       0.58      0.57      0.57        65
          R       0.50      0.53      0.51       117

avg / total       0.45      0.44      0.44       366

[[33  4 10  7  0  5 18]
 [ 3  6  1  1  0  3  6]
 [16  2 12  1  0  1  4]
 [ 6  0  1 11  0  6 21]
 [ 0  0  0  0  1  3  2]
 [ 5  2  4  6  0 37 11]
 [21  4  1 20  0  9 62]]

Reading  corpus/output466.json
SVM RBF
Classification_report:
             precision    recall  f1-score   support

          B       0.66      0.80      0.73       179
          C       0.00      0.00      0.00        20
          G       0.35      0.17      0.23        36
          M       0.36      0.34      0.35        59
          O       0.00      0.00      0.00         1
          P       0.69      0.59      0.63        68
          R       0.41      0.44      0.43       102

avg / total       0.52      0.55      0.53       465

[[144   0  11   6   0   8  10]
 [  1   0   0   3   0   1  15]
 [ 28   0   6   0   0   1   1]
 [  8   1   0  20   0   4  26]
 [  0   0   0   0   0   0   1]
 [ 15   0   0   2   0  40  11]
 [ 22   6   0  25   0   4  45]]

SVM linear
Classification_report:
             precision    recall  f1-score   support

          B       0.70      0.75      0.72       179
          C       0.31      0.25      0.28        20
          G       0.37      0.31      0.33        36
          M       0.41      0.39      0.40        59
          O       0.00      0.00      0.00         1
          P       0.60      0.65      0.62        68
          R       0.43      0.41      0.42       102

avg / total       0.54      0.56      0.55       465

[[134   0  19   6   0   9  11]
 [  1   5   0   2   0   2  10]
 [ 22   0  11   0   0   2   1]
 [  6   1   0  23   0   5  24]
 [  0   0   0   0   0   0   1]
 [ 10   2   0   3   0  44   9]
 [ 19   8   0  22   0  11  42]]

Reading  corpus/output832.json
SVM RBF
Classification_report:
             precision    recall  f1-score   support

          B       0.57      0.66      0.61       256
          C       0.29      0.15      0.20        40
          G       0.37      0.24      0.29        72
          M       0.34      0.30      0.32       104
          O       0.50      0.14      0.22         7
          P       0.62      0.64      0.63       133
          R       0.44      0.48      0.46       219

avg / total       0.48      0.50      0.49       831

[[168   1  25  14   0  13  35]
 [  6   6   2   1   0   6  19]
 [ 41   2  17   1   0   1  10]
 [ 14   1   0  31   0  10  48]
 [  0   0   0   0   1   4   2]
 [ 20   4   1   4   0  85  19]
 [ 47   7   1  39   1  19 105]]

SVM linear
Classification_report:
             precision    recall  f1-score   support

          B       0.56      0.58      0.57       256
          C       0.23      0.25      0.24        40
          G       0.34      0.32      0.33        72
          M       0.36      0.37      0.36       104
          O       0.33      0.14      0.20         7
          P       0.57      0.61      0.59       133
          R       0.46      0.42      0.44       219

avg / total       0.47      0.48      0.47       831

[[149   6  33  14   0  18  36]
 [  8  10   3   2   0   3  14]
 [ 40   1  23   1   0   0   7]
 [ 16   2   2  38   0  11  35]
 [  0   0   0   0   1   2   4]
 [ 22   8   2   6   0  81  14]
 [ 33  16   4  44   2  27  93]]

