SVM RBF
Classification_report:
             precision    recall  f1-score   support
          B       0.57      0.22      0.32        77
          C       0.00      0.00      0.00        20
          G       0.00      0.00      0.00        36
          M       0.00      0.00      0.00        45
          O       0.00      0.00      0.00         6
          P       0.50      0.03      0.06        65
          R       0.34      0.97      0.51       117

avg / total       0.32      0.36      0.24       366

[[ 17   0   0   0   0   0  60]
 [  0   0   0   0   0   1  19]
 [  7   0   0   0   0   0  29]
 [  0   0   0   0   0   0  45]
 [  0   0   0   0   0   0   6]
 [  4   0   0   0   0   2  59]
 [  2   0   0   0   0   1 114]]

SVM linear
Classification_report:
             precision    recall  f1-score   support
          B       0.47      0.49      0.48        77
          C       0.35      0.40      0.37        20
          G       0.30      0.33      0.32        36
          M       0.17      0.20      0.19        45
          O       1.00      0.33      0.50         6
          P       0.47      0.46      0.47        65
          R       0.50      0.45      0.48       117

avg / total       0.43      0.42      0.42       366

[[38  2 14  4  0 11  8]
 [ 2  8  1  2  0  1  6]
 [12  0 12  1  0  4  7]
 [ 5  1  2  9  0  6 22]
 [ 0  0  0  1  2  1  2]
 [11  1  5 11  0 30  7]
 [12 11  6 24  0 11 53]]

KNN
Classification_report:
             precision    recall  f1-score   support
          B       0.31      0.44      0.36        77
          C       0.41      0.35      0.38        20
          G       0.11      0.08      0.09        36
          M       0.15      0.18      0.16        45
          O       0.33      0.17      0.22         6
          P       0.40      0.34      0.37        65
          R       0.48      0.41      0.44       117

avg / total       0.35      0.34      0.34       366

[[34  2  8  8  0 14 11]
 [ 1  7  2  3  0  0  7]
 [15  2  3  5  0  4  7]
 [11  3  2  8  0  4 17]
 [ 0  0  1  2  1  0  2]
 [19  1  8  7  1 22  7]
 [31  2  4 20  1 11 48]]

NB
Classification_report:
             precision    recall  f1-score   support
          B       0.49      0.49      0.49        77
          C       0.71      0.25      0.37        20
          G       0.56      0.39      0.46        36
          M       0.42      0.40      0.41        45
          O       0.00      0.00      0.00         6
          P       0.42      0.49      0.45        65
          R       0.55      0.62      0.58       117

avg / total       0.50      0.49      0.49       366

[[38  0  7  0  2 14 16]
 [ 1  5  1  0  0  1 12]
 [14  1 14  0  0  5  2]
 [ 4  0  0 18  0  8 15]
 [ 0  0  0  0  0  0  6]
 [15  0  2  7  1 32  8]
 [ 6  1  1 18  3 16 72]]

DT
Classification_report:
             precision    recall  f1-score   support
          B       0.39      0.40      0.39        77
          C       0.19      0.15      0.17        20
          G       0.17      0.17      0.17        36
          M       0.14      0.16      0.15        45
          O       0.17      0.17      0.17         6
          P       0.60      0.54      0.57        65
          R       0.43      0.44      0.43       117

avg / total       0.37      0.37      0.37       366

[[31  2 13  7  0  6 18]
 [ 3  3  1  5  0  0  8]
 [16  1  6  3  0  2  8]
 [ 7  2  2  7  0  3 24]
 [ 0  0  1  0  1  4  0]
 [ 9  1  4  2  4 35 10]
 [14  7  9 27  1  8 51]]

CRF
Classification_report:
             precision    recall  f1-score   support
          B      0.577     0.532     0.554        77
          C      0.400     0.500     0.444        20
          G      0.143     0.056     0.080        36
          M      0.200     0.067     0.100        45
          O      0.000     0.000     0.000         6
          P      0.558     0.446     0.496        65
          R      0.519     0.838     0.641       117

avg / total      0.447     0.500     0.454       366
