SVM RBF
Classification_report:
             precision    recall  f1-score   support
          B       0.56      0.19      0.29        77
          C       0.00      0.00      0.00        20
          G       0.00      0.00      0.00        36
          M       0.00      0.00      0.00        45
          O       0.00      0.00      0.00         6
          P       0.88      0.11      0.19        65
          R       0.35      0.98      0.51       117

avg / total       0.38      0.37      0.26       366

[[ 15   0   0   0   0   0  62]
 [  0   0   0   0   0   1  19]
 [  6   0   0   0   0   0  30]
 [  0   0   0   0   0   0  45]
 [  0   0   0   0   0   0   6]
 [  4   0   0   0   0   7  54]
 [  2   0   0   0   0   0 115]]

SVM linear
Classification_report:
             precision    recall  f1-score   support
          B       0.49      0.60      0.54        77
          C       0.46      0.30      0.36        20
          G       0.50      0.28      0.36        36
          M       0.21      0.20      0.20        45
          O       0.00      0.00      0.00         6
          P       0.71      0.65      0.68        65
          R       0.48      0.56      0.52       117

avg / total       0.48      0.49      0.48       366

[[46  1  6  2  0  4 18]
 [ 2  6  0  1  0  2  9]
 [14  1 10  1  0  1  9]
 [ 7  0  1  9  0  2 26]
 [ 0  1  0  0  0  3  2]
 [ 7  0  2  6  0 42  8]
 [17  4  1 24  0  5 66]]

KNN
Classification_report:
             precision    recall  f1-score   support
          B       0.36      0.57      0.44        77
          C       0.24      0.20      0.22        20
          G       0.32      0.19      0.24        36
          M       0.18      0.18      0.18        45
          O       0.33      0.17      0.22         6
          P       0.44      0.46      0.45        65
          R       0.45      0.34      0.39       117

avg / total       0.37      0.37      0.36       366

[[44  0  4  6  0 16  7]
 [ 2  4  1  2  1  0 10]
 [12  1  7  4  0  5  7]
 [15  3  0  8  0  3 16]
 [ 0  1  0  1  1  2  1]
 [15  1  5  6  1 30  7]
 [35  7  5 18  0 12 40]]

NB
Classification_report:
             precision    recall  f1-score   support
          B       0.49      0.49      0.49        77
          C       0.71      0.25      0.37        20
          G       0.56      0.39      0.46        36
          M       0.42      0.40      0.41        45
          O       0.00      0.00      0.00         6
          P       0.42      0.49      0.45        65
          R       0.55      0.62      0.58       117

avg / total       0.50      0.49      0.49       366

[[38  0  7  0  2 14 16]
 [ 1  5  1  0  0  1 12]
 [14  1 14  0  0  5  2]
 [ 4  0  0 18  0  8 15]
 [ 0  0  0  0  0  0  6]
 [15  0  2  7  1 32  8]
 [ 6  1  1 18  3 16 72]]

DT
Classification_report:
             precision    recall  f1-score   support
          B       0.41      0.43      0.42        77
          C       0.06      0.05      0.06        20
          G       0.19      0.17      0.18        36
          M       0.09      0.09      0.09        45
          O       0.00      0.00      0.00         6
          P       0.56      0.65      0.60        65
          R       0.44      0.44      0.44       117

avg / total       0.36      0.37      0.37       366

[[33  4  5  6  0 10 19]
 [ 4  1  3  7  0  0  5]
 [ 9  2  6  7  1  0 11]
 [ 9  3  4  4  0  5 20]
 [ 0  0  1  0  0  3  2]
 [ 6  1  3  4  1 42  8]
 [20  5 10 16  0 15 51]]

CRF
Classification_report:
             precision    recall  f1-score   support
          B      0.570     0.584     0.577        77
          C      0.480     0.600     0.533        20
          G      0.176     0.083     0.113        36
          M      0.250     0.022     0.041        45
          O      0.000     0.000     0.000         6
          P      0.538     0.431     0.479        65
          R      0.529     0.855     0.654       117

avg / total      0.459     0.516     0.461       366
