SVM RBF
Classification_report:
             precision    recall  f1-score   support
          B       0.44      0.94      0.60       179
          C       0.00      0.00      0.00        20
          G       0.00      0.00      0.00        36
          M       0.00      0.00      0.00        59
          O       0.00      0.00      0.00         1
          P       1.00      0.01      0.03        68
          R       0.39      0.32      0.35       103

avg / total       0.40      0.44      0.31       466

[[169   0   0   0   0   0  10]
 [ 10   0   0   0   0   0  10]
 [ 36   0   0   0   0   0   0]
 [ 41   0   0   0   0   0  18]
 [  1   0   0   0   0   0   0]
 [ 53   0   0   0   0   1  14]
 [ 70   0   0   0   0   0  33]]

SVM linear
Classification_report:
             precision    recall  f1-score   support
          B       0.55      0.62      0.58       179
          C       0.10      0.10      0.10        20
          G       0.26      0.19      0.22        36
          M       0.28      0.29      0.29        59
          O       0.00      0.00      0.00         1
          P       0.50      0.47      0.48        68
          R       0.34      0.31      0.32       103

avg / total       0.42      0.43      0.42       466

[[111   6  14  16   0   8  24]
 [  6   2   1   2   0   4   5]
 [ 25   1   7   0   0   0   3]
 [ 13   3   2  17   0   7  17]
 [  0   0   0   0   0   0   1]
 [ 14   2   2   6   0  32  12]
 [ 32   6   1  19   0  13  32]]

KNN
Classification_report:
             precision    recall  f1-score   support
          B       0.46      0.69      0.55       179
          C       0.11      0.10      0.11        20
          G       0.17      0.11      0.14        36
          M       0.21      0.17      0.19        59
          O       0.00      0.00      0.00         1
          P       0.41      0.28      0.33        68
          R       0.34      0.19      0.25       103

avg / total       0.36      0.38      0.35       466

[[124   3  13  12   0  13  14]
 [  9   2   0   3   0   3   3]
 [ 28   1   4   0   0   2   1]
 [ 29   2   2  10   0   3  13]
 [  1   0   0   0   0   0   0]
 [ 29   7   1   4   0  19   8]
 [ 52   3   3  18   1   6  20]]

NB
Classification_report:
             precision    recall  f1-score   support
          B       0.57      0.49      0.53       179
          C       0.00      0.00      0.00        20
          G       0.18      0.11      0.14        36
          M       0.32      0.39      0.35        59
          O       0.00      0.00      0.00         1
          P       0.39      0.53      0.45        68
          R       0.45      0.48      0.46       103

avg / total       0.43      0.43      0.43       466

[[88  5 18 21  0 29 18]
 [ 8  0  0  5  0  1  6]
 [18  2  4  2  0  4  6]
 [ 9  1  0 23  0  9 17]
 [ 1  0  0  0  0  0  0]
 [13  2  0  4  0 36 13]
 [17  5  0 18  0 14 49]]

DT
Classification_report:
             precision    recall  f1-score   support
          B       0.48      0.47      0.48       179
          C       0.04      0.05      0.04        20
          G       0.18      0.17      0.17        36
          M       0.22      0.22      0.22        59
          O       0.00      0.00      0.00         1
          P       0.48      0.46      0.47        68
          R       0.24      0.25      0.25       103

avg / total       0.35      0.35      0.35       466

[[84 10 18 24  0 10 33]
 [11  1  0  2  0  3  3]
 [16  1  6  2  0  2  9]
 [15  3  2 13  1  4 21]
 [ 0  0  0  0  0  0  1]
 [12  4  3  4  0 31 14]
 [36  8  4 15  0 14 26]]

CRF
Classification_report:
             precision    recall  f1-score   support
          B      0.632     0.883     0.737       179
          C      0.650     0.650     0.650        20
          G      0.385     0.139     0.204        36
          M      0.343     0.203     0.255        59
          O      0.000     0.000     0.000         1
          P      0.481     0.368     0.417        68
          R      0.479     0.447     0.462       103

avg / total      0.520     0.556     0.522       466
