SVM RBF
Classification_report:
             precision    recall  f1-score   support
          B       0.48      0.84      0.61       256
          C       0.00      0.00      0.00        40
          G       0.00      0.00      0.00        72
          M       0.00      0.00      0.00       104
          O       0.00      0.00      0.00         7
          P       0.77      0.32      0.46       133
          R       0.44      0.65      0.52       220

avg / total       0.39      0.48      0.40       832

[[216   0   0   0   0   1  39]
 [  8   0   0   0   0   4  28]
 [ 66   0   0   0   0   0   6]
 [ 34   0   0   0   0   1  69]
 [  0   0   0   0   0   1   6]
 [ 55   0   0   0   0  43  35]
 [ 71   0   0   0   0   6 143]]

SVM linear
Classification_report:
             precision    recall  f1-score   support
          B       0.50      0.59      0.54       256
          C       0.20      0.20      0.20        40
          G       0.31      0.29      0.30        72
          M       0.33      0.34      0.33       104
          O       0.25      0.14      0.18         7
          P       0.55      0.50      0.52       133
          R       0.44      0.39      0.41       220

avg / total       0.44      0.44      0.44       832

[[150   5  30  18   0  13  40]
 [ 14   8   1   1   0   8   8]
 [ 36   3  21   2   0   1   9]
 [ 20   4   4  35   0   8  33]
 [  0   1   0   0   1   3   2]
 [ 30   4   8  10   0  66  15]
 [ 52  16   4  39   3  21  85]]

KNN
Classification_report:
             precision    recall  f1-score   support
          B       0.42      0.60      0.49       256
          C       0.19      0.12      0.15        40
          G       0.16      0.14      0.15        72
          M       0.18      0.13      0.15       104
          O       0.33      0.14      0.20         7
          P       0.40      0.38      0.39       133
          R       0.35      0.26      0.30       220

avg / total       0.33      0.35      0.33       832

[[154   6  21  10   0  37  28]
 [  9   5   2   6   0   6  12]
 [ 51   0  10   0   0   4   7]
 [ 36   2   5  14   0   8  39]
 [  1   0   0   0   1   2   3]
 [ 40   2  11  12   0  50  18]
 [ 80  11  14  37   2  19  57]]

NB
Classification_report:
             precision    recall  f1-score   support
          B       0.51      0.34      0.41       256
          C       0.09      0.07      0.08        40
          G       0.32      0.33      0.33        72
          M       0.35      0.53      0.42       104
          O       0.00      0.00      0.00         7
          P       0.36      0.47      0.41       133
          R       0.46      0.44      0.45       220

avg / total       0.41      0.40      0.40       832

[[88 10 40 29  6 52 31]
 [10  3  3  3  0  6 15]
 [28  1 24  3  0  6 10]
 [ 8  4  1 55  0 11 25]
 [ 2  0  0  0  0  0  5]
 [20  5  1 16  3 62 26]
 [17 11  6 50  4 35 97]]

DT
Classification_report:
             precision    recall  f1-score   support
          B       0.48      0.52      0.50       256
          C       0.12      0.12      0.12        40
          G       0.23      0.22      0.23        72
          M       0.22      0.21      0.22       104
          O       0.00      0.00      0.00         7
          P       0.56      0.54      0.55       133
          R       0.34      0.33      0.34       220

avg / total       0.38      0.39      0.38       832

[[133   9  27  23   1  19  44]
 [ 12   5   3   5   1   4  10]
 [ 26   0  16   8   0   3  19]
 [ 24   7   4  22   0   7  40]
 [  2   0   0   0   0   2   3]
 [ 20   5   3   9   1  72  23]
 [ 60  14  17  33   1  22  73]]

CRF
Classification_report:
             precision    recall  f1-score   support
          B      0.557     0.758     0.642       256
          C      0.448     0.325     0.377        40
          G      0.143     0.014     0.025        72
          M      0.105     0.019     0.033       104
          O      0.000     0.000     0.000         7
          P      0.585     0.466     0.519       133
          R      0.483     0.709     0.575       220

avg / total      0.440     0.514     0.457       832
