SVM RBF
Classification_report:
             precision    recall  f1-score   support
          B       0.50      0.29      0.36        77
          C       0.00      0.00      0.00        20
          G       0.00      0.00      0.00        36
          M       1.00      0.04      0.09        45
          O       0.00      0.00      0.00         6
          P       0.58      0.52      0.55        65
          R       0.39      0.88      0.54       117

avg / total       0.46      0.44      0.36       366

[[ 22   0   0   0   0   7  48]
 [  1   0   0   0   0   3  16]
 [ 11   0   0   0   0   3  22]
 [  0   0   0   2   0   3  40]
 [  0   0   0   0   0   2   4]
 [  3   0   0   0   0  34  28]
 [  7   0   0   0   0   7 103]]

SVM linear
Classification_report:
             precision    recall  f1-score   support
          B       0.44      0.48      0.46        77
          C       0.18      0.15      0.16        20
          G       0.42      0.36      0.39        36
          M       0.24      0.24      0.24        45
          O       0.00      0.00      0.00         6
          P       0.70      0.62      0.66        65
          R       0.50      0.56      0.53       117

avg / total       0.46      0.46      0.46       366

[[37  6 10  5  0  4 15]
 [ 4  3  2  1  0  2  8]
 [14  3 13  0  0  1  5]
 [ 5  0  0 11  0  2 27]
 [ 0  1  0  0  0  3  2]
 [ 8  2  2  5  0 40  8]
 [17  2  4 24  0  5 65]]

KNN
Classification_report:
             precision    recall  f1-score   support
          B       0.26      0.36      0.31        77
          C       0.22      0.10      0.14        20
          G       0.20      0.17      0.18        36
          M       0.27      0.31      0.29        45
          O       0.00      0.00      0.00         6
          P       0.48      0.46      0.47        65
          R       0.39      0.36      0.38       117

avg / total       0.33      0.33      0.33       366

[[28  1  8  8  0  7 25]
 [ 4  2  3  1  0  2  8]
 [16  3  6  2  0  2  7]
 [ 8  0  2 14  0  5 16]
 [ 0  0  0  0  0  5  1]
 [15  2  3  6  1 30  8]
 [35  1  8 20  0 11 42]]

NB
Classification_report:
             precision    recall  f1-score   support
          B       0.45      0.18      0.26        77
          C       0.13      0.25      0.17        20
          G       0.21      0.08      0.12        36
          M       0.25      0.24      0.25        45
          O       0.00      0.00      0.00         6
          P       0.33      0.29      0.31        65
          R       0.39      0.60      0.47       117

avg / total       0.34      0.33      0.31       366

[[14  7  5  9  0  9 33]
 [ 2  5  2  1  0  2  8]
 [ 8  6  3  1  0  3 15]
 [ 1  3  0 11  0  4 26]
 [ 0  0  0  0  0  2  4]
 [ 0 12  2  7  0 19 25]
 [ 6  6  2 15  0 18 70]]

DT
Classification_report:
             precision    recall  f1-score   support
          B       0.27      0.23      0.25        77
          C       0.19      0.15      0.17        20
          G       0.20      0.17      0.18        36
          M       0.16      0.18      0.17        45
          O       0.00      0.00      0.00         6
          P       0.33      0.32      0.33        65
          R       0.42      0.47      0.44       117

avg / total       0.30      0.30      0.30       366

[[18  3  7 10  2 12 25]
 [ 5  3  2  4  0  1  5]
 [ 5  1  6  5  1  7 11]
 [10  0  4  8  2  1 20]
 [ 0  1  0  0  0  2  3]
 [12  3  5 10  1 21 13]
 [16  5  6 14  1 20 55]]

CRF
Classification_report:
             precision    recall  f1-score   support
          B      0.294     0.065     0.106        77
          C      0.500     0.050     0.091        20
          G      0.286     0.056     0.093        36
          M      0.000     0.000     0.000        45
          O      0.000     0.000     0.000         6
          P      0.404     0.323     0.359        65
          R      0.365     0.897     0.519       117

avg / total      0.306     0.366     0.266       366
