SVM RBF
Classification_report:
             precision    recall  f1-score   support
          B       0.40      0.99      0.57       179
          C       0.00      0.00      0.00        20
          G       0.00      0.00      0.00        36
          M       0.00      0.00      0.00        59
          O       0.00      0.00      0.00         1
          P       0.70      0.10      0.18        68
          R       0.00      0.00      0.00       103

avg / total       0.25      0.39      0.24       466

[[177   0   0   0   0   0   2]
 [ 19   0   0   0   0   1   0]
 [ 36   0   0   0   0   0   0]
 [ 55   0   0   0   0   0   4]
 [  1   0   0   0   0   0   0]
 [ 59   0   0   0   0   7   2]
 [100   0   0   1   0   2   0]]

SVM linear
Classification_report:
             precision    recall  f1-score   support
          B       0.52      0.56      0.54       179
          C       0.11      0.10      0.11        20
          G       0.17      0.17      0.17        36
          M       0.25      0.29      0.27        59
          O       0.00      0.00      0.00         1
          P       0.44      0.40      0.42        68
          R       0.30      0.26      0.28       103

avg / total       0.38      0.38      0.38       466

[[100  10  19  13   0  12  25]
 [  9   2   0   2   0   3   4]
 [ 22   1   6   2   0   3   2]
 [ 15   0   3  17   0   3  21]
 [  0   0   0   0   0   1   0]
 [ 20   2   1   8   0  27  10]
 [ 28   3   7  26   0  12  27]]

KNN
Classification_report:
             precision    recall  f1-score   support
          B       0.46      0.68      0.55       179
          C       0.05      0.05      0.05        20
          G       0.11      0.08      0.09        36
          M       0.27      0.17      0.21        59
          O       0.00      0.00      0.00         1
          P       0.42      0.29      0.34        68
          R       0.25      0.17      0.20       103

avg / total       0.34      0.37      0.34       466

[[121   9  11   7   0  11  20]
 [ 15   1   0   0   0   0   4]
 [ 26   1   3   1   0   2   3]
 [ 27   4   4  10   0   3  11]
 [  0   0   0   0   0   0   1]
 [ 25   3   2   7   0  20  11]
 [ 51   3   8  12   0  12  17]]

NB
Classification_report:
             precision    recall  f1-score   support
          B       0.46      0.41      0.43       179
          C       0.05      0.05      0.05        20
          G       0.15      0.22      0.18        36
          M       0.22      0.53      0.31        59
          O       0.00      0.00      0.00         1
          P       0.30      0.19      0.23        68
          R       0.29      0.15      0.19       103

avg / total       0.33      0.30      0.30       466

[[73  5 29 42  0 12 18]
 [10  1  2  2  0  3  2]
 [14  3  8  5  0  2  4]
 [12  2  6 31  0  4  4]
 [ 0  0  0  1  0  0  0]
 [24  3  3 16  0 13  9]
 [24  8  4 43  0  9 15]]

DT
Classification_report:
             precision    recall  f1-score   support
          B       0.39      0.39      0.39       179
          C       0.06      0.10      0.08        20
          G       0.06      0.06      0.06        36
          M       0.14      0.15      0.15        59
          O       0.00      0.00      0.00         1
          P       0.26      0.21      0.23        68
          R       0.22      0.21      0.21       103

avg / total       0.26      0.25      0.26       466

[[69 16 15 31  1 14 33]
 [ 8  2  1  1  0  4  4]
 [16  1  2  5  0  5  7]
 [21  3  3  9  0  3 20]
 [ 1  0  0  0  0  0  0]
 [21  4  4  9  0 14 16]
 [40  6 11 10  0 14 22]]

CRF
Classification_report:
             precision    recall  f1-score   support
          B      0.468     0.927     0.622       179
          C      0.000     0.000     0.000        20
          G      0.000     0.000     0.000        36
          M      0.333     0.017     0.032        59
          O      0.000     0.000     0.000         1
          P      0.176     0.132     0.151        68
          R      0.351     0.194     0.250       103

avg / total      0.325     0.421     0.320       466
