SVM RBF
Classification_report:
             precision    recall  f1-score   support
          B       0.45      0.93      0.61       179
          C       0.00      0.00      0.00        20
          G       0.00      0.00      0.00        36
          M       0.75      0.05      0.10        59
          O       0.00      0.00      0.00         1
          P       0.90      0.28      0.43        68
          R       0.30      0.21      0.25       103

avg / total       0.47      0.45      0.36       466

[[167   0   0   0   0   1  11]
 [ 17   0   0   0   0   0   3]
 [ 34   0   0   0   0   0   2]
 [ 35   0   0   3   0   0  21]
 [  0   0   0   0   0   0   1]
 [ 36   0   0   0   0  19  13]
 [ 79   0   0   1   0   1  22]]

SVM linear
Classification_report:
             precision    recall  f1-score   support
          B       0.54      0.64      0.59       179
          C       0.00      0.00      0.00        20
          G       0.31      0.22      0.26        36
          M       0.33      0.34      0.33        59
          O       0.00      0.00      0.00         1
          P       0.50      0.46      0.48        68
          R       0.45      0.41      0.43       103

avg / total       0.44      0.46      0.45       466

[[115   5  14  17   0  11  17]
 [ 10   0   1   1   0   2   6]
 [ 24   0   8   1   0   0   3]
 [ 16   2   0  20   0   6  15]
 [  0   0   0   0   0   0   1]
 [ 22   0   1   4   0  31  10]
 [ 26   3   2  18   0  12  42]]

KNN
Classification_report:
             precision    recall  f1-score   support
          B       0.42      0.55      0.47       256
          C       0.13      0.12      0.13        40
          G       0.24      0.18      0.20        72
          M       0.21      0.16      0.18       104
          O       0.00      0.00      0.00         7
          P       0.47      0.47      0.47       133
          R       0.32      0.27      0.29       220

avg / total       0.34      0.36      0.34       832

[[141  10  19   9   0  22  55]
 [ 15   5   2   4   0   2  12]
 [ 43   3  13   3   0   3   7]
 [ 29   4   6  17   0   8  40]
 [  0   0   0   0   0   5   2]
 [ 36   5   3  15   0  62  12]
 [ 75  11  12  33   0  30  59]]

NB
Classification_report:
             precision    recall  f1-score   support
          B       0.48      0.44      0.46       256
          C       0.10      0.23      0.14        40
          G       0.22      0.25      0.24        72
          M       0.20      0.48      0.28       104
          O       0.00      0.00      0.00         7
          P       0.40      0.21      0.28       133
          R       0.35      0.17      0.23       220

avg / total       0.35      0.31      0.31       832

[[112  20  39  53   0   8  24]
 [ 13   9   3   4   0   4   7]
 [ 29   8  18  10   0   1   6]
 [ 18   4   9  50   0   8  15]
 [  1   0   0   2   0   2   2]
 [ 20  25   3  41   0  28  16]
 [ 42  22   9  90   1  19  37]]

DT
Classification_report:
             precision    recall  f1-score   support
          B       0.36      0.31      0.33       256
          C       0.10      0.10      0.10        40
          G       0.12      0.11      0.11        72
          M       0.15      0.16      0.16       104
          O       0.00      0.00      0.00         7
          P       0.32      0.30      0.31       133
          R       0.28      0.33      0.30       220

avg / total       0.27      0.27      0.27       832

[[80 11 28 34  3 25 75]
 [ 8  4  4  4  1  5 14]
 [23  2  8  6  0 13 20]
 [25  5  3 17  0 14 40]
 [ 5  0  0  1  0  0  1]
 [29  8 11 12  1 40 32]
 [54 10 14 39  3 28 72]]

CRF
Classification_report:
             precision    recall  f1-score   support
          B      0.398     0.605     0.481       256
          C      0.000     0.000     0.000        40
          G      0.000     0.000     0.000        72
          M      0.000     0.000     0.000       104
          O      0.000     0.000     0.000         7
          P      0.317     0.248     0.278       133
          R      0.335     0.514     0.406       220

avg / total      0.262     0.362     0.300       832
