SVM RBF
Classification_report:
             precision    recall  f1-score   support
          B       0.65      0.17      0.27        77
          C       0.00      0.00      0.00        20
          G       0.00      0.00      0.00        36
          M       0.00      0.00      0.00        45
          O       0.00      0.00      0.00         6
          P       0.60      0.14      0.22        65
          R       0.34      0.96      0.50       117

avg / total       0.35      0.37      0.26       366

[[ 13   0   0   0   0   2  62]
 [  0   0   0   0   0   0  20]
 [  3   0   0   0   0   0  33]
 [  0   0   0   0   0   2  43]
 [  0   0   0   0   0   0   6]
 [  1   0   0   0   0   9  55]
 [  3   0   0   0   0   2 112]]

SVM linear
Classification_report:
             precision    recall  f1-score   support
          B       0.34      0.38      0.36        77
          C       0.12      0.15      0.13        20
          G       0.25      0.25      0.25        36
          M       0.21      0.29      0.25        45
          O       1.00      0.33      0.50         6
          P       0.34      0.29      0.31        65
          R       0.41      0.35      0.38       117

avg / total       0.34      0.32      0.32       366

[[29  5 11  8  0  8 16]
 [ 6  3  0  1  0  5  5]
 [11  4  9  3  0  4  5]
 [ 6  1  2 13  0  7 16]
 [ 0  0  0  1  2  2  1]
 [13  5  6  7  0 19 15]
 [21  8  8 28  0 11 41]]

KNN
Classification_report:
             precision    recall  f1-score   support
          B       0.29      0.44      0.35        77
          C       0.09      0.10      0.09        20
          G       0.23      0.17      0.19        36
          M       0.17      0.13      0.15        45
          O       0.00      0.00      0.00         6
          P       0.38      0.31      0.34        65
          R       0.44      0.41      0.43       117

avg / total       0.32      0.32      0.31       366

[[34  4  9  8  0  6 16]
 [ 5  2  1  1  0  4  7]
 [14  4  6  2  1  2  7]
 [11  3  0  6  1  7 17]
 [ 1  0  0  0  0  3  2]
 [21  4  3  6  0 20 11]
 [33  6  7 12  0 11 48]]

NB
Classification_report:
             precision    recall  f1-score   support
          B       0.42      0.22      0.29        77
          C       0.12      0.20      0.15        20
          G       0.19      0.14      0.16        36
          M       0.20      0.16      0.18        45
          O       0.00      0.00      0.00         6
          P       0.26      0.18      0.21        65
          R       0.39      0.61      0.47       117

avg / total       0.31      0.32      0.30       366

[[17  5  8  6  0 10 31]
 [ 2  4  1  1  0  2 10]
 [ 9  5  5  0  0  3 14]
 [ 1  2  1  7  0  6 28]
 [ 0  0  0  0  0  1  5]
 [ 3 10  6 10  1 12 23]
 [ 8  8  6 11  0 13 71]]

DT
Classification_report:
             precision    recall  f1-score   support
          B       0.24      0.23      0.24        77
          C       0.00      0.00      0.00        20
          G       0.10      0.08      0.09        36
          M       0.12      0.16      0.14        45
          O       0.25      0.33      0.29         6
          P       0.17      0.15      0.16        65
          R       0.38      0.38      0.38       117

avg / total       0.23      0.23      0.23       366

[[18  6  9 16  1  9 18]
 [ 4  0  2  4  0  2  8]
 [ 9  3  3  5  0  9  7]
 [ 7  2  4  7  0  9 16]
 [ 1  0  0  0  2  0  3]
 [13  5  3 11  2 10 21]
 [22  3 10 13  3 21 45]]

CRF
Classification_report:
             precision    recall  f1-score   support
          B      0.500     0.026     0.049        77
          C      0.400     0.100     0.160        20
          G      0.000     0.000     0.000        36
          M      0.000     0.000     0.000        45
          O      0.000     0.000     0.000         6
          P      0.471     0.369     0.414        65
          R      0.374     0.923     0.532       117

avg / total      0.330     0.372     0.263       366
