Reading  corpus/output366.json
SVM RBF
Classification_report:
             precision    recall  f1-score   support

          B       0.37      0.47      0.41        77
          C       0.00      0.00      0.00        20
          G       0.42      0.22      0.29        36
          M       0.43      0.20      0.27        45
          O       0.00      0.00      0.00         6
          P       0.64      0.58      0.61        65
          R       0.44      0.63      0.52       117

avg / total       0.43      0.45      0.42       366

[[36  0  6  3  0  6 26]
 [ 5  0  0  0  0  1 14]
 [19  0  8  1  0  0  8]
 [ 4  0  0  9  0  3 29]
 [ 0  0  0  0  0  5  1]
 [ 8  0  2  0  0 38 17]
 [25  1  3  8  0  6 74]]

SVM linear
Classification_report:
             precision    recall  f1-score   support

          B       0.37      0.43      0.40        77
          C       0.37      0.35      0.36        20
          G       0.38      0.31      0.34        36
          M       0.36      0.36      0.36        45
          O       0.50      0.17      0.25         6
          P       0.58      0.58      0.58        65
          R       0.44      0.44      0.44       117

avg / total       0.43      0.43      0.43       366

[[33  4 10  3  0  7 20]
 [ 4  7  0  0  0  1  8]
 [17  1 11  0  0  0  7]
 [ 3  0  3 16  0  3 20]
 [ 0  0  0  0  1  4  1]
 [ 8  2  3  4  1 38  9]
 [25  5  2 21  0 12 52]]

Reading  corpus/output466.json
SVM RBF
Classification_report:
             precision    recall  f1-score   support

          B       0.51      0.71      0.59       179
          C       0.00      0.00      0.00        20
          G       0.33      0.08      0.13        36
          M       0.25      0.20      0.22        59
          O       0.00      0.00      0.00         1
          P       0.58      0.49      0.53        68
          R       0.36      0.35      0.36       102

avg / total       0.42      0.45      0.42       465

[[127   1   6  15   0   7  23]
 [ 11   0   0   2   0   3   4]
 [ 31   0   3   0   0   0   2]
 [ 19   0   0  12   0   4  24]
 [  0   0   0   0   0   0   1]
 [ 21   1   0   4   0  33   9]
 [ 40   1   0  15   0  10  36]]

SVM linear
Classification_report:
             precision    recall  f1-score   support

          B       0.51      0.51      0.51       179
          C       0.07      0.05      0.06        20
          G       0.22      0.22      0.22        36
          M       0.25      0.27      0.26        59
          O       0.00      0.00      0.00         1
          P       0.55      0.59      0.57        68
          R       0.34      0.33      0.34       102

avg / total       0.40      0.41      0.41       465

[[91  9 22 19  0 10 28]
 [ 7  1  1  2  0  4  5]
 [26  0  8  0  0  0  2]
 [15  1  1 16  0  5 21]
 [ 0  0  0  0  0  1  0]
 [11  0  1  7  0 40  9]
 [27  4  3 21  0 13 34]]

Reading  corpus/output832.json
SVM RBF
Classification_report:
             precision    recall  f1-score   support

          B       0.47      0.62      0.53       256
          C       0.00      0.00      0.00        40
          G       0.41      0.15      0.22        72
          M       0.37      0.20      0.26       104
          O       0.00      0.00      0.00         7
          P       0.61      0.54      0.57       133
          R       0.41      0.52      0.45       219

avg / total       0.43      0.45      0.43       831

[[160   2  15   8   0  11  60]
 [ 17   0   0   2   0   6  15]
 [ 52   0  11   0   0   0   9]
 [ 22   0   0  21   0   7  54]
 [  0   0   0   0   0   4   3]
 [ 32   0   0   3   1  72  25]
 [ 61   1   1  23   2  18 113]]

SVM linear
Classification_report:
             precision    recall  f1-score   support

          B       0.48      0.55      0.52       256
          C       0.13      0.12      0.13        40
          G       0.41      0.36      0.38        72
          M       0.38      0.37      0.37       104
          O       0.25      0.14      0.18         7
          P       0.59      0.54      0.56       133
          R       0.42      0.40      0.41       219

avg / total       0.44      0.45      0.44       831

[[141  10  31  20   0  12  42]
 [ 16   5   0   2   0   7  10]
 [ 31   4  26   1   0   2   8]
 [ 19   3   1  38   0   6  37]
 [  0   0   0   0   1   3   3]
 [ 25   6   2   5   1  72  22]
 [ 59  11   4  34   2  21  88]]
