Reading  corpus/output366.json
SVM RBF
Classification_report:
             precision    recall  f1-score   support

          B       0.39      0.47      0.43        77
          C       0.00      0.00      0.00        20
          G       0.50      0.03      0.05        36
          M       0.00      0.00      0.00        45
          O       0.00      0.00      0.00         6
          P       0.55      0.35      0.43        65
          R       0.42      0.81      0.55       117

avg / total       0.36      0.42      0.35       366

[[36  0  0  0  0  3 38]
 [ 7  0  0  0  0  1 12]
 [19  0  1  0  0  2 14]
 [ 4  0  0  0  0  5 36]
 [ 0  0  0  0  0  2  4]
 [11  0  1  1  0 23 29]
 [15  0  0  1  0  6 95]]

SVM linear
Classification_report:
             precision    recall  f1-score   support

          B       0.32      0.39      0.35        77
          C       0.09      0.10      0.10        20
          G       0.18      0.19      0.19        36
          M       0.21      0.18      0.19        45
          O       0.75      0.50      0.60         6
          P       0.44      0.43      0.43        65
          R       0.45      0.40      0.42       117

avg / total       0.35      0.34      0.34       366

[[30  4 17  5  0  6 15]
 [ 8  2  4  0  0  2  4]
 [16  2  7  1  0  6  4]
 [ 6  1  1  8  0  8 21]
 [ 0  0  0  0  3  1  2]
 [ 9  5  5  6  0 28 12]
 [26  8  4 18  1 13 47]]

Reading  corpus/output466.json
SVM RBF
Classification_report:
             precision    recall  f1-score   support

          B       0.44      0.91      0.59       179
          C       0.00      0.00      0.00        20
          G       0.00      0.00      0.00        36
          M       0.00      0.00      0.00        59
          O       0.00      0.00      0.00         1
          P       0.58      0.26      0.36        68
          R       0.27      0.18      0.21       102

avg / total       0.31      0.43      0.33       465

[[162   0   0   0   0   2  15]
 [ 15   0   0   0   0   3   2]
 [ 34   0   0   0   0   0   2]
 [ 37   0   0   0   0   5  17]
 [  0   0   0   0   0   0   1]
 [ 39   0   0   0   0  18  11]
 [ 81   0   0   0   0   3  18]]

SVM linear
Classification_report:
             precision    recall  f1-score   support

          B       0.44      0.51      0.48       179
          C       0.03      0.05      0.04        20
          G       0.21      0.22      0.22        36
          M       0.12      0.12      0.12        59
          O       0.00      0.00      0.00         1
          P       0.36      0.32      0.34        68
          R       0.20      0.15      0.17       102

avg / total       0.30      0.31      0.30       465

[[92 12 21 19  0 13 22]
 [11  1  0  2  0  2  4]
 [19  2  8  2  0  1  4]
 [19  3  2  7  0  9 19]
 [ 0  0  0  1  0  0  0]
 [27  2  1  6  0 22 10]
 [39  9  6 19  0 14 15]]

Reading  corpus/output832.json
SVM RBF
Classification_report:
             precision    recall  f1-score   support

          B       0.43      0.70      0.53       256
          C       0.00      0.00      0.00        40
          G       0.00      0.00      0.00        72
          M       0.00      0.00      0.00       104
          O       0.00      0.00      0.00         7
          P       0.58      0.41      0.48       133
          R       0.42      0.61      0.50       219

avg / total       0.34      0.44      0.37       831

[[180   0   0   1   0   8  67]
 [ 25   0   0   0   0   5  10]
 [ 65   0   0   0   0   1   6]
 [ 30   0   0   0   0   8  66]
 [  0   0   0   0   0   3   4]
 [ 48   0   0   0   0  54  31]
 [ 72   0   0   0   0  14 133]]

SVM linear
Classification_report:
             precision    recall  f1-score   support

          B       0.41      0.58      0.48       256
          C       0.05      0.03      0.03        40
          G       0.26      0.12      0.17        72
          M       0.25      0.12      0.17       104
          O       0.15      0.29      0.20         7
          P       0.52      0.41      0.46       133
          R       0.40      0.44      0.42       219

avg / total       0.37      0.39      0.37       831

[[149   3  17  11   2  22  52]
 [ 22   1   0   1   1   3  12]
 [ 47   2   9   1   0   3  10]
 [ 34   1   2  13   1   6  47]
 [  0   0   0   1   2   0   4]
 [ 39   5   4   7   2  55  21]
 [ 74   7   3  17   5  17  96]]
