Reading  corpus/output366.json
SVM RBF
Classification_report:
             precision    recall  f1-score   support

          B       0.37      0.45      0.41        77
          C       0.00      0.00      0.00        20
          G       0.42      0.22      0.29        36
          M       0.38      0.11      0.17        45
          O       0.00      0.00      0.00         6
          P       0.51      0.46      0.48        65
          R       0.40      0.61      0.48       117

avg / total       0.38      0.41      0.38       366

[[35  0  5  2  0  6 29]
 [ 1  0  0  0  0  2 17]
 [21  1  8  0  0  0  6]
 [ 6  0  1  5  0  3 30]
 [ 0  0  0  0  0  5  1]
 [ 6  1  4  1  0 30 23]
 [26  1  1  5  0 13 71]]

SVM linear
Classification_report:
             precision    recall  f1-score   support

          B       0.37      0.43      0.40        77
          C       0.27      0.30      0.29        20
          G       0.37      0.36      0.37        36
          M       0.22      0.24      0.23        45
          O       0.60      0.50      0.55         6
          P       0.50      0.51      0.50        65
          R       0.52      0.44      0.47       117

avg / total       0.42      0.41      0.41       366

[[33  5 14  8  0  7 10]
 [ 4  6  0  1  1  2  6]
 [14  2 13  0  0  3  4]
 [ 8  0  3 11  0  4 19]
 [ 0  0  0  0  3  2  1]
 [10  3  3  7  1 33  8]
 [20  6  2 23  0 15 51]]

Reading  corpus/output466.json
SVM RBF
Classification_report:
             precision    recall  f1-score   support

          B       0.50      0.77      0.61       179
          C       0.00      0.00      0.00        20
          G       0.43      0.08      0.14        36
          M       0.28      0.20      0.24        59
          O       0.00      0.00      0.00         1
          P       0.68      0.44      0.54        68
          R       0.34      0.32      0.33       102

avg / total       0.44      0.46      0.43       465

[[137   1   3  11   0   4  23]
 [ 11   0   1   2   0   2   4]
 [ 30   0   3   1   0   0   2]
 [ 23   0   0  12   0   2  22]
 [  0   0   0   0   0   0   1]
 [ 21   0   0   4   0  30  13]
 [ 50   0   0  13   0   6  33]]

SVM linear
Classification_report:
             precision    recall  f1-score   support

          B       0.54      0.56      0.55       179
          C       0.05      0.05      0.05        20
          G       0.18      0.17      0.17        36
          M       0.34      0.39      0.37        59
          O       0.00      0.00      0.00         1
          P       0.57      0.59      0.58        68
          R       0.31      0.27      0.29       102

avg / total       0.42      0.43      0.42       465

[[101   8  20  17   0   4  29]
 [  8   1   3   2   0   3   3]
 [ 25   0   6   1   0   1   3]
 [ 11   4   1  23   0   5  15]
 [  0   0   0   0   0   0   1]
 [  8   0   3   6   0  40  11]
 [ 33   6   0  18   0  17  28]]

Reading  corpus/output832.json
SVM RBF
Classification_report:
             precision    recall  f1-score   support

          B       0.48      0.66      0.56       256
          C       0.00      0.00      0.00        40
          G       0.39      0.10      0.16        72
          M       0.31      0.15      0.21       104
          O       0.00      0.00      0.00         7
          P       0.64      0.53      0.58       133
          R       0.40      0.54      0.46       219

avg / total       0.43      0.46      0.43       831

[[170   1   9   4   0   9  63]
 [ 17   0   1   1   0   7  14]
 [ 56   0   7   2   0   0   7]
 [ 19   0   0  16   0   6  63]
 [  0   0   0   0   0   4   3]
 [ 31   0   1   4   1  71  25]
 [ 59   1   0  24   2  14 119]]

SVM linear
Classification_report:
             precision    recall  f1-score   support

          B       0.46      0.50      0.48       256
          C       0.16      0.20      0.18        40
          G       0.30      0.28      0.29        72
          M       0.35      0.38      0.36       104
          O       0.20      0.14      0.17         7
          P       0.49      0.48      0.48       133
          R       0.39      0.33      0.36       219

avg / total       0.40      0.40      0.40       831

[[128  17  34  16   0  19  42]
 [ 17   8   2   0   0   9   4]
 [ 36   3  20   2   0   1  10]
 [ 14   1   0  39   0  10  40]
 [  0   0   0   0   1   4   2]
 [ 28   7   5  11   2  64  16]
 [ 58  13   6  43   2  24  73]]
