Reading  corpus/output366.json
SVM RBF
Classification_report:
             precision    recall  f1-score   support

          B       0.42      0.52      0.46        77
          C       0.50      0.15      0.23        20
          G       0.43      0.28      0.34        36
          M       0.31      0.22      0.26        45
          O       1.00      0.33      0.50         6
          P       0.63      0.58      0.61        65
          R       0.44      0.56      0.49       117

avg / total       0.47      0.46      0.45       366

[[40  0  7  4  0  4 22]
 [ 2  3  0  0  0  3 12]
 [17  1 10  0  0  0  8]
 [ 7  0  1 10  0  4 23]
 [ 0  0  0  0  2  3  1]
 [ 6  1  4  0  0 38 16]
 [24  1  1 18  0  8 65]]

SVM linear
Classification_report:
             precision    recall  f1-score   support

          B       0.38      0.43      0.40        77
          C       0.33      0.25      0.29        20
          G       0.45      0.39      0.42        36
          M       0.27      0.31      0.29        45
          O       0.67      0.33      0.44         6
          P       0.61      0.55      0.58        65
          R       0.44      0.45      0.45       117

avg / total       0.44      0.43      0.43       366

[[33  3 10  5  0  6 20]
 [ 2  5  0  1  0  1 11]
 [14  1 14  0  0  0  7]
 [ 7  0  1 14  0  4 19]
 [ 0  0  0  0  2  3  1]
 [ 8  3  4  4  1 36  9]
 [23  3  2 27  0  9 53]]

Reading  corpus/output466.json
SVM RBF
Classification_report:
             precision    recall  f1-score   support

          B       0.53      0.69      0.60       179
          C       0.00      0.00      0.00        20
          G       0.21      0.11      0.15        36
          M       0.28      0.22      0.25        59
          O       0.00      0.00      0.00         1
          P       0.58      0.51      0.55        68
          R       0.39      0.38      0.38       102

avg / total       0.43      0.46      0.44       465

[[124   1  11  12   0   8  23]
 [ 11   0   1   2   0   3   3]
 [ 30   0   4   0   0   0   2]
 [ 17   1   1  13   0   4  23]
 [  0   0   0   0   0   0   1]
 [ 17   0   1   5   0  35  10]
 [ 35   2   1  15   0  10  39]]

SVM linear
Classification_report:
             precision    recall  f1-score   support

          B       0.55      0.58      0.56       179
          C       0.00      0.00      0.00        20
          G       0.18      0.17      0.17        36
          M       0.32      0.36      0.34        59
          O       0.00      0.00      0.00         1
          P       0.53      0.54      0.54        68
          R       0.34      0.31      0.33       102

avg / total       0.42      0.43      0.42       465

[[104   4  23  13   0   9  26]
 [  8   0   2   3   0   4   3]
 [ 28   0   6   0   0   0   2]
 [ 11   2   0  21   0   6  19]
 [  0   0   0   0   0   1   0]
 [ 11   0   2   7   0  37  11]
 [ 28   6   1  22   0  13  32]]

Reading  corpus/output832.json
SVM RBF
Classification_report:
             precision    recall  f1-score   support

          B       0.46      0.61      0.53       256
          C       0.14      0.03      0.04        40
          G       0.41      0.21      0.28        72
          M       0.43      0.29      0.35       104
          O       0.25      0.14      0.18         7
          P       0.63      0.59      0.61       133
          R       0.44      0.50      0.47       219

avg / total       0.46      0.47      0.45       831

[[156   2  21  13   0  13  51]
 [ 19   1   1   1   0   6  12]
 [ 52   0  15   1   0   0   4]
 [ 19   1   0  30   0   6  48]
 [  0   0   0   0   1   4   2]
 [ 25   1   0   4   1  79  23]
 [ 67   2   0  20   2  18 110]]

SVM linear
Classification_report:
             precision    recall  f1-score   support

          B       0.45      0.50      0.47       256
          C       0.21      0.17      0.19        40
          G       0.32      0.28      0.30        72
          M       0.33      0.33      0.33       104
          O       0.20      0.14      0.17         7
          P       0.58      0.55      0.56       133
          R       0.42      0.42      0.42       219

avg / total       0.42      0.43      0.42       831

[[127  13  35  17   0  15  49]
 [ 16   7   0   2   0   6   9]
 [ 44   2  20   0   0   2   4]
 [ 16   1   1  34   0   9  43]
 [  0   0   0   0   1   4   2]
 [ 23   4   2   8   2  73  21]
 [ 55   7   5  41   2  17  92]]
