Reading  corpus/output366.json
SVM RBF
Classification_report:
             precision    recall  f1-score   support

          B       0.41      0.52      0.46        77
          C       0.00      0.00      0.00        20
          G       0.43      0.17      0.24        36
          M       0.40      0.09      0.15        45
          O       0.00      0.00      0.00         6
          P       0.59      0.52      0.55        65
          R       0.44      0.70      0.54       117

avg / total       0.42      0.45      0.41       366

[[40  0  4  0  0  6 27]
 [ 4  0  0  0  0  1 15]
 [20  0  6  0  0  0 10]
 [ 6  0  0  4  0  3 32]
 [ 0  0  0  0  0  5  1]
 [ 9  0  3  0  0 34 19]
 [19  0  1  6  0  9 82]]

SVM linear
Classification_report:
             precision    recall  f1-score   support

          B       0.38      0.42      0.40        77
          C       0.25      0.30      0.27        20
          G       0.32      0.36      0.34        36
          M       0.24      0.27      0.25        45
          O       0.75      0.50      0.60         6
          P       0.53      0.54      0.53        65
          R       0.52      0.43      0.47       117

avg / total       0.43      0.41      0.42       366

[[32  6 16  6  0  8  9]
 [ 5  6  1  0  0  1  7]
 [13  3 13  0  0  2  5]
 [ 8  1  2 12  0  4 18]
 [ 0  0  0  0  3  2  1]
 [ 9  2  4  8  1 35  6]
 [18  6  5 24  0 14 50]]

Reading  corpus/output466.json
SVM RBF
Classification_report:
             precision    recall  f1-score   support

          B       0.49      0.75      0.59       179
          C       0.00      0.00      0.00        20
          G       0.25      0.03      0.05        36
          M       0.22      0.14      0.17        59
          O       0.00      0.00      0.00         1
          P       0.65      0.47      0.55        68
          R       0.33      0.32      0.33       102

avg / total       0.40      0.45      0.40       465

[[134   0   3  12   0   4  26]
 [ 10   0   0   2   0   3   5]
 [ 32   0   1   0   0   0   3]
 [ 23   0   0   8   0   4  24]
 [  0   0   0   0   0   0   1]
 [ 23   1   0   4   0  32   8]
 [ 52   0   0  11   0   6  33]]

SVM linear
Classification_report:
             precision    recall  f1-score   support

          B       0.54      0.56      0.55       179
          C       0.00      0.00      0.00        20
          G       0.32      0.31      0.31        36
          M       0.24      0.24      0.24        59
          O       0.00      0.00      0.00         1
          P       0.53      0.54      0.54        68
          R       0.35      0.34      0.35       102

avg / total       0.42      0.43      0.42       465

[[101   7  18  17   0  10  26]
 [  8   0   0   2   0   5   5]
 [ 21   1  11   0   0   1   2]
 [ 15   2   1  14   0   6  21]
 [  0   0   0   0   0   1   0]
 [  9   4   2   6   0  37  10]
 [ 33   3   2  19   0  10  35]]

Reading  corpus/output832.json
SVM RBF
Classification_report:
             precision    recall  f1-score   support

          B       0.47      0.65      0.54       256
          C       0.00      0.00      0.00        40
          G       0.62      0.11      0.19        72
          M       0.29      0.14      0.19       104
          O       0.00      0.00      0.00         7
          P       0.66      0.53      0.59       133
          R       0.39      0.53      0.45       219

avg / total       0.44      0.45      0.42       831

[[167   0   4   9   0   8  68]
 [ 18   0   0   2   0   5  15]
 [ 55   0   8   1   0   0   8]
 [ 24   0   0  15   0   5  60]
 [  0   0   0   0   0   4   3]
 [ 30   0   0   4   1  71  27]
 [ 64   1   1  20   1  15 117]]

SVM linear
Classification_report:
             precision    recall  f1-score   support

          B       0.46      0.48      0.47       256
          C       0.10      0.12      0.11        40
          G       0.31      0.31      0.31        72
          M       0.30      0.33      0.31       104
          O       0.25      0.14      0.18         7
          P       0.55      0.54      0.55       133
          R       0.40      0.35      0.38       219

avg / total       0.41      0.40      0.40       831

[[124  14  38  21   0  16  43]
 [ 16   5   0   2   0   7  10]
 [ 40   3  22   1   0   2   4]
 [ 19   3   1  34   0  10  37]
 [  1   0   0   0   1   3   2]
 [ 18  12   4   8   1  72  18]
 [ 53  11   7  48   2  21  77]]
