Reading  corpus/output366.json
SVM RBF
Classification_report:
             precision    recall  f1-score   support

          B       0.38      0.40      0.39        77
          C       0.00      0.00      0.00        20
          G       0.71      0.14      0.23        36
          M       0.22      0.04      0.07        45
          O       0.00      0.00      0.00         6
          P       0.53      0.46      0.49        65
          R       0.41      0.74      0.53       117

avg / total       0.40      0.42      0.37       366

[[31  0  0  1  0  5 40]
 [ 3  0  0  0  0  3 14]
 [18  0  5  0  0  2 11]
 [ 6  0  1  2  0  4 32]
 [ 0  0  0  0  0  3  3]
 [ 8  0  1  2  0 30 24]
 [16  0  0  4  0 10 87]]

SVM linear
Classification_report:
             precision    recall  f1-score   support

          B       0.33      0.40      0.36        77
          C       0.18      0.30      0.23        20
          G       0.28      0.33      0.30        36
          M       0.20      0.27      0.23        45
          O       0.50      0.33      0.40         6
          P       0.42      0.38      0.40        65
          R       0.45      0.28      0.35       117

avg / total       0.36      0.33      0.34       366

[[31  6 17  7  0  6 10]
 [ 5  6  1  0  0  3  5]
 [11  6 12  2  0  4  1]
 [ 9  0  3 12  0  7 14]
 [ 0  1  0  0  2  2  1]
 [ 9  5  7  8  1 25 10]
 [28  9  3 30  1 13 33]]

Reading  corpus/output466.json
SVM RBF
Classification_report:
             precision    recall  f1-score   support

          B       0.45      0.77      0.57       179
          C       0.00      0.00      0.00        20
          G       0.00      0.00      0.00        36
          M       0.27      0.12      0.16        59
          O       0.00      0.00      0.00         1
          P       0.47      0.35      0.40        68
          R       0.30      0.24      0.26       102

avg / total       0.34      0.42      0.36       465

[[138   0   0  10   0   7  24]
 [ 13   0   0   0   0   3   4]
 [ 34   0   0   0   0   0   2]
 [ 29   0   0   7   0   6  17]
 [  0   0   0   0   0   0   1]
 [ 33   0   0   2   0  24   9]
 [ 60   0   0   7   0  11  24]]

SVM linear
Classification_report:
             precision    recall  f1-score   support

          B       0.46      0.46      0.46       179
          C       0.04      0.05      0.04        20
          G       0.20      0.22      0.21        36
          M       0.24      0.27      0.26        59
          O       0.00      0.00      0.00         1
          P       0.45      0.43      0.44        68
          R       0.31      0.25      0.28       102

avg / total       0.36      0.35      0.35       465

[[83 10 22 27  0 10 27]
 [ 9  1  2  1  0  3  4]
 [21  0  8  1  0  1  5]
 [19  6  2 16  0  4 12]
 [ 0  0  0  0  0  1  0]
 [13  6  4  6  0 29 10]
 [36  5  3 15  0 17 26]]

Reading  corpus/output832.json
SVM RBF
Classification_report:
             precision    recall  f1-score   support

          B       0.44      0.66      0.53       256
          C       0.00      0.00      0.00        40
          G       0.00      0.00      0.00        72
          M       0.22      0.05      0.08       104
          O       0.00      0.00      0.00         7
          P       0.60      0.44      0.51       133
          R       0.41      0.61      0.49       219

avg / total       0.37      0.44      0.38       831

[[169   0   1   9   0   8  69]
 [ 21   0   0   0   0   5  14]
 [ 59   0   0   0   0   4   9]
 [ 29   0   0   5   0  10  60]
 [  0   0   0   0   0   2   5]
 [ 40   0   0   2   0  59  32]
 [ 68   0   0   7   0  11 133]]

SVM linear
Classification_report:
             precision    recall  f1-score   support

          B       0.41      0.50      0.45       256
          C       0.18      0.17      0.18        40
          G       0.27      0.25      0.26        72
          M       0.22      0.22      0.22       104
          O       0.20      0.29      0.24         7
          P       0.47      0.42      0.44       133
          R       0.39      0.32      0.35       219

avg / total       0.36      0.36      0.36       831

[[128  10  30  28   1  20  39]
 [ 15   7   1   3   0   5   9]
 [ 39   2  18   1   0   5   7]
 [ 30   1   4  23   0  10  36]
 [  0   0   0   0   2   2   3]
 [ 34   6   6  13   2  56  16]
 [ 65  13   7  38   5  22  69]]
