Reading  corpus/output366.json
SVM RBF
Classification_report:
             precision    recall  f1-score   support

          B       0.39      0.45      0.42        77
          C       0.00      0.00      0.00        20
          G       1.00      0.03      0.05        36
          M       0.00      0.00      0.00        45
          O       0.00      0.00      0.00         6
          P       0.44      0.40      0.42        65
          R       0.42      0.77      0.54       117

avg / total       0.39      0.42      0.34       366

[[35  0  0  0  0  5 37]
 [ 4  0  0  0  0  5 11]
 [15  0  1  0  0  4 16]
 [ 7  0  0  0  0  8 30]
 [ 0  0  0  0  0  2  4]
 [11  0  0  0  0 26 28]
 [18  0  0  0  0  9 90]]

SVM linear
Classification_report:
             precision    recall  f1-score   support

          B       0.33      0.38      0.35        77
          C       0.20      0.25      0.22        20
          G       0.35      0.33      0.34        36
          M       0.18      0.18      0.18        45
          O       0.40      0.33      0.36         6
          P       0.32      0.32      0.32        65
          R       0.49      0.44      0.46       117

avg / total       0.36      0.35      0.35       366

[[29  5 12  5  0 14 12]
 [ 3  5  0  0  0  4  8]
 [14  2 12  0  0  5  3]
 [ 6  1  3  8  0 10 17]
 [ 0  0  0  0  2  3  1]
 [11  6  5  8  1 21 13]
 [24  6  2 24  2  8 51]]

Reading  corpus/output466.json
SVM RBF
Classification_report:
             precision    recall  f1-score   support

          B       0.44      0.85      0.58       179
          C       0.00      0.00      0.00        20
          G       0.00      0.00      0.00        36
          M       0.00      0.00      0.00        59
          O       0.00      0.00      0.00         1
          P       0.54      0.29      0.38        68
          R       0.24      0.17      0.20       102

avg / total       0.30      0.41      0.32       465

[[152   0   0   3   0   3  21]
 [ 14   0   0   0   0   2   4]
 [ 34   0   0   0   0   0   2]
 [ 37   0   0   0   0   5  17]
 [  0   0   0   0   0   0   1]
 [ 38   0   0   0   0  20  10]
 [ 74   0   0   4   0   7  17]]

SVM linear
Classification_report:
             precision    recall  f1-score   support

          B       0.44      0.54      0.48       179
          C       0.11      0.15      0.12        20
          G       0.24      0.22      0.23        36
          M       0.17      0.14      0.15        59
          O       0.00      0.00      0.00         1
          P       0.40      0.35      0.38        68
          R       0.24      0.18      0.20       102

avg / total       0.32      0.34      0.33       465

[[96 10 18 17  1 11 26]
 [11  3  0  0  0  2  4]
 [20  2  8  0  0  2  4]
 [24  3  2  8  0  5 17]
 [ 0  0  0  0  0  0  1]
 [20  8  3  7  0 24  6]
 [48  2  3 15  0 16 18]]

Reading  corpus/output832.json
SVM RBF
Classification_report:
             precision    recall  f1-score   support

          B       0.42      0.66      0.52       256
          C       0.00      0.00      0.00        40
          G       0.00      0.00      0.00        72
          M       0.00      0.00      0.00       104
          O       0.00      0.00      0.00         7
          P       0.52      0.38      0.44       133
          R       0.38      0.57      0.45       219

avg / total       0.31      0.42      0.35       831

[[170   0   0   1   0  13  72]
 [ 23   0   0   0   0   6  11]
 [ 59   0   0   0   0   2  11]
 [ 28   0   0   0   0  10  66]
 [  0   0   0   0   0   2   5]
 [ 41   0   0   1   0  51  40]
 [ 80   0   0   0   0  15 124]]

SVM linear
Classification_report:
             precision    recall  f1-score   support

          B       0.41      0.54      0.47       256
          C       0.18      0.10      0.13        40
          G       0.36      0.19      0.25        72
          M       0.26      0.20      0.23       104
          O       0.12      0.14      0.13         7
          P       0.45      0.38      0.41       133
          R       0.36      0.37      0.37       219

avg / total       0.37      0.38      0.36       831

[[139   9  20  20   0  14  54]
 [ 18   4   0   0   0   5  13]
 [ 44   0  14   0   0   5   9]
 [ 30   2   0  21   1   9  41]
 [  0   0   0   0   1   3   3]
 [ 36   3   3  10   3  51  27]
 [ 73   4   2  29   3  26  82]]
