SVM RBF
Classification_report:
             precision    recall  f1-score   support
          B       0.45      0.96      0.61       179
          C       0.00      0.00      0.00        20
          G       0.00      0.00      0.00        36
          M       1.00      0.02      0.03        59
          O       0.00      0.00      0.00         1
          P       0.72      0.26      0.39        68
          R       0.34      0.20      0.25       103

avg / total       0.48      0.45      0.35       466

[[171   0   0   0   0   1   7]
 [ 16   0   0   0   0   1   3]
 [ 35   0   0   0   0   0   1]
 [ 39   0   0   1   0   1  18]
 [  0   0   0   0   0   0   1]
 [ 39   0   0   0   0  18  11]
 [ 78   0   0   0   0   4  21]]

SVM linear
Classification_report:
             precision    recall  f1-score   support
          B       0.54      0.61      0.57       179
          C       0.00      0.00      0.00        20
          G       0.25      0.22      0.24        36
          M       0.26      0.29      0.27        59
          O       0.00      0.00      0.00         1
          P       0.54      0.50      0.52        68
          R       0.33      0.29      0.31       103

avg / total       0.41      0.42      0.42       466

[[109   6  16  21   0   8  19]
 [  9   0   2   2   0   3   4]
 [ 25   0   8   0   0   0   3]
 [ 14   2   1  17   0   5  20]
 [  0   0   0   0   0   0   1]
 [ 13   1   2   5   0  34  13]
 [ 32   5   3  20   0  13  30]]

KNN
Classification_report:
             precision    recall  f1-score   support
          B       0.43      0.62      0.51       179
          C       0.04      0.05      0.04        20
          G       0.15      0.08      0.11        36
          M       0.14      0.12      0.13        59
          O       0.00      0.00      0.00         1
          P       0.53      0.31      0.39        68
          R       0.18      0.13      0.15       103

avg / total       0.31      0.33      0.31       466

[[111   9   5  16   0   8  30]
 [ 12   1   1   3   0   1   2]
 [ 28   1   3   1   0   1   2]
 [ 30   2   2   7   0   3  15]
 [  0   0   0   0   0   0   1]
 [ 21   5   3   9   0  21   9]
 [ 56   8   6  14   0   6  13]]

NB
Classification_report:
             precision    recall  f1-score   support
          B       0.51      0.52      0.52       179
          C       0.09      0.15      0.11        20
          G       0.36      0.22      0.28        36
          M       0.27      0.39      0.32        59
          O       0.00      0.00      0.00         1
          P       0.38      0.40      0.39        68
          R       0.29      0.20      0.24       103

avg / total       0.38      0.38      0.37       466

[[93 14 10 24  0 14 24]
 [ 8  3  1  2  0  4  2]
 [18  0  8  4  0  1  5]
 [14  3  1 23  0  7 11]
 [ 0  0  0  0  0  0  1]
 [15  6  1 11  0 27  8]
 [34  8  1 20  0 19 21]]

DT
Classification_report:
             precision    recall  f1-score   support
          B       0.43      0.46      0.45       179
          C       0.08      0.10      0.09        20
          G       0.16      0.14      0.15        36
          M       0.08      0.07      0.07        59
          O       0.00      0.00      0.00         1
          P       0.28      0.28      0.28        68
          R       0.26      0.24      0.25       103

avg / total       0.29      0.30      0.29       466

[[83  7 14 22  0 22 31]
 [ 6  2  2  1  1  4  4]
 [15  0  5  5  0  5  6]
 [27  6  0  4  0  4 18]
 [ 0  0  0  0  0  0  1]
 [25  4  4  3  0 19 13]
 [38  6  6 13  0 15 25]]
