SVM RBF
Classification_report:
             precision    recall  f1-score   support
          B       0.43      0.98      0.60       179
          C       0.00      0.00      0.00        20
          G       0.00      0.00      0.00        36
          M       0.00      0.00      0.00        59
          O       0.00      0.00      0.00         1
          P       0.78      0.21      0.33        68
          R       0.36      0.14      0.20       103

avg / total       0.36      0.44      0.32       466

[[176   0   0   0   0   0   3]
 [ 18   0   0   0   0   1   1]
 [ 36   0   0   0   0   0   0]
 [ 46   0   0   0   0   1  12]
 [  1   0   0   0   0   0   0]
 [ 45   0   0   0   0  14   9]
 [ 87   0   0   0   0   2  14]]

SVM linear
Classification_report:
             precision    recall  f1-score   support
          B       0.55      0.61      0.58       179
          C       0.00      0.00      0.00        20
          G       0.24      0.19      0.22        36
          M       0.27      0.29      0.28        59
          O       0.00      0.00      0.00         1
          P       0.52      0.54      0.53        68
          R       0.40      0.36      0.38       103

avg / total       0.43      0.45      0.44       466

[[110   4  16  18   0  12  19]
 [  9   0   2   2   0   4   3]
 [ 26   0   7   0   0   0   3]
 [ 17   1   0  17   0   5  19]
 [  0   0   0   0   0   1   0]
 [ 12   0   3   4   0  37  12]
 [ 27   3   1  23   0  12  37]]

KNN
Classification_report:
             precision    recall  f1-score   support
          B       0.48      0.68      0.56       179
          C       0.00      0.00      0.00        20
          G       0.10      0.06      0.07        36
          M       0.15      0.14      0.14        59
          O       0.00      0.00      0.00         1
          P       0.50      0.29      0.37        68
          R       0.19      0.14      0.16       103

avg / total       0.33      0.35      0.33       466

[[121   7   1  15   0   8  27]
 [ 12   0   1   3   0   1   3]
 [ 24   3   2   3   0   2   2]
 [ 27   0   3   8   0   3  18]
 [  0   0   0   0   0   0   1]
 [ 21   4   4  11   0  20   8]
 [ 48  13   9  13   0   6  14]]

NB
Classification_report:
             precision    recall  f1-score   support
          B       0.51      0.55      0.53       179
          C       0.08      0.10      0.09        20
          G       0.29      0.19      0.23        36
          M       0.30      0.39      0.34        59
          O       0.00      0.00      0.00         1
          P       0.40      0.40      0.40        68
          R       0.33      0.25      0.28       103

avg / total       0.39      0.39      0.39       466

[[98  9 13 21  0 14 24]
 [10  2  1  2  0  3  2]
 [19  1  7  2  0  1  6]
 [16  2  1 23  0  6 11]
 [ 0  0  0  0  0  0  1]
 [19  4  1  7  0 27 10]
 [31  8  1 21  0 16 26]]

DT
Classification_report:
             precision    recall  f1-score   support
          B       0.42      0.40      0.41       179
          C       0.17      0.10      0.12        20
          G       0.05      0.06      0.05        36
          M       0.20      0.24      0.22        59
          O       0.00      0.00      0.00         1
          P       0.27      0.26      0.27        68
          R       0.26      0.28      0.27       103

avg / total       0.30      0.29      0.30       466

[[72  3 17 24  0 24 39]
 [11  2  0  1  0  1  5]
 [13  3  2  6  0  5  7]
 [16  2  5 14  0  7 15]
 [ 0  0  0  0  0  1  0]
 [21  2  6  6  0 18 15]
 [37  0  9 18  0 10 29]]
