SVM RBF
Classification_report:
             precision    recall  f1-score   support
          B       0.45      0.92      0.61       179
          C       0.00      0.00      0.00        20
          G       0.00      0.00      0.00        36
          M       0.67      0.10      0.18        59
          O       0.00      0.00      0.00         1
          P       0.71      0.29      0.42        68
          R       0.26      0.17      0.21       103

avg / total       0.42      0.45      0.36       466

[[164   0   0   1   0   2  12]
 [ 16   0   0   0   0   1   3]
 [ 34   0   0   0   0   0   2]
 [ 30   0   0   6   0   1  22]
 [  0   0   0   0   0   0   1]
 [ 38   0   0   0   0  20  10]
 [ 79   0   0   2   0   4  18]]

SVM linear
Classification_report:
             precision    recall  f1-score   support
          B       0.51      0.58      0.54       179
          C       0.06      0.05      0.05        20
          G       0.21      0.17      0.19        36
          M       0.25      0.27      0.26        59
          O       0.00      0.00      0.00         1
          P       0.52      0.49      0.50        68
          R       0.30      0.26      0.28       103

avg / total       0.39      0.40      0.39       466

[[103   6  17  19   0   9  25]
 [  9   1   2   2   0   3   3]
 [ 28   0   6   0   0   0   2]
 [ 14   3   1  16   0   6  19]
 [  0   0   0   0   0   0   1]
 [ 14   0   1   7   0  33  13]
 [ 33   8   1  21   0  13  27]]

KNN
Classification_report:
             precision    recall  f1-score   support
          B       0.45      0.68      0.54       179
          C       0.00      0.00      0.00        20
          G       0.18      0.11      0.14        36
          M       0.24      0.20      0.22        59
          O       0.00      0.00      0.00         1
          P       0.50      0.29      0.37        68
          R       0.22      0.15      0.18       103

avg / total       0.34      0.37      0.34       466

[[121   5   7  14   0   9  23]
 [ 13   0   1   3   0   1   2]
 [ 26   0   4   1   0   1   4]
 [ 29   1   1  12   0   2  14]
 [  0   0   0   0   0   0   1]
 [ 22   9   4   5   0  20   8]
 [ 57   3   5  15   1   7  15]]

NB
Classification_report:
             precision    recall  f1-score   support
          B       0.51      0.50      0.51       179
          C       0.03      0.05      0.04        20
          G       0.25      0.19      0.22        36
          M       0.27      0.41      0.32        59
          O       0.00      0.00      0.00         1
          P       0.36      0.41      0.38        68
          R       0.27      0.17      0.20       103

avg / total       0.36      0.36      0.35       466

[[90 12 15 24  0 20 18]
 [ 9  1  2  2  0  3  3]
 [18  0  7  4  0  2  5]
 [13  3  1 24  0  5 13]
 [ 0  0  0  0  0  0  1]
 [17  6  1  9  0 28  7]
 [30  8  2 26  0 20 17]]

DT
Classification_report:
             precision    recall  f1-score   support
          B       0.46      0.42      0.44       179
          C       0.04      0.05      0.04        20
          G       0.08      0.08      0.08        36
          M       0.17      0.19      0.18        59
          O       0.00      0.00      0.00         1
          P       0.21      0.21      0.21        68
          R       0.21      0.21      0.21       103

avg / total       0.28      0.27      0.28       466

[[75 10 11 19  0 23 41]
 [ 7  1  1  4  0  5  2]
 [16  1  3  6  0  3  7]
 [ 9  4  8 11  0 11 16]
 [ 0  0  1  0  0  0  0]
 [16  3  3 15  1 14 16]
 [39  8 11 11  1 11 22]]
