SVM RBF
Classification_report:
             precision    recall  f1-score   support
          B       0.47      0.78      0.58       256
          C       0.00      0.00      0.00        40
          G       0.00      0.00      0.00        72
          M       1.00      0.01      0.02       104
          O       0.00      0.00      0.00         7
          P       0.74      0.53      0.62       133
          R       0.42      0.59      0.49       220

avg / total       0.50      0.48      0.41       832

[[200   0   0   0   0   3  53]
 [ 18   0   0   0   0   4  18]
 [ 67   0   0   0   0   0   5]
 [ 30   0   0   1   0   4  69]
 [  0   0   0   0   0   4   3]
 [ 33   0   0   0   0  70  30]
 [ 81   0   0   0   0   9 130]]

SVM linear
Classification_report:
             precision    recall  f1-score   support
          B       0.48      0.54      0.51       256
          C       0.12      0.07      0.09        40
          G       0.38      0.33      0.35        72
          M       0.36      0.35      0.35       104
          O       0.33      0.14      0.20         7
          P       0.62      0.58      0.60       133
          R       0.43      0.44      0.44       220

avg / total       0.45      0.45      0.45       832

[[139   8  33  20   0  12  44]
 [ 17   3   0   1   0   7  12]
 [ 42   0  24   2   0   0   4]
 [ 20   0   2  36   0   5  41]
 [  0   1   0   0   1   3   2]
 [ 19   5   3   5   0  77  24]
 [ 53   9   2  37   2  20  97]]

KNN
Classification_report:
             precision    recall  f1-score   support
          B       0.40      0.53      0.46       256
          C       0.00      0.00      0.00        40
          G       0.16      0.11      0.13        72
          M       0.17      0.18      0.18       104
          O       0.50      0.29      0.36         7
          P       0.50      0.41      0.45       133
          R       0.33      0.30      0.31       220

avg / total       0.33      0.34      0.33       832

[[136   7  15  28   1  17  52]
 [ 16   0   2   5   0   7  10]
 [ 47   2   8   2   0   1  12]
 [ 30   3   5  19   0   4  43]
 [  1   0   0   0   2   1   3]
 [ 38   5   5  17   0  54  14]
 [ 69   4  15  42   1  23  66]]

NB
Classification_report:
             precision    recall  f1-score   support
          B       0.48      0.44      0.46       256
          C       0.08      0.15      0.11        40
          G       0.20      0.25      0.23        72
          M       0.20      0.27      0.23       104
          O       0.00      0.00      0.00         7
          P       0.42      0.32      0.36       133
          R       0.35      0.30      0.32       220

avg / total       0.35      0.33      0.34       832

[[113  19  40  32   0  14  38]
 [ 11   6   5   3   0   7   8]
 [ 33   5  18   4   0   3   9]
 [ 16   2   7  28   0  12  39]
 [  0   0   0   1   0   1   5]
 [ 18  15   9  20   0  43  28]
 [ 42  24   9  55   0  23  67]]

DT
Classification_report:
             precision    recall  f1-score   support
          B       0.39      0.39      0.39       256
          C       0.10      0.07      0.08        40
          G       0.10      0.08      0.09        72
          M       0.13      0.15      0.14       104
          O       0.00      0.00      0.00         7
          P       0.23      0.26      0.25       133
          R       0.30      0.28      0.29       220

avg / total       0.27      0.27      0.27       832

[[99 11 17 30  1 39 59]
 [14  3  3  7  0  7  6]
 [31  2  6 10  1 12 10]
 [29  4  6 16  1 15 33]
 [ 2  0  0  0  0  4  1]
 [30  5  8 17  4 35 34]
 [50  6 18 40  4 40 62]]
