SVM RBF
Classification_report:
             precision    recall  f1-score   support
          B       0.42      0.73      0.53       256
          C       0.00      0.00      0.00        40
          G       0.00      0.00      0.00        72
          M       0.44      0.04      0.07       104
          O       0.00      0.00      0.00         7
          P       0.62      0.34      0.44       133
          R       0.37      0.52      0.43       220

avg / total       0.38      0.42      0.36       832

[[187   0   0   0   0   6  63]
 [ 22   0   0   0   0   2  16]
 [ 61   0   0   0   0   1  10]
 [ 33   0   0   4   0   6  61]
 [  1   0   0   0   0   1   5]
 [ 52   0   0   0   0  45  36]
 [ 90   0   0   5   0  11 114]]

SVM linear
Classification_report:
             precision    recall  f1-score   support
          B       0.43      0.51      0.47       256
          C       0.12      0.12      0.12        40
          G       0.28      0.24      0.26        72
          M       0.23      0.27      0.25       104
          O       0.25      0.29      0.27         7
          P       0.50      0.44      0.47       133
          R       0.36      0.30      0.33       220

avg / total       0.37      0.37      0.37       832

[[130  11  32  27   1  13  42]
 [ 16   5   1   3   1   4  10]
 [ 38   4  17   1   0   5   7]
 [ 30   3   1  28   0  10  32]
 [  0   0   0   0   2   2   3]
 [ 26   5   5  15   0  59  23]
 [ 61  14   4  46   4  24  67]]

KNN
Classification_report:
             precision    recall  f1-score   support
          B       0.40      0.58      0.47       256
          C       0.07      0.05      0.06        40
          G       0.13      0.08      0.10        72
          M       0.25      0.25      0.25       104
          O       0.33      0.14      0.20         7
          P       0.45      0.37      0.40       133
          R       0.30      0.24      0.26       220

avg / total       0.32      0.34      0.32       832

[[148   6  18  20   0  22  42]
 [ 20   2   0   4   0   3  11]
 [ 45   1   6   3   0   2  15]
 [ 33   3   2  26   0   8  32]
 [  0   1   0   1   1   1   3]
 [ 39   6   9  11   0  49  19]
 [ 84   9  11  38   2  24  52]]

NB
Classification_report:
             precision    recall  f1-score   support
          B       0.46      0.45      0.45       256
          C       0.07      0.12      0.09        40
          G       0.24      0.29      0.26        72
          M       0.18      0.23      0.21       104
          O       0.20      0.14      0.17         7
          P       0.35      0.29      0.32       133
          R       0.36      0.30      0.33       220

avg / total       0.34      0.32      0.33       832

[[114  20  37  35   0  12  38]
 [ 16   5   5   2   0   6   6]
 [ 32   5  21   2   0   4   8]
 [ 21   4   6  24   0  18  31]
 [  0   0   0   1   1   1   4]
 [ 19  16  10  22   0  38  28]
 [ 46  21  10  44   4  29  66]]

DT
Classification_report:
             precision    recall  f1-score   support
          B       0.37      0.36      0.36       256
          C       0.11      0.12      0.12        40
          G       0.19      0.17      0.18        72
          M       0.13      0.13      0.13       104
          O       0.00      0.00      0.00         7
          P       0.19      0.19      0.19       133
          R       0.30      0.31      0.31       220

avg / total       0.26      0.26      0.26       832

[[91 13 23 32  1 42 54]
 [ 8  5  1  6  0  6 14]
 [30  1 12  5  0  7 17]
 [20  6  8 14  1 20 35]
 [ 0  0  0  2  0  2  3]
 [37  7  7 18  3 25 36]
 [57 14 13 33  2 32 69]]