SVM RBF
Classification_report:
             precision    recall  f1-score   support
          B       0.31      0.99      0.48       256
          C       0.00      0.00      0.00        40
          G       0.00      0.00      0.00        72
          M       0.00      0.00      0.00       104
          O       0.00      0.00      0.00         7
          P       1.00      0.04      0.07       133
          R       0.50      0.04      0.07       220

avg / total       0.39      0.32      0.18       832

[[254   0   0   0   0   0   2]
 [ 37   0   0   0   0   0   3]
 [ 72   0   0   0   0   0   0]
 [103   0   0   0   0   0   1]
 [  7   0   0   0   0   0   0]
 [126   0   0   0   0   5   2]
 [212   0   0   0   0   0   8]]

SVM linear
Classification_report:
             precision    recall  f1-score   support
          B       0.52      0.62      0.56       256
          C       0.12      0.10      0.11        40
          G       0.34      0.28      0.31        72
          M       0.32      0.31      0.32       104
          O       0.50      0.29      0.36         7
          P       0.66      0.60      0.63       133
          R       0.46      0.44      0.45       220

avg / total       0.47      0.47      0.47       832

[[159   6  28  19   0   6  38]
 [ 14   4   2   2   0   7  11]
 [ 43   1  20   0   0   1   7]
 [ 22   1   1  32   0   8  40]
 [  0   0   0   0   2   3   2]
 [ 20   6   4   8   0  80  15]
 [ 49  15   3  38   2  17  96]]

KNN
Classification_report:
             precision    recall  f1-score   support
          B       0.38      0.59      0.46       256
          C       0.11      0.07      0.09        40
          G       0.17      0.12      0.14        72
          M       0.17      0.17      0.17       104
          O       0.00      0.00      0.00         7
          P       0.47      0.37      0.41       133
          R       0.33      0.23      0.27       220

avg / total       0.32      0.34      0.32       832

[[150   5  17  33   0  15  36]
 [ 15   3   3   4   0   4  11]
 [ 48   0   9   6   0   3   6]
 [ 39   1   3  18   1   8  34]
 [  2   1   0   1   0   1   2]
 [ 42   7   8  15   0  49  12]
 [ 94  10  13  28   0  25  50]]

NB
Classification_report:
             precision    recall  f1-score   support
          B       0.51      0.35      0.42       256
          C       0.10      0.07      0.09        40
          G       0.32      0.33      0.33        72
          M       0.34      0.52      0.41       104
          O       0.00      0.00      0.00         7
          P       0.36      0.47      0.41       133
          R       0.47      0.44      0.45       220

avg / total       0.41      0.40      0.40       832

[[90  9 39 31  5 53 29]
 [10  3  3  3  0  6 15]
 [28  1 24  3  0  6 10]
 [ 8  4  1 54  0 12 25]
 [ 2  0  0  0  0  0  5]
 [20  5  1 15  3 63 26]
 [17  7  6 54  3 36 97]]

DT
Classification_report:
             precision    recall  f1-score   support
          B       0.42      0.42      0.42       256
          C       0.09      0.10      0.10        40
          G       0.18      0.17      0.17        72
          M       0.13      0.12      0.12       104
          O       0.00      0.00      0.00         7
          P       0.47      0.51      0.49       133
          R       0.30      0.31      0.30       220

avg / total       0.32      0.33      0.32       832

[[108  10  30  24   1  19  64]
 [ 10   4   2   0   0   7  17]
 [ 34   2  12   5   0   3  16]
 [ 28   8   6  12   0  14  36]
 [  0   1   0   1   0   3   2]
 [ 24   4   2   9   2  68  24]
 [ 52  15  16  38   1  30  68]]

CRF
Classification_report:
             precision    recall  f1-score   support
          B      0.557     0.758     0.642       256
          C      0.448     0.325     0.377        40
          G      0.143     0.014     0.025        72
          M      0.105     0.019     0.033       104
          O      0.000     0.000     0.000         7
          P      0.585     0.466     0.519       133
          R      0.483     0.709     0.575       220

avg / total      0.440     0.514     0.457       832
