SVM RBF
Classification_report:
             precision    recall  f1-score   support
          B       0.59      0.29      0.39        77
          C       0.00      0.00      0.00        20
          G       1.00      0.03      0.05        36
          M       0.00      0.00      0.00        45
          O       0.00      0.00      0.00         6
          P       0.69      0.28      0.40        65
          R       0.35      0.91      0.51       117

avg / total       0.46      0.40      0.32       366

[[ 22   0   0   0   0   1  54]
 [  0   0   0   0   0   0  20]
 [  6   0   1   0   0   0  29]
 [  0   0   0   0   0   3  42]
 [  0   0   0   0   0   0   6]
 [  3   0   0   0   0  18  44]
 [  6   0   0   0   0   4 107]]

SVM linear
Classification_report:
             precision    recall  f1-score   support
          B       0.43      0.55      0.48        77
          C       0.13      0.15      0.14        20
          G       0.38      0.36      0.37        36
          M       0.20      0.24      0.22        45
          O       1.00      0.17      0.29         6
          P       0.46      0.40      0.43        65
          R       0.46      0.38      0.42       117

avg / total       0.40      0.39      0.39       366

[[42  6  9  4  0  7  9]
 [ 3  3  1  1  0  4  8]
 [10  3 13  2  0  2  6]
 [ 8  1  1 11  0  3 21]
 [ 1  0  0  0  1  2  2]
 [13  4  3 12  0 26  7]
 [21  6  7 25  0 13 45]]

KNN
Classification_report:
             precision    recall  f1-score   support
          B       0.23      0.27      0.25        77
          C       0.14      0.10      0.12        20
          G       0.25      0.14      0.18        36
          M       0.20      0.22      0.21        45
          O       0.50      0.17      0.25         6
          P       0.40      0.38      0.39        65
          R       0.43      0.45      0.44       117

avg / total       0.32      0.32      0.32       366

[[21  4  3 10  0 14 25]
 [ 5  2  2  2  0  2  7]
 [14  4  5  2  0  4  7]
 [11  1  0 10  0  4 19]
 [ 1  0  1  0  1  2  1]
 [17  3  2  7  0 25 11]
 [24  0  7 20  1 12 53]]

NB
Classification_report:
             precision    recall  f1-score   support
          B       0.44      0.23      0.31        77
          C       0.08      0.10      0.09        20
          G       0.21      0.19      0.20        36
          M       0.15      0.13      0.14        45
          O       0.00      0.00      0.00         6
          P       0.32      0.28      0.30        65
          R       0.38      0.56      0.46       117

avg / total       0.32      0.32      0.31       366

[[18  5  7  6  0  8 33]
 [ 1  2  5  0  0  5  7]
 [10  4  7  1  0  1 13]
 [ 1  2  1  6  0  6 29]
 [ 1  0  0  0  0  1  4]
 [ 3  8  5 11  0 18 20]
 [ 7  3  8 15  0 18 66]]

DT
Classification_report:
             precision    recall  f1-score   support
          B       0.25      0.26      0.26        77
          C       0.00      0.00      0.00        20
          G       0.20      0.22      0.21        36
          M       0.22      0.27      0.24        45
          O       0.00      0.00      0.00         6
          P       0.30      0.29      0.29        65
          R       0.31      0.27      0.29       117

avg / total       0.25      0.25      0.25       366

[[20  6 10  7  1 10 23]
 [ 1  0  2  2  0  5 10]
 [ 7  2  8  2  1  7  9]
 [ 4  1  3 12  3  7 15]
 [ 2  0  1  0  0  0  3]
 [16  2  1 11  4 19 12]
 [29  4 15 20  1 16 32]]
