SVM RBF
Classification_report:
             precision    recall  f1-score   support
          B       1.00      0.05      0.10        77
          C       0.00      0.00      0.00        20
          G       0.00      0.00      0.00        36
          M       0.00      0.00      0.00        45
          O       0.00      0.00      0.00         6
          P       0.00      0.00      0.00        65
          R       0.32      1.00      0.49       117

avg / total       0.31      0.33      0.18       366

[[  4   0   0   0   0   0  73]
 [  0   0   0   0   0   0  20]
 [  0   0   0   0   0   0  36]
 [  0   0   0   0   0   0  45]
 [  0   0   0   0   0   0   6]
 [  0   0   0   0   0   0  65]
 [  0   0   0   0   0   0 117]]

SVM linear
Classification_report:
             precision    recall  f1-score   support
          B       0.39      0.48      0.43        77
          C       0.29      0.25      0.27        20
          G       0.47      0.42      0.44        36
          M       0.28      0.24      0.26        45
          O       1.00      0.33      0.50         6
          P       0.66      0.54      0.59        65
          R       0.48      0.52      0.50       117

avg / total       0.47      0.45      0.45       366

[[37  3  6  5  0  6 20]
 [ 7  5  0  1  0  1  6]
 [13  2 15  0  0  0  6]
 [10  0  3 11  0  2 19]
 [ 0  0  0  0  2  2  2]
 [ 5  3  6  4  0 35 12]
 [24  4  2 19  0  7 61]]

KNN
Classification_report:
             precision    recall  f1-score   support
          B       0.30      0.40      0.35        77
          C       0.21      0.15      0.18        20
          G       0.26      0.31      0.28        36
          M       0.17      0.20      0.19        45
          O       0.50      0.17      0.25         6
          P       0.57      0.43      0.49        65
          R       0.46      0.41      0.43       117

avg / total       0.38      0.36      0.36       366

[[31  3  7 13  0  5 18]
 [ 7  3  2  2  0  0  6]
 [12  1 11  4  1  1  6]
 [15  1  4  9  0  4 12]
 [ 0  0  1  1  1  1  2]
 [11  2  6  5  0 28 13]
 [26  4 11 18  0 10 48]]

NB
Classification_report:
             precision    recall  f1-score   support
          B       0.40      0.27      0.32        77
          C       0.03      0.05      0.04        20
          G       0.29      0.28      0.29        36
          M       0.24      0.40      0.30        45
          O       0.00      0.00      0.00         6
          P       0.50      0.42      0.45        65
          R       0.39      0.39      0.39       117

avg / total       0.36      0.34      0.34       366

[[21  6 10 11  0  6 23]
 [ 2  1  4  1  0  5  7]
 [10  5 10  2  0  1  8]
 [ 2  2  2 18  0  4 17]
 [ 1  0  0  1  0  1  3]
 [ 3  7  3 11  0 27 14]
 [14 11  5 31  0 10 46]]

DT
Classification_report:
             precision    recall  f1-score   support
          B       0.28      0.26      0.27        77
          C       0.12      0.15      0.14        20
          G       0.17      0.14      0.15        36
          M       0.19      0.18      0.18        45
          O       0.00      0.00      0.00         6
          P       0.39      0.35      0.37        65
          R       0.43      0.50      0.46       117

avg / total       0.31      0.32      0.32       366

[[20  3  8 10  0 10 26]
 [ 7  3  3  1  0  2  4]
 [ 9  4  5  2  0  4 12]
 [ 7  1  2  8  2  7 18]
 [ 0  0  1  2  0  2  1]
 [12  5  2  7  1 23 15]
 [16  8  8 13  3 11 58]]
