SVM RBF
Classification_report:
             precision    recall  f1-score   support
          B       0.44      0.96      0.60       179
          C       0.00      0.00      0.00        20
          G       0.00      0.00      0.00        36
          M       0.67      0.10      0.18        59
          O       0.00      0.00      0.00         1
          P       0.62      0.24      0.34        68
          R       0.23      0.09      0.13       103

avg / total       0.39      0.43      0.33       466

[[171   0   0   1   0   2   5]
 [ 16   0   0   0   0   2   2]
 [ 34   0   0   0   0   0   2]
 [ 38   0   0   6   0   1  14]
 [  1   0   0   0   0   0   0]
 [ 45   0   0   0   0  16   7]
 [ 87   0   0   2   0   5   9]]

SVM linear
Classification_report:
             precision    recall  f1-score   support
          B       0.52      0.55      0.54       179
          C       0.10      0.15      0.12        20
          G       0.23      0.25      0.24        36
          M       0.25      0.29      0.27        59
          O       0.00      0.00      0.00         1
          P       0.40      0.40      0.40        68
          R       0.28      0.19      0.23       103

avg / total       0.37      0.38      0.37       466

[[99 11 25 16  0 12 16]
 [ 7  3  0  2  0  4  4]
 [19  0  9  3  0  1  4]
 [13  3  1 17  0  9 16]
 [ 0  0  0  0  0  1  0]
 [16  5  2  6  0 27 12]
 [35  8  2 25  0 13 20]]

KNN
Classification_report:
             precision    recall  f1-score   support
          B       0.50      0.70      0.58       179
          C       0.04      0.05      0.05        20
          G       0.21      0.14      0.17        36
          M       0.27      0.20      0.23        59
          O       0.00      0.00      0.00         1
          P       0.49      0.29      0.37        68
          R       0.18      0.15      0.16       103

avg / total       0.36      0.38      0.36       466

[[126   8   6   9   0   6  24]
 [ 11   1   1   1   0   1   5]
 [ 20   2   5   2   0   1   6]
 [ 22   2   2  12   0   3  18]
 [  1   0   0   0   0   0   0]
 [ 22   4   4   4   0  20  14]
 [ 50   6   6  16   0  10  15]]

NB
Classification_report:
             precision    recall  f1-score   support
          B       0.52      0.53      0.53       179
          C       0.09      0.15      0.11        20
          G       0.35      0.33      0.34        36
          M       0.26      0.41      0.31        59
          O       0.00      0.00      0.00         1
          P       0.33      0.34      0.34        68
          R       0.20      0.11      0.14       103

avg / total       0.36      0.36      0.35       466

[[95 13 14 21  0 16 20]
 [ 8  3  0  2  0  4  3]
 [15  0 12  3  0  1  5]
 [11  5  6 24  0  7  6]
 [ 0  0  0  1  0  0  0]
 [13  7  0 16  0 23  9]
 [39  6  2 27  0 18 11]]

DT
Classification_report:
             precision    recall  f1-score   support
          B       0.49      0.45      0.47       179
          C       0.04      0.05      0.05        20
          G       0.13      0.14      0.13        36
          M       0.20      0.20      0.20        59
          O       0.00      0.00      0.00         1
          P       0.21      0.19      0.20        68
          R       0.24      0.27      0.26       103

avg / total       0.31      0.30      0.30       466

[[81  6 18 20  0 19 35]
 [ 4  1  1  3  0  4  7]
 [19  2  5  2  0  3  5]
 [14  4  2 12  0  8 19]
 [ 1  0  0  0  0  0  0]
 [22  4  2  6  0 13 21]
 [26  7 11 16  0 15 28]]
