SVM RBF
Classification_report:
             precision    recall  f1-score   support
          B       0.38      1.00      0.56       179
          C       0.00      0.00      0.00        20
          G       0.00      0.00      0.00        36
          M       0.00      0.00      0.00        59
          O       0.00      0.00      0.00         1
          P       0.00      0.00      0.00        68
          R       0.00      0.00      0.00       103

avg / total       0.15      0.38      0.21       466

[[179   0   0   0   0   0   0]
 [ 20   0   0   0   0   0   0]
 [ 36   0   0   0   0   0   0]
 [ 59   0   0   0   0   0   0]
 [  1   0   0   0   0   0   0]
 [ 68   0   0   0   0   0   0]
 [103   0   0   0   0   0   0]]

SVM linear
Classification_report:
             precision    recall  f1-score   support
          B       0.53      0.61      0.57       179
          C       0.10      0.10      0.10        20
          G       0.19      0.14      0.16        36
          M       0.24      0.24      0.24        59
          O       0.00      0.00      0.00         1
          P       0.50      0.53      0.51        68
          R       0.31      0.25      0.28       103

avg / total       0.39      0.41      0.40       466

[[109   7  16  17   0  11  19]
 [  8   2   1   2   0   4   3]
 [ 24   0   5   1   0   1   5]
 [ 19   1   0  14   0   7  18]
 [  0   0   0   0   0   0   1]
 [ 11   4   2   4   0  36  11]
 [ 35   6   3  20   0  13  26]]

KNN
Classification_report:
             precision    recall  f1-score   support
          B       0.46      0.76      0.58       179
          C       0.00      0.00      0.00        20
          G       0.07      0.06      0.06        36
          M       0.16      0.10      0.12        59
          O       0.00      0.00      0.00         1
          P       0.48      0.38      0.43        68
          R       0.23      0.10      0.14       103

avg / total       0.33      0.39      0.33       466

[[136   1  12  13   0   9   8]
 [ 12   0   1   2   0   1   4]
 [ 28   0   2   1   0   2   3]
 [ 32   1   3   6   0   4  13]
 [  0   0   0   0   0   0   1]
 [ 26   1   3   8   0  26   4]
 [ 60   7   6   8   0  12  10]]

NB
Classification_report:
             precision    recall  f1-score   support
          B       0.52      0.45      0.48       179
          C       0.03      0.05      0.04        20
          G       0.21      0.31      0.25        36
          M       0.25      0.39      0.30        59
          O       0.00      0.00      0.00         1
          P       0.41      0.46      0.43        68
          R       0.25      0.16      0.19       103

avg / total       0.37      0.35      0.35       466

[[80 10 27 26  0 18 18]
 [ 6  1  4  3  0  3  3]
 [14  1 11  5  0  1  4]
 [13  2  2 23  0  8 11]
 [ 0  0  0  1  0  0  0]
 [11  5  0 10  0 31 11]
 [29 10  9 25  0 14 16]]

DT
Classification_report:
             precision    recall  f1-score   support
          B       0.47      0.47      0.47       179
          C       0.14      0.15      0.14        20
          G       0.15      0.19      0.17        36
          M       0.22      0.22      0.22        59
          O       0.00      0.00      0.00         1
          P       0.41      0.35      0.38        68
          R       0.26      0.24      0.25       103

avg / total       0.34      0.33      0.34       466

[[84  3 18 19  2 13 40]
 [ 7  3  3  0  0  1  6]
 [13  1  7  5  0  5  5]
 [17  2  4 13  0  8 15]
 [ 0  0  0  1  0  0  0]
 [19  6  8  4  0 24  7]
 [39  7  7 17  0  8 25]]
