SVM RBF
Classification_report:
             precision    recall  f1-score   support
          B       0.40      0.96      0.57       179
          C       0.00      0.00      0.00        20
          G       0.00      0.00      0.00        36
          M       0.50      0.03      0.06        59
          O       0.00      0.00      0.00         1
          P       0.67      0.15      0.24        68
          R       0.11      0.02      0.03       103

avg / total       0.34      0.40      0.27       466

[[172   0   0   1   0   1   5]
 [ 17   0   0   0   0   1   2]
 [ 36   0   0   0   0   0   0]
 [ 51   0   0   2   0   1   5]
 [  1   0   0   0   0   0   0]
 [ 53   0   0   0   0  10   5]
 [ 98   0   0   1   0   2   2]]

SVM linear
Classification_report:
             precision    recall  f1-score   support
          B       0.49      0.60      0.54       179
          C       0.00      0.00      0.00        20
          G       0.22      0.22      0.22        36
          M       0.25      0.22      0.24        59
          O       0.00      0.00      0.00         1
          P       0.43      0.46      0.44        68
          R       0.29      0.19      0.23       103

avg / total       0.36      0.38      0.37       466

[[107   7  20  11   0  16  18]
 [  9   0   2   0   0   5   4]
 [ 20   2   8   1   0   2   3]
 [ 23   1   2  13   0   5  15]
 [  0   0   0   0   0   1   0]
 [ 19   3   0   5   0  31  10]
 [ 39   6   5  21   0  12  20]]

KNN
Classification_report:
             precision    recall  f1-score   support
          B       0.47      0.70      0.56       179
          C       0.05      0.05      0.05        20
          G       0.19      0.17      0.18        36
          M       0.32      0.20      0.25        59
          O       0.00      0.00      0.00         1
          P       0.41      0.24      0.30        68
          R       0.17      0.12      0.14       103

avg / total       0.33      0.37      0.34       466

[[125   5  10   9   0   7  23]
 [ 13   1   1   0   0   2   3]
 [ 22   1   6   0   0   0   7]
 [ 28   1   1  12   0   5  12]
 [  1   0   0   0   0   0   0]
 [ 23   6   4   6   0  16  13]
 [ 54   7  10  11   0   9  12]]

NB
Classification_report:
             precision    recall  f1-score   support
          B       0.48      0.54      0.51       179
          C       0.07      0.10      0.08        20
          G       0.20      0.17      0.18        36
          M       0.29      0.37      0.33        59
          O       0.00      0.00      0.00         1
          P       0.41      0.31      0.35        68
          R       0.32      0.25      0.28       103

avg / total       0.37      0.37      0.37       466

[[96 10 17 16  0 11 29]
 [12  2  0  0  0  2  4]
 [18  0  6  4  0  1  7]
 [16  3  3 22  0  5 10]
 [ 0  0  0  1  0  0  0]
 [23  6  2 11  0 21  5]
 [36  7  2 21  0 11 26]]

DT
Classification_report:
             precision    recall  f1-score   support
          B       0.47      0.46      0.47       179
          C       0.00      0.00      0.00        20
          G       0.06      0.06      0.06        36
          M       0.17      0.15      0.16        59
          O       0.00      0.00      0.00         1
          P       0.25      0.26      0.26        68
          R       0.26      0.29      0.28       103

avg / total       0.30      0.30      0.30       466

[[83  8 17 16  0 18 37]
 [ 5  0  3  2  0  5  5]
 [15  2  2  3  0  3 11]
 [22  1  4  9  0  8 15]
 [ 1  0  0  0  0  0  0]
 [20  5  3  5  0 18 17]
 [29  3  4 18  0 19 30]]
