SVM RBF
Classification_report:
             precision    recall  f1-score   support
          B       0.45      0.78      0.57       256
          C       0.00      0.00      0.00        40
          G       0.00      0.00      0.00        72
          M       0.71      0.05      0.09       104
          O       0.00      0.00      0.00         7
          P       0.73      0.46      0.56       133
          R       0.42      0.57      0.48       220

avg / total       0.46      0.47      0.40       832

[[199   0   0   0   0   2  55]
 [ 21   0   0   0   0   3  16]
 [ 66   0   0   0   0   0   6]
 [ 30   0   0   5   0   3  66]
 [  0   0   0   0   0   3   4]
 [ 43   0   0   0   0  61  29]
 [ 82   0   0   2   0  11 125]]

SVM linear
Classification_report:
             precision    recall  f1-score   support
          B       0.45      0.51      0.48       256
          C       0.09      0.07      0.08        40
          G       0.36      0.33      0.35        72
          M       0.28      0.29      0.28       104
          O       0.00      0.00      0.00         7
          P       0.59      0.56      0.58       133
          R       0.37      0.33      0.35       220

avg / total       0.40      0.40      0.40       832

[[131   8  34  23   0  11  49]
 [ 12   3   2   3   1   6  13]
 [ 39   0  24   2   0   0   7]
 [ 27   1   3  30   0  10  33]
 [  0   1   0   0   0   3   3]
 [ 20   7   1  11   0  75  19]
 [ 64  15   3  40   3  22  73]]

KNN
Classification_report:
             precision    recall  f1-score   support
          B       0.41      0.52      0.46       256
          C       0.08      0.07      0.08        40
          G       0.12      0.11      0.12        72
          M       0.20      0.15      0.17       104
          O       0.60      0.43      0.50         7
          P       0.51      0.44      0.48       133
          R       0.36      0.34      0.35       220

avg / total       0.35      0.36      0.35       832

[[132  11  34  17   0  17  45]
 [ 17   3   1   5   0   3  11]
 [ 42   5   8   3   0   3  11]
 [ 30   5   4  16   0   5  44]
 [  0   0   0   0   3   3   1]
 [ 29   6   7  12   0  59  20]
 [ 71   7  12  28   2  25  75]]

NB
Classification_report:
             precision    recall  f1-score   support
          B       0.48      0.43      0.45       256
          C       0.09      0.17      0.11        40
          G       0.25      0.26      0.26        72
          M       0.16      0.39      0.23       104
          O       0.00      0.00      0.00         7
          P       0.41      0.22      0.29       133
          R       0.37      0.20      0.26       220

avg / total       0.36      0.30      0.31       832

[[109  23  30  65   0  10  19]
 [ 13   7   6   6   0   3   5]
 [ 31   6  19   9   0   0   7]
 [ 19   3   6  41   0  10  25]
 [  1   0   0   2   0   2   2]
 [ 16  19   8  44   0  29  17]
 [ 40  24   8  87   1  16  44]]

DT
Classification_report:
             precision    recall  f1-score   support
          B       0.38      0.37      0.37       256
          C       0.08      0.07      0.08        40
          G       0.09      0.11      0.10        72
          M       0.12      0.12      0.12       104
          O       0.00      0.00      0.00         7
          P       0.30      0.29      0.30       133
          R       0.27      0.25      0.26       220

avg / total       0.26      0.26      0.26       832

[[94  9 25 32  1 26 69]
 [ 7  3  6  7  1  7  9]
 [28  2  8 11  1  5 17]
 [29  5 11 13  0 15 31]
 [ 3  0  0  0  0  2  2]
 [29 12  9 14  3 39 27]
 [56  8 27 33  4 36 56]]
