SVM RBF
Classification_report:
             precision    recall  f1-score   support
          B       0.31      1.00      0.47       256
          C       0.00      0.00      0.00        40
          G       0.00      0.00      0.00        72
          M       0.00      0.00      0.00       104
          O       0.00      0.00      0.00         7
          P       0.00      0.00      0.00       133
          R       0.00      0.00      0.00       220

avg / total       0.09      0.31      0.14       832

[[256   0   0   0   0   0   0]
 [ 40   0   0   0   0   0   0]
 [ 72   0   0   0   0   0   0]
 [104   0   0   0   0   0   0]
 [  7   0   0   0   0   0   0]
 [133   0   0   0   0   0   0]
 [220   0   0   0   0   0   0]]

SVM linear
Classification_report:
             precision    recall  f1-score   support
          B       0.49      0.59      0.54       256
          C       0.08      0.07      0.08        40
          G       0.35      0.31      0.33        72
          M       0.32      0.31      0.31       104
          O       0.40      0.29      0.33         7
          P       0.65      0.59      0.62       133
          R       0.45      0.41      0.43       220

avg / total       0.45      0.45      0.45       832

[[150  12  29  18   0   5  42]
 [ 15   3   3   2   0   7  10]
 [ 42   1  22   0   0   2   5]
 [ 23   2   0  32   0   9  38]
 [  0   0   0   0   2   2   3]
 [ 19   5   6  12   0  78  13]
 [ 55  15   3  36   3  17  91]]

KNN
Classification_report:
             precision    recall  f1-score   support
          B       0.38      0.57      0.46       256
          C       0.07      0.05      0.06        40
          G       0.18      0.12      0.15        72
          M       0.18      0.18      0.18       104
          O       0.00      0.00      0.00         7
          P       0.49      0.38      0.43       133
          R       0.33      0.24      0.28       220

avg / total       0.32      0.34      0.32       832

[[146   7  15  35   0  16  37]
 [ 17   2   2   4   0   4  11]
 [ 48   0   9   7   0   1   7]
 [ 40   0   3  19   1   7  34]
 [  1   1   0   0   0   2   3]
 [ 39   8   9  13   0  51  13]
 [ 92  12  11  30   0  23  52]]

NB
Classification_report:
             precision    recall  f1-score   support
          B       0.51      0.43      0.46       256
          C       0.09      0.17      0.12        40
          G       0.26      0.33      0.29        72
          M       0.18      0.32      0.23       104
          O       0.00      0.00      0.00         7
          P       0.44      0.38      0.41       133
          R       0.37      0.25      0.30       220

avg / total       0.37      0.34      0.35       832

[[109  19  36  46   0  17  29]
 [  9   7   6   5   0   5   8]
 [ 29   6  24   3   0   3   7]
 [ 15   3   7  33   0  14  32]
 [  0   0   0   1   0   2   4]
 [ 13  18   7  32   0  51  12]
 [ 40  21  12  67   1  24  55]]

DT
Classification_report:
             precision    recall  f1-score   support
          B       0.36      0.34      0.35       256
          C       0.04      0.05      0.04        40
          G       0.18      0.15      0.16        72
          M       0.12      0.13      0.13       104
          O       0.00      0.00      0.00         7
          P       0.28      0.25      0.26       133
          R       0.29      0.30      0.29       220

avg / total       0.26      0.26      0.26       832

[[88 16 20 35  1 32 64]
 [11  2  2  5  0  7 13]
 [27  5 11  5  0  6 18]
 [30  5  3 14  0 13 39]
 [ 0  0  1  2  0  1  3]
 [36 11  8 14  3 33 28]
 [54 13 17 42  2 26 66]]
