SVM RBF
Classification_report:
             precision    recall  f1-score   support
          B       0.38      0.76      0.51       256
          C       0.00      0.00      0.00        40
          G       0.00      0.00      0.00        72
          M       0.50      0.01      0.02       104
          O       0.00      0.00      0.00         7
          P       0.68      0.26      0.37       133
          R       0.37      0.46      0.41       220

avg / total       0.39      0.40      0.33       832

[[195   0   0   0   0   3  58]
 [ 26   0   0   0   0   2  12]
 [ 63   0   0   0   0   0   9]
 [ 36   0   0   1   0   5  62]
 [  4   0   0   0   0   1   2]
 [ 71   0   0   0   0  34  28]
 [113   0   0   1   0   5 101]]

SVM linear
Classification_report:
             precision    recall  f1-score   support
          B       0.47      0.60      0.52       256
          C       0.20      0.12      0.15        40
          G       0.32      0.19      0.24        72
          M       0.21      0.14      0.17       104
          O       0.33      0.29      0.31         7
          P       0.40      0.39      0.40       133
          R       0.40      0.42      0.41       220

avg / total       0.38      0.40      0.39       832

[[153   6  22  10   0  25  40]
 [ 14   5   1   0   0   9  11]
 [ 42   3  14   0   0   4   9]
 [ 25   0   1  15   0  14  49]
 [  0   0   0   0   2   3   2]
 [ 31   6   3  15   0  52  26]
 [ 63   5   3  30   4  23  92]]

KNN
Classification_report:
             precision    recall  f1-score   support
          B       0.39      0.53      0.45       256
          C       0.04      0.05      0.05        40
          G       0.16      0.14      0.15        72
          M       0.22      0.19      0.21       104
          O       0.00      0.00      0.00         7
          P       0.50      0.40      0.45       133
          R       0.27      0.22      0.24       220

avg / total       0.32      0.32      0.31       832

[[136   8  23  15   1  19  54]
 [ 13   2   5   7   0   4   9]
 [ 42   6  10   2   0   0  12]
 [ 36   4   4  20   0   8  32]
 [  0   1   0   1   0   1   4]
 [ 38   6   7  13   0  53  16]
 [ 85  18  15  33   1  20  48]]

NB
Classification_report:
             precision    recall  f1-score   support
          B       0.44      0.50      0.47       256
          C       0.08      0.12      0.10        40
          G       0.19      0.24      0.21        72
          M       0.17      0.23      0.20       104
          O       0.00      0.00      0.00         7
          P       0.34      0.19      0.24       133
          R       0.40      0.30      0.34       220

avg / total       0.34      0.32      0.32       832

[[129  16  39  31   0  14  27]
 [ 13   5   4   1   1   6  10]
 [ 37   4  17   6   0   2   6]
 [ 28   2   7  24   0  10  33]
 [  2   0   0   1   0   1   3]
 [ 28  19  10  30   1  25  20]
 [ 58  16  13  47   5  16  65]]

DT
Classification_report:
             precision    recall  f1-score   support
          B       0.37      0.36      0.36       256
          C       0.06      0.07      0.07        40
          G       0.18      0.17      0.17        72
          M       0.12      0.14      0.13       104
          O       0.00      0.00      0.00         7
          P       0.23      0.20      0.21       133
          R       0.28      0.29      0.28       220

avg / total       0.26      0.25      0.26       832

[[92 14 22 36  2 33 57]
 [ 9  3  1  2  1  6 18]
 [25  3 12 12  1  9 10]
 [29  4  9 15  0  9 38]
 [ 2  0  2  1  0  2  0]
 [38  6  7 15  2 26 39]
 [54 19 14 39  3 28 63]]
