SVM RBF
Classification_report:
             precision    recall  f1-score   support
          B       0.44      0.96      0.60       179
          C       0.00      0.00      0.00        20
          G       0.00      0.00      0.00        36
          M       0.67      0.10      0.18        59
          O       0.00      0.00      0.00         1
          P       0.62      0.24      0.34        68
          R       0.23      0.09      0.13       103

avg / total       0.39      0.43      0.33       466

[[171   0   0   1   0   2   5]
 [ 16   0   0   0   0   2   2]
 [ 34   0   0   0   0   0   2]
 [ 38   0   0   6   0   1  14]
 [  1   0   0   0   0   0   0]
 [ 45   0   0   0   0  16   7]
 [ 87   0   0   2   0   5   9]]

SVM linear
Classification_report:
             precision    recall  f1-score   support
          B       0.52      0.55      0.54       179
          C       0.10      0.15      0.12        20
          G       0.23      0.25      0.24        36
          M       0.25      0.29      0.27        59
          O       0.00      0.00      0.00         1
          P       0.40      0.40      0.40        68
          R       0.28      0.19      0.23       103

avg / total       0.37      0.38      0.37       466

[[99 11 25 16  0 12 16]
 [ 7  3  0  2  0  4  4]
 [19  0  9  3  0  1  4]
 [13  3  1 17  0  9 16]
 [ 0  0  0  0  0  1  0]
 [16  5  2  6  0 27 12]
 [35  8  2 25  0 13 20]]

KNN
Classification_report:
             precision    recall  f1-score   support
          B       0.50      0.68      0.58       179
          C       0.04      0.05      0.05        20
          G       0.20      0.11      0.14        36
          M       0.26      0.19      0.22        59
          O       0.00      0.00      0.00         1
          P       0.43      0.29      0.35        68
          R       0.22      0.19      0.21       103

avg / total       0.35      0.38      0.36       466

[[122   8   5   7   0   9  28]
 [ 10   1   2   1   0   1   5]
 [ 20   1   4   2   0   2   7]
 [ 23   2   2  11   0   4  17]
 [  0   0   0   0   0   0   1]
 [ 25   4   3   4   0  20  12]
 [ 45   7   4  17   0  10  20]]

NB
Classification_report:
             precision    recall  f1-score   support
          B       0.50      0.57      0.53       179
          C       0.07      0.10      0.09        20
          G       0.29      0.25      0.27        36
          M       0.27      0.42      0.33        59
          O       0.00      0.00      0.00         1
          P       0.37      0.32      0.35        68
          R       0.22      0.11      0.14       103

avg / total       0.35      0.37      0.35       466

[[102   9  14  20   0  15  19]
 [ 11   2   0   1   0   5   1]
 [ 20   0   9   2   0   0   5]
 [ 13   4   5  25   0   5   7]
 [  0   0   0   0   0   0   1]
 [ 20   5   0  14   0  22   7]
 [ 39   7   3  31   0  12  11]]

DT
Classification_report:
             precision    recall  f1-score   support
          B       0.47      0.47      0.47       179
          C       0.04      0.05      0.04        20
          G       0.11      0.11      0.11        36
          M       0.14      0.15      0.15        59
          O       0.00      0.00      0.00         1
          P       0.26      0.25      0.25        68
          R       0.22      0.20      0.21       103

avg / total       0.30      0.29      0.29       466

[[85 11 11 27  0 15 30]
 [ 7  1  0  5  0  2  5]
 [22  2  4  2  0  2  4]
 [14  2  4  9  0  9 21]
 [ 1  0  0  0  0  0  0]
 [21  3  6  6  0 17 15]
 [30  7 10 14  0 21 21]]

CRF
Classification_report:
             precision    recall  f1-score   support
          B      0.484     0.950     0.642       179
          C      0.000     0.000     0.000        20
          G      0.000     0.000     0.000        36
          M      0.111     0.017     0.029        59
          O      0.000     0.000     0.000         1
          P      0.173     0.132     0.150        68
          R      0.407     0.214     0.280       103

avg / total      0.315     0.433     0.334       466
