SVM RBF
Classification_report:
             precision    recall  f1-score   support
          B       0.43      0.77      0.55       256
          C       0.00      0.00      0.00        40
          G       0.00      0.00      0.00        72
          M       0.33      0.02      0.04       104
          O       0.00      0.00      0.00         7
          P       0.64      0.29      0.40       133
          R       0.40      0.55      0.46       220

avg / total       0.38      0.43      0.36       832

[[198   0   0   0   0   3  55]
 [ 23   0   0   0   0   3  14]
 [ 64   0   0   0   0   0   8]
 [ 31   0   0   2   0   5  66]
 [  0   0   0   0   0   2   5]
 [ 61   0   0   0   0  38  34]
 [ 87   0   0   4   0   8 121]]

SVM linear
Classification_report:
             precision    recall  f1-score   support
          B       0.47      0.55      0.50       256
          C       0.16      0.15      0.16        40
          G       0.33      0.28      0.30        72
          M       0.29      0.32      0.30       104
          O       0.25      0.14      0.18         7
          P       0.46      0.46      0.46       133
          R       0.44      0.36      0.40       220

avg / total       0.41      0.41      0.41       832

[[141   8  32  22   0  23  30]
 [ 18   6   1   2   0   6   7]
 [ 40   3  20   3   0   1   5]
 [ 21   3   0  33   0  16  31]
 [  0   0   0   1   1   3   2]
 [ 29   8   3   8   0  61  24]
 [ 54   9   5  46   3  24  79]]

KNN
Classification_report:
             precision    recall  f1-score   support
          B       0.42      0.57      0.49       256
          C       0.09      0.07      0.08        40
          G       0.16      0.12      0.14        72
          M       0.25      0.21      0.23       104
          O       0.20      0.14      0.17         7
          P       0.49      0.38      0.42       133
          R       0.31      0.28      0.29       220

avg / total       0.34      0.35      0.34       832

[[146  10  17  14   1  17  51]
 [ 13   3   5   2   0   3  14]
 [ 40   5   9   5   0   3  10]
 [ 33   2   4  22   1   4  38]
 [  1   1   0   0   1   1   3]
 [ 39   5   5  12   0  50  22]
 [ 73   9  18  32   2  25  61]]

NB
Classification_report:
             precision    recall  f1-score   support
          B       0.50      0.47      0.48       256
          C       0.13      0.23      0.16        40
          G       0.24      0.31      0.27        72
          M       0.19      0.30      0.23       104
          O       0.00      0.00      0.00         7
          P       0.39      0.25      0.30       133
          R       0.34      0.28      0.31       220

avg / total       0.36      0.33      0.34       832

[[120  18  37  31   0  11  39]
 [ 12   9   4   2   0   5   8]
 [ 30   5  22   7   0   1   7]
 [ 16   1   8  31   0  14  34]
 [  0   1   0   1   0   1   4]
 [ 20  20   6  27   0  33  27]
 [ 44  17  14  63   1  19  62]]

DT
Classification_report:
             precision    recall  f1-score   support
          B       0.32      0.32      0.32       256
          C       0.04      0.05      0.05        40
          G       0.05      0.06      0.05        72
          M       0.21      0.19      0.20       104
          O       0.00      0.00      0.00         7
          P       0.29      0.26      0.27       133
          R       0.28      0.28      0.28       220

avg / total       0.25      0.25      0.25       832

[[82 18 35 21  2 29 69]
 [13  2  4  5  1  3 12]
 [29  4  4  9  0 13 13]
 [27  5 10 20  1 10 31]
 [ 3  0  0  1  0  1  2]
 [35  5 13 11  2 35 32]
 [66 13 16 30  3 31 61]]

CRF
Classification_report:
             precision    recall  f1-score   support
          B      0.404     0.531     0.459       256
          C      0.500     0.025     0.048        40
          G      0.000     0.000     0.000        72
          M      0.000     0.000     0.000       104
          O      0.000     0.000     0.000         7
          P      0.356     0.278     0.312       133
          R      0.341     0.600     0.435       220

avg / total      0.295     0.368     0.308       832
