SVM RBF
Predição...
Classification_report:
             precision    recall  f1-score   support
          B       0.32      0.09      0.14        77
          C       0.00      0.00      0.00        20
          G       0.00      0.00      0.00        36
          M       0.00      0.00      0.00        45
          O       0.00      0.00      0.00         6
          P       0.70      0.35      0.47        65
          R       0.37      0.97      0.53       117

avg / total       0.31      0.39      0.28       366

[[  7   0   0   0   0   4  66]
 [  1   0   0   0   0   2  17]
 [  8   0   0   0   0   0  28]
 [  1   0   0   0   0   1  43]
 [  0   0   0   0   0   2   4]
 [  3   0   0   0   0  23  39]
 [  2   0   0   0   0   1 114]]

SVM linear
Classification_report:
             precision    recall  f1-score   support
          B       0.38      0.47      0.42        77
          C       0.56      0.25      0.34        20
          G       0.45      0.28      0.34        36
          M       0.27      0.27      0.27        45
          O       0.00      0.00      0.00         6
          P       0.66      0.62      0.63        65
          R       0.48      0.56      0.51       117

avg / total       0.46      0.46      0.45       366

[[36  1  8  5  0  5 22]
 [ 7  5  0  0  0  2  6]
 [14  0 10  3  0  0  9]
 [ 6  1  1 12  0  3 22]
 [ 0  0  0  0  0  5  1]
 [ 7  1  2  4  0 40 11]
 [24  1  1 20  0  6 65]]

KNN
Classification_report:
             precision    recall  f1-score   support
          B       0.27      0.36      0.31        77
          C       0.18      0.10      0.13        20
          G       0.40      0.22      0.29        36
          M       0.20      0.38      0.27        45
          O       0.20      0.17      0.18         6
          P       0.57      0.58      0.58        65
          R       0.42      0.27      0.33       117

avg / total       0.37      0.34      0.34       366

[[28  1  3 19  0 12 14]
 [ 6  2  2  2  2  1  5]
 [ 8  2  8  9  0  1  8]
 [10  1  0 17  0  5 12]
 [ 1  1  0  0  1  2  1]
 [ 9  1  2  9  1 38  5]
 [41  3  5 27  1  8 32]]

NB
Classification_report:
             precision    recall  f1-score   support
          B       0.38      0.21      0.27        77
          C       0.15      0.25      0.19        20
          G       0.29      0.17      0.21        36
          M       0.35      0.20      0.25        45
          O       0.00      0.00      0.00         6
          P       0.46      0.42      0.44        65
          R       0.39      0.62      0.48       117

avg / total       0.37      0.37      0.35       366

[[16  6 10  2  0  9 34]
 [ 2  5  2  0  0  3  8]
 [ 7  4  6  1  0  2 16]
 [ 1  3  1  9  0  6 25]
 [ 1  0  0  0  0  1  4]
 [ 2  8  1  2  0 27 25]
 [13  8  1 12  0 11 72]]

DT
Classification_report:
             precision    recall  f1-score   support
          B       0.22      0.21      0.21        77
          C       0.00      0.00      0.00        20
          G       0.11      0.11      0.11        36
          M       0.06      0.07      0.07        45
          O       0.00      0.00      0.00         6
          P       0.25      0.22      0.23        65
          R       0.36      0.41      0.38       117

avg / total       0.22      0.23      0.23       366

[[16  5  6 11  2  8 29]
 [ 3  0  1  2  0  3 11]
 [ 9  1  4  4  0 11  7]
 [10  0  5  3  0  7 20]
 [ 1  0  0  4  0  0  1]
 [13  1  6  9  4 14 18]
 [22  7 13 14  1 12 48]]