SVM RBF
Classification_report:
             precision    recall  f1-score   support
          B       0.43      0.38      0.40        77
          C       0.00      0.00      0.00        20
          G       0.75      0.08      0.15        36
          M       0.00      0.00      0.00        45
          O       0.00      0.00      0.00         6
          P       0.50      0.26      0.34        65
          R       0.38      0.84      0.52       117

avg / total       0.37      0.40      0.33       366

[[29  0  0  0  0  2 46]
 [ 5  0  0  0  0  1 14]
 [13  0  3  0  0  2 18]
 [ 2  0  0  0  0  6 37]
 [ 0  0  0  0  0  0  6]
 [ 6  0  1  0  0 17 41]
 [13  0  0  0  0  6 98]]

SVM linear
Classification_report:
             precision    recall  f1-score   support
          B       0.37      0.44      0.40        77
          C       0.18      0.25      0.21        20
          G       0.33      0.28      0.30        36
          M       0.24      0.24      0.24        45
          O       0.60      0.50      0.55         6
          P       0.40      0.34      0.37        65
          R       0.44      0.41      0.42       117

avg / total       0.37      0.36      0.36       366

[[34  5  8  6  0  8 16]
 [ 6  5  0  2  0  3  4]
 [11  2 10  1  0  6  6]
 [ 3  1  1 11  0  8 21]
 [ 0  0  0  0  3  1  2]
 [10  6  6  8  0 22 13]
 [28  9  5 18  2  7 48]]

KNN
Classification_report:
             precision    recall  f1-score   support
          B       0.24      0.38      0.30        77
          C       0.16      0.15      0.15        20
          G       0.25      0.25      0.25        36
          M       0.24      0.24      0.24        45
          O       0.33      0.17      0.22         6
          P       0.50      0.40      0.44        65
          R       0.43      0.33      0.38       117

avg / total       0.35      0.32      0.33       366

[[29  7  8  7  0  8 18]
 [ 8  3  0  3  0  0  6]
 [13  2  9  1  1  5  5]
 [17  0  5 11  0  5  7]
 [ 0  0  0  0  1  2  3]
 [11  0  6  9  0 26 13]
 [41  7  8 15  1  6 39]]

NB
Classification_report:
             precision    recall  f1-score   support
          B       0.33      0.17      0.22        77
          C       0.17      0.25      0.20        20
          G       0.26      0.17      0.20        36
          M       0.21      0.13      0.16        45
          O       0.50      0.17      0.25         6
          P       0.33      0.34      0.33        65
          R       0.41      0.62      0.49       117

avg / total       0.33      0.34      0.32       366

[[13  6 11  4  0 11 32]
 [ 3  5  0  1  0  3  8]
 [ 8  4  6  1  0  5 12]
 [ 1  2  1  6  0  8 27]
 [ 1  0  0  0  1  1  3]
 [ 3  7  4  7  0 22 22]
 [11  6  1  9  1 17 72]]

DT
Classification_report:
             precision    recall  f1-score   support
          B       0.25      0.23      0.24        77
          C       0.12      0.15      0.13        20
          G       0.16      0.19      0.17        36
          M       0.15      0.16      0.15        45
          O       0.00      0.00      0.00         6
          P       0.34      0.31      0.33        65
          R       0.38      0.38      0.38       117

avg / total       0.27      0.27      0.27       366

[[18  4 13  5  2 10 25]
 [ 4  3  2  3  0  3  5]
 [ 9  1  7  3  0  5 11]
 [ 6  3  5  7  0  9 15]
 [ 2  0  0  0  0  1  3]
 [13  4  6  8  1 20 13]
 [21 10 12 20  0 10 44]]

CRF
Classification_report:
             precision    recall  f1-score   support
          B      0.125     0.013     0.024        77
          C      0.667     0.100     0.174        20
          G      0.000     0.000     0.000        36
          M      0.000     0.000     0.000        45
          O      0.000     0.000     0.000         6
          P      0.404     0.323     0.359        65
          R      0.379     0.966     0.545       117

avg / total      0.256     0.374     0.252       366
