SVM RBF
Classification_report:
             precision    recall  f1-score   support
          B       0.43      0.30      0.35        77
          C       0.00      0.00      0.00        20
          G       0.00      0.00      0.00        36
          M       0.00      0.00      0.00        45
          O       0.00      0.00      0.00         6
          P       0.62      0.35      0.45        65
          R       0.39      0.91      0.55       117

avg / total       0.33      0.42      0.33       366

[[ 23   0   0   0   0   5  49]
 [  2   0   0   0   0   3  15]
 [ 14   0   0   0   0   1  21]
 [  2   0   0   0   0   0  43]
 [  0   0   0   0   0   2   4]
 [  6   0   0   0   0  23  36]
 [  6   0   0   1   0   3 107]]

SVM linear
Classification_report:
             precision    recall  f1-score   support
          B       0.35      0.48      0.41        77
          C       0.33      0.25      0.29        20
          G       0.46      0.36      0.41        36
          M       0.23      0.24      0.24        45
          O       0.50      0.17      0.25         6
          P       0.63      0.57      0.60        65
          R       0.45      0.43      0.44       117

avg / total       0.43      0.42      0.42       366

[[37  1  9  5  0  8 17]
 [ 9  5  0  1  0  1  4]
 [13  2 13  2  0  0  6]
 [10  0  1 11  0  3 20]
 [ 0  0  0  0  1  3  2]
 [ 5  2  3  7  0 37 11]
 [31  5  2 21  1  7 50]]

KNN
Classification_report:
             precision    recall  f1-score   support
          B       0.18      0.27      0.22        77
          C       0.29      0.25      0.27        20
          G       0.20      0.19      0.20        36
          M       0.20      0.29      0.24        45
          O       0.00      0.00      0.00         6
          P       0.41      0.34      0.37        65
          R       0.44      0.29      0.35       117

avg / total       0.31      0.28      0.29       366

[[21  5 10 15  0 14 12]
 [ 4  5  2  3  0  0  6]
 [12  1  7  7  0  4  5]
 [12  1  0 13  0  4 15]
 [ 2  1  0  0  0  2  1]
 [19  1  7 10  1 22  5]
 [46  3  9 17  0  8 34]]

NB
Classification_report:
             precision    recall  f1-score   support
          B       0.43      0.26      0.32        77
          C       0.16      0.30      0.21        20
          G       0.22      0.14      0.17        36
          M       0.36      0.31      0.33        45
          O       0.00      0.00      0.00         6
          P       0.41      0.32      0.36        65
          R       0.40      0.57      0.47       117

avg / total       0.36      0.36      0.35       366

[[20  6  9  2  0  9 31]
 [ 1  6  0  2  0  2  9]
 [ 9  4  5  1  0  3 14]
 [ 1  3  0 14  0  4 23]
 [ 1  0  0  0  0  1  4]
 [ 3  8  6  6  0 21 21]
 [12 10  3 14  0 11 67]]

DT
Classification_report:
             precision    recall  f1-score   support
          B       0.33      0.31      0.32        77
          C       0.00      0.00      0.00        20
          G       0.11      0.14      0.12        36
          M       0.11      0.11      0.11        45
          O       0.00      0.00      0.00         6
          P       0.43      0.37      0.40        65
          R       0.41      0.44      0.43       117

avg / total       0.30      0.30      0.30       366

[[24  5 10  9  1  8 20]
 [ 3  0  3  1  0  3 10]
 [ 4  2  5  3  1  7 14]
 [14  3  2  5  1  4 16]
 [ 2  0  1  1  0  1  1]
 [ 7  1 10 10  2 24 11]
 [18  6 15 17  1  9 51]]

CRF
Classification_report:
             precision    recall  f1-score   support
          B      0.000     0.000     0.000        77
          C      0.000     0.000     0.000        20
          G      0.000     0.000     0.000        36
          M      0.000     0.000     0.000        45
          O      0.000     0.000     0.000         6
          P      0.431     0.338     0.379        65
          R      0.352     0.906     0.507       117

avg / total      0.189     0.350     0.229       366
