SVM RBF
Classification_report:
             precision    recall  f1-score   support
          B       0.45      0.39      0.42        77
          C       0.00      0.00      0.00        20
          G       0.75      0.08      0.15        36
          M       0.00      0.00      0.00        45
          O       0.00      0.00      0.00         6
          P       0.48      0.32      0.39        65
          R       0.39      0.85      0.54       117

avg / total       0.38      0.42      0.34       366

[[30  0  0  0  0  7 40]
 [ 4  0  0  0  0  2 14]
 [13  0  3  0  0  1 19]
 [ 2  0  0  0  0  5 38]
 [ 0  0  0  0  0  0  6]
 [ 8  0  1  0  0 21 35]
 [10  0  0  0  0  8 99]]

SVM linear
Classification_report:
             precision    recall  f1-score   support
          B       0.34      0.42      0.37        77
          C       0.17      0.25      0.20        20
          G       0.26      0.28      0.27        36
          M       0.16      0.20      0.18        45
          O       1.00      0.33      0.50         6
          P       0.39      0.35      0.37        65
          R       0.42      0.31      0.35       117

avg / total       0.35      0.32      0.33       366

[[32  8 13  6  0  6 12]
 [ 4  5  2  2  0  3  4]
 [15  4 10  1  0  4  2]
 [ 9  1  2  9  0  7 17]
 [ 0  0  0  1  2  1  2]
 [10  4  3 12  0 23 13]
 [24  8  8 26  0 15 36]]

KNN
Classification_report:
             precision    recall  f1-score   support
          B       0.22      0.32      0.26        77
          C       0.25      0.25      0.25        20
          G       0.25      0.25      0.25        36
          M       0.18      0.20      0.19        45
          O       1.00      0.17      0.29         6
          P       0.40      0.31      0.35        65
          R       0.43      0.36      0.39       117

avg / total       0.33      0.30      0.31       366

[[25  6  9 10  0  6 21]
 [ 7  5  1  0  0  1  6]
 [11  2  9  3  0  3  8]
 [13  1  2  9  0  9 11]
 [ 1  0  0  0  1  0  4]
 [18  2  9 10  0 20  6]
 [37  4  6 17  0 11 42]]

NB
Classification_report:
             precision    recall  f1-score   support
          B       0.42      0.26      0.32        77
          C       0.17      0.35      0.23        20
          G       0.21      0.14      0.17        36
          M       0.15      0.13      0.14        45
          O       0.00      0.00      0.00         6
          P       0.30      0.28      0.29        65
          R       0.43      0.56      0.49       117

avg / total       0.33      0.33      0.32       366

[[20  6 12  5  0  9 25]
 [ 0  7  1  2  0  4  6]
 [12  3  5  2  0  5  9]
 [ 1  4  0  6  0 10 24]
 [ 1  0  0  0  0  1  4]
 [ 5 11  3  8  0 18 20]
 [ 9  9  3 17  0 13 66]]

DT
Classification_report:
             precision    recall  f1-score   support
          B       0.24      0.21      0.22        77
          C       0.06      0.05      0.05        20
          G       0.10      0.11      0.11        36
          M       0.12      0.13      0.13        45
          O       0.00      0.00      0.00         6
          P       0.24      0.25      0.24        65
          R       0.33      0.34      0.33       117

avg / total       0.23      0.23      0.23       366

[[16  4  8  7  2 11 29]
 [ 1  1  5  3  0  5  5]
 [11  2  4  7  0  6  6]
 [ 8  1  4  6  0  8 18]
 [ 1  0  0  1  0  2  2]
 [ 8  4  8  6  0 16 23]
 [22  6 10 18  2 19 40]]
