SVM RBF
Classification_report:
             precision    recall  f1-score   support
          B       0.40      0.18      0.25        77
          C       0.00      0.00      0.00        20
          G       0.00      0.00      0.00        36
          M       0.00      0.00      0.00        45
          O       0.00      0.00      0.00         6
          P       0.70      0.43      0.53        65
          R       0.38      0.94      0.54       117

avg / total       0.33      0.42      0.32       366

[[ 14   0   0   0   0   4  59]
 [  2   0   0   0   0   2  16]
 [ 10   0   0   0   0   0  26]
 [  2   0   0   0   0   1  42]
 [  0   0   0   0   0   3   3]
 [  3   0   0   0   0  28  34]
 [  4   0   0   1   0   2 110]]

SVM linear
Classification_report:
             precision    recall  f1-score   support
          B       0.41      0.53      0.47        77
          C       0.60      0.30      0.40        20
          G       0.52      0.39      0.44        36
          M       0.23      0.22      0.23        45
          O       0.00      0.00      0.00         6
          P       0.66      0.65      0.65        65
          R       0.47      0.49      0.48       117

avg / total       0.47      0.46      0.46       366

[[41  0  7  6  0  4 19]
 [ 6  6  1  0  0  2  5]
 [11  0 14  3  0  1  7]
 [ 8  0  1 10  0  2 24]
 [ 0  0  0  0  0  5  1]
 [ 6  2  2  4  0 42  9]
 [27  2  2 20  1  8 57]]

KNN
Classification_report:
             precision    recall  f1-score   support
          B       0.23      0.35      0.28        77
          C       0.27      0.20      0.23        20
          G       0.30      0.19      0.24        36
          M       0.21      0.33      0.25        45
          O       0.00      0.00      0.00         6
          P       0.43      0.37      0.40        65
          R       0.38      0.25      0.30       117

avg / total       0.32      0.29      0.29       366

[[27  4  5 10  0 14 17]
 [ 6  4  1  3  2  0  4]
 [ 9  1  7  9  0  1  9]
 [12  1  1 15  0  4 12]
 [ 1  1  0  0  0  3  1]
 [20  1  4 11  1 24  4]
 [44  3  5 25  1 10 29]]

NB
Classification_report:
             precision    recall  f1-score   support
          B       0.35      0.22      0.27        77
          C       0.16      0.25      0.20        20
          G       0.25      0.14      0.18        36
          M       0.27      0.20      0.23        45
          O       0.00      0.00      0.00         6
          P       0.37      0.35      0.36        65
          R       0.40      0.59      0.48       117

avg / total       0.33      0.35      0.33       366

[[17  5  8  5  0 12 30]
 [ 2  5  1  0  0  3  9]
 [ 8  3  5  1  0  3 16]
 [ 2  2  2  9  0  6 24]
 [ 0  0  0  0  0  2  4]
 [ 4 10  2  7  0 23 19]
 [16  6  2 11  0 13 69]]

DT
Classification_report:
             precision    recall  f1-score   support
          B       0.31      0.32      0.32        77
          C       0.25      0.20      0.22        20
          G       0.17      0.22      0.20        36
          M       0.22      0.27      0.24        45
          O       0.20      0.17      0.18         6
          P       0.22      0.23      0.23        65
          R       0.38      0.31      0.34       117

avg / total       0.29      0.28      0.28       366

[[25  1  9  6  0 18 18]
 [ 4  4  0  4  0  2  6]
 [ 7  0  8  6  0  6  9]
 [ 4  2  6 12  1  7 13]
 [ 1  0  1  0  1  2  1]
 [14  4 12  5  2 15 13]
 [26  5 10 22  1 17 36]]

CRF
Classification_report:
             precision    recall  f1-score   support
          B      1.000     1.000     1.000        77
          C      0.769     1.000     0.870        20
          G      1.000     1.000     1.000        36
          M      1.000     1.000     1.000        45
          O      0.000     0.000     0.000         6
          P      1.000     1.000     1.000        65
          R      1.000     1.000     1.000       117

avg / total      0.971     0.984     0.976       366
