SVM RBF
Classification_report:
             precision    recall  f1-score   support
          B       0.41      0.99      0.57       179
          C       0.00      0.00      0.00        20
          G       0.00      0.00      0.00        36
          M       0.00      0.00      0.00        59
          O       0.00      0.00      0.00         1
          P       0.64      0.13      0.22        68
          R       0.33      0.05      0.08       103

avg / total       0.32      0.41      0.27       466

[[177   0   0   0   0   0   2]
 [ 18   0   0   0   0   2   0]
 [ 36   0   0   0   0   0   0]
 [ 53   0   0   0   0   1   5]
 [  1   0   0   0   0   0   0]
 [ 56   0   0   0   0   9   3]
 [ 96   0   0   0   0   2   5]]

SVM linear
Classification_report:
             precision    recall  f1-score   support
          B       0.54      0.65      0.59       179
          C       0.00      0.00      0.00        20
          G       0.21      0.14      0.17        36
          M       0.29      0.25      0.27        59
          O       0.00      0.00      0.00         1
          P       0.50      0.53      0.51        68
          R       0.37      0.34      0.36       103

avg / total       0.42      0.45      0.43       466

[[117   3  17  12   0  10  20]
 [  8   0   0   2   0   5   5]
 [ 29   0   5   0   0   0   2]
 [ 15   1   0  15   0   7  21]
 [  0   0   0   0   0   1   0]
 [ 14   1   1   5   0  36  11]
 [ 33   4   1  17   0  13  35]]

KNN
Classification_report:
             precision    recall  f1-score   support
          B       0.46      0.63      0.53       179
          C       0.05      0.05      0.05        20
          G       0.06      0.03      0.04        36
          M       0.19      0.17      0.18        59
          O       0.00      0.00      0.00         1
          P       0.44      0.35      0.39        68
          R       0.31      0.22      0.26       103

avg / total       0.34      0.37      0.35       466

[[113   8   7  13   0  11  27]
 [ 11   1   0   3   0   2   3]
 [ 25   1   1   5   0   3   1]
 [ 26   0   4  10   0   7  12]
 [  1   0   0   0   0   0   0]
 [ 26   1   2   6   0  24   9]
 [ 42   9   4  17   0   8  23]]

NB
Classification_report:
             precision    recall  f1-score   support
          B       0.47      0.54      0.50       179
          C       0.05      0.05      0.05        20
          G       0.32      0.19      0.24        36
          M       0.36      0.34      0.35        59
          O       0.00      0.00      0.00         1
          P       0.29      0.37      0.33        68
          R       0.33      0.25      0.29       103

avg / total       0.37      0.38      0.37       466

[[96  9 14 12  0 28 20]
 [12  1  0  1  0  4  2]
 [20  0  7  1  0  2  6]
 [17  1  1 20  0  8 12]
 [ 0  0  0  0  0  0  1]
 [21  6  0  5  0 25 11]
 [38  4  0 17  0 18 26]]

DT
Classification_report:
             precision    recall  f1-score   support
          B       0.41      0.40      0.41       179
          C       0.04      0.05      0.05        20
          G       0.08      0.08      0.08        36
          M       0.18      0.17      0.17        59
          O       0.00      0.00      0.00         1
          P       0.20      0.21      0.20        68
          R       0.26      0.26      0.26       103

avg / total       0.27      0.27      0.27       466

[[72  9 17 20  0 23 38]
 [ 6  1  2  0  0  7  4]
 [14  0  3  7  0  7  5]
 [22  2  0 10  0  5 20]
 [ 0  0  0  0  0  1  0]
 [25  6  5  8  0 14 10]
 [37  5  9 11  1 13 27]]

CRF
Classification_report:
             precision    recall  f1-score   support
          B      0.994     1.000     0.997       179
          C      1.000     1.000     1.000        20
          G      1.000     1.000     1.000        36
          M      1.000     1.000     1.000        59
          O      0.000     0.000     0.000         1
          P      1.000     1.000     1.000        68
          R      1.000     1.000     1.000       103

avg / total      0.996     0.998     0.997       466
