SVM RBF
Classification_report:
             precision    recall  f1-score   support
          B       0.44      0.96      0.60       179
          C       0.00      0.00      0.00        20
          G       0.00      0.00      0.00        36
          M       0.00      0.00      0.00        59
          O       0.00      0.00      0.00         1
          P       0.68      0.25      0.37        68
          R       0.30      0.15      0.20       103

avg / total       0.33      0.44      0.33       466

[[171   0   0   0   0   0   8]
 [ 18   0   0   0   0   2   0]
 [ 35   0   0   0   0   0   1]
 [ 42   0   0   0   0   1  16]
 [  0   0   0   0   0   0   1]
 [ 42   0   0   0   0  17   9]
 [ 83   0   0   0   0   5  15]]

SVM linear
Classification_report:
             precision    recall  f1-score   support
          B       0.52      0.59      0.55       179
          C       0.00      0.00      0.00        20
          G       0.23      0.19      0.21        36
          M       0.27      0.29      0.28        59
          O       0.00      0.00      0.00         1
          P       0.52      0.49      0.50        68
          R       0.33      0.30      0.31       103

avg / total       0.40      0.41      0.41       466

[[105   4  18  18   0  10  24]
 [  8   0   1   3   0   3   5]
 [ 26   0   7   0   0   0   3]
 [ 17   1   1  17   0   6  17]
 [  0   0   0   0   0   1   0]
 [ 14   1   1   5   0  33  14]
 [ 33   5   3  20   0  11  31]]

KNN
Classification_report:
             precision    recall  f1-score   support
          B       0.49      0.65      0.56       179
          C       0.07      0.05      0.06        20
          G       0.12      0.08      0.10        36
          M       0.16      0.17      0.16        59
          O       0.00      0.00      0.00         1
          P       0.40      0.32      0.36        68
          R       0.28      0.18      0.22       103

avg / total       0.34      0.37      0.35       466

[[117   6   6  18   0  13  19]
 [ 10   1   0   3   0   1   5]
 [ 23   0   3   5   0   4   1]
 [ 21   1   6  10   0   7  14]
 [  1   0   0   0   0   0   0]
 [ 25   2   1   8   0  22  10]
 [ 44   4   8  20   0   8  19]]

NB
Classification_report:
             precision    recall  f1-score   support
          B       0.49      0.53      0.51       179
          C       0.04      0.05      0.05        20
          G       0.32      0.22      0.26        36
          M       0.30      0.31      0.30        59
          O       0.00      0.00      0.00         1
          P       0.36      0.43      0.39        68
          R       0.31      0.25      0.28       103

avg / total       0.37      0.38      0.37       466

[[94  8 15 15  0 22 25]
 [10  1  1  2  0  4  2]
 [19  0  8  1  0  3  5]
 [15  2  1 18  0  6 17]
 [ 0  0  0  1  0  0  0]
 [18  7  0  4  0 29 10]
 [36  5  0 19  0 17 26]]

DT
Classification_report:
             precision    recall  f1-score   support
          B       0.42      0.38      0.40       179
          C       0.06      0.05      0.05        20
          G       0.12      0.14      0.13        36
          M       0.11      0.14      0.12        59
          O       0.00      0.00      0.00         1
          P       0.24      0.24      0.24        68
          R       0.22      0.22      0.22       103

avg / total       0.27      0.26      0.27       466

[[68  6 13 29  1 24 38]
 [ 6  1  1  6  0  2  4]
 [13  2  5  5  0  3  8]
 [20  2  7  8  0  5 17]
 [ 1  0  0  0  0  0  0]
 [20  1  6  9  0 16 16]
 [32  6  8 18  0 16 23]]

