SVM RBF
Classification_report:
          B       0.45      0.93      0.61       179
          C       0.00      0.00      0.00        20
          G       0.00      0.00      0.00        36
          M       1.00      0.03      0.07        59
          O       0.00      0.00      0.00         1
          P       0.67      0.26      0.38        68
          R       0.32      0.20      0.25       103

avg / total       0.47      0.45      0.35       466

[[167   0   0   0   0   0  12]
 [ 16   0   0   0   0   3   1]
 [ 33   0   0   0   0   0   3]
 [ 37   0   0   2   0   1  19]
 [  0   0   0   0   0   0   1]
 [ 42   0   0   0   0  18   8]
 [ 77   0   0   0   0   5  21]]

SVM linear
Classification_report:
          B       0.49      0.54      0.51       179
          C       0.00      0.00      0.00        20
          G       0.26      0.25      0.26        36
          M       0.24      0.24      0.24        59
          O       0.00      0.00      0.00         1
          P       0.48      0.49      0.48        68
          R       0.34      0.29      0.31       103

avg / total       0.38      0.39      0.39       466

[[97  6 20 19  0 12 25]
 [ 8  0  0  3  0  5  4]
 [25  0  9  0  0  0  2]
 [20  1  1 14  0  8 15]
 [ 0  0  0  0  0  0  1]
 [16  2  1  4  0 33 12]
 [33  7  3 19  0 11 30]]

KNN
Classification_report:
             precision    recall  f1-score   support
          B       0.47      0.59      0.53       179
          C       0.00      0.00      0.00        20
          G       0.07      0.06      0.06        36
          M       0.09      0.08      0.09        59
          O       0.00      0.00      0.00         1
          P       0.37      0.37      0.37        68
          R       0.31      0.17      0.22       103

avg / total       0.32      0.33      0.32       466

[[106  10  11  19   0  18  15]
 [ 12   0   0   3   0   1   4]
 [ 23   3   2   2   0   4   2]
 [ 28   5   3   5   0   6  12]
 [  1   0   0   0   0   0   0]
 [ 17   5   3  11   0  25   7]
 [ 37  10   8  17   0  13  18]]

NB
Classification_report:
             precision    recall  f1-score   support
          B       0.50      0.52      0.51       179
          C       0.04      0.05      0.04        20
          G       0.39      0.31      0.34        36
          M       0.32      0.37      0.34        59
          O       0.00      0.00      0.00         1
          P       0.33      0.40      0.36        68
          R       0.31      0.22      0.26       103

avg / total       0.38      0.38      0.38       466

[[93  7 15 20  0 22 22]
 [ 9  1  0  2  0  6  2]
 [17  0 11  1  0  2  5]
 [19  0  0 22  0  7 11]
 [ 0  0  0  0  0  0  1]
 [17 10  2  2  0 27 10]
 [31  9  0 22  0 18 23]]

DT
Classification_report:
             precision    recall  f1-score   support
          B       0.42      0.38      0.40       179
          C       0.06      0.05      0.05        20
          G       0.11      0.14      0.12        36
          M       0.21      0.25      0.23        59
          O       0.00      0.00      0.00         1
          P       0.24      0.26      0.25        68
          R       0.30      0.26      0.28       103

avg / total       0.30      0.29      0.29       466

[[68  4 16 33  1 25 32]
 [ 9  1  3  1  0  3  3]
 [17  1  5  6  0  1  6]
 [21  2  4 15  0  9  8]
 [ 0  0  0  0  0  0  1]
 [18  4  5  8  1 18 14]
 [30  5 14  9  0 18 27]]

CRF
Classification_report:
             precision    recall  f1-score   support
          B      0.481     0.933     0.635       179
          C      0.000     0.000     0.000        20
          G      0.000     0.000     0.000        36
          M      0.333     0.017     0.032        59
          O      0.000     0.000     0.000         1
          P      0.250     0.191     0.217        68
          R      0.344     0.214     0.263       103

avg / total      0.340     0.436     0.338       466
