SVM RBF
Classification_report:
             precision    recall  f1-score   support
          B       0.43      0.87      0.57       179
          C       0.00      0.00      0.00        20
          G       0.00      0.00      0.00        36
          M       0.38      0.05      0.09        59
          O       0.00      0.00      0.00         1
          P       0.58      0.28      0.38        68
          R       0.21      0.13      0.16       103

avg / total       0.34      0.41      0.32       466

[[155   0   0   3   0   4  17]
 [ 17   0   0   0   0   2   1]
 [ 33   0   0   0   0   0   3]
 [ 38   0   0   3   0   0  18]
 [  0   0   0   0   0   0   1]
 [ 40   0   0   1   0  19   8]
 [ 81   0   0   1   0   8  13]]

SVM linear
Classification_report:
             precision    recall  f1-score   support
          B       0.48      0.55      0.52       179
          C       0.09      0.10      0.10        20
          G       0.18      0.19      0.19        36
          M       0.22      0.22      0.22        59
          O       0.00      0.00      0.00         1
          P       0.41      0.38      0.40        68
          R       0.29      0.22      0.25       103

avg / total       0.36      0.36      0.36       466

[[99  7 20 22  0 12 19]
 [ 7  2  1  2  0  5  3]
 [21  1  7  1  0  2  4]
 [14  2  1 13  0  8 21]
 [ 0  0  0  0  0  1  0]
 [21  4  2  7  0 26  8]
 [43  6  7 15  0  9 23]]

KNN
Classification_report:
             precision    recall  f1-score   support
          B       0.47      0.74      0.57       179
          C       0.00      0.00      0.00        20
          G       0.05      0.03      0.04        36
          M       0.33      0.15      0.21        59
          O       0.00      0.00      0.00         1
          P       0.27      0.24      0.25        68
          R       0.27      0.15      0.19       103

avg / total       0.33      0.37      0.33       466

[[132   7   5   8   0  14  13]
 [ 12   0   2   3   0   0   3]
 [ 29   0   1   1   0   3   2]
 [ 24   0   2   9   0  12  12]
 [  0   0   0   0   0   0   1]
 [ 32   8   2   1   0  16   9]
 [ 54   8   7   5   0  14  15]]

NB
Classification_report:
             precision    recall  f1-score   support
          B       0.46      0.46      0.46       179
          C       0.04      0.10      0.05        20
          G       0.27      0.17      0.21        36
          M       0.25      0.31      0.28        59
          O       0.00      0.00      0.00         1
          P       0.29      0.34      0.31        68
          R       0.23      0.14      0.17       103

avg / total       0.33      0.31      0.31       466

[[83 17 13 21  0 25 20]
 [12  2  0  0  0  3  3]
 [20  0  6  4  0  2  4]
 [15  5  1 18  0  7 13]
 [ 0  0  0  1  0  0  0]
 [15 16  0  7  0 23  7]
 [35 13  2 20  0 19 14]]

DT
Classification_report:
             precision    recall  f1-score   support
          B       0.42      0.39      0.40       179
          C       0.00      0.00      0.00        20
          G       0.12      0.14      0.13        36
          M       0.13      0.15      0.14        59
          O       0.00      0.00      0.00         1
          P       0.21      0.24      0.22        68
          R       0.22      0.19      0.21       103

avg / total       0.27      0.26      0.26       466

[[69  9 13 30  0 32 26]
 [ 8  0  2  3  0  2  5]
 [10  3  5  6  0  4  8]
 [19  5  4  9  1  5 16]
 [ 0  0  1  0  0  0  0]
 [20  3  6  6  0 16 17]
 [37  6 11 13  0 16 20]]

CRF
Classification_report:
             precision    recall  f1-score   support
          B      0.994     1.000     0.997       179
          C      1.000     1.000     1.000        20
          G      1.000     1.000     1.000        36
          M      1.000     1.000     1.000        59
          O      0.000     0.000     0.000         1
          P      1.000     1.000     1.000        68
          R      1.000     1.000     1.000       103

avg / total      0.996     0.998     0.997       466
