SVM RBF
Classification_report:
             precision    recall  f1-score   support
          B       0.43      0.76      0.55       256
          C       0.00      0.00      0.00        40
          G       1.00      0.01      0.03        72
          M       0.50      0.02      0.04       104
          O       0.00      0.00      0.00         7
          P       0.57      0.35      0.44       133
          R       0.40      0.54      0.46       220

avg / total       0.48      0.44      0.37       832

[[194   0   0   0   0   5  57]
 [ 20   0   0   0   0   4  16]
 [ 64   0   1   0   0   0   7]
 [ 35   0   0   2   0   8  59]
 [  1   0   0   1   0   1   4]
 [ 50   0   0   0   0  47  36]
 [ 83   0   0   1   0  17 119]]

SVM linear
Classification_report:
             precision    recall  f1-score   support
          B       0.41      0.54      0.47       256
          C       0.15      0.10      0.12        40
          G       0.27      0.18      0.21        72
          M       0.16      0.09      0.11       104
          O       0.22      0.29      0.25         7
          P       0.49      0.40      0.44       133
          R       0.38      0.42      0.40       220

avg / total       0.36      0.38      0.36       832

[[139   6  22  16   3  20  50]
 [ 18   4   1   0   0   4  13]
 [ 49   2  13   0   0   2   6]
 [ 30   1   3   9   1   9  51]
 [  0   0   0   1   2   0   4]
 [ 37   4   5   6   0  53  28]
 [ 67   9   5  23   3  20  93]]

KNN
Classification_report:
             precision    recall  f1-score   support
          B       0.41      0.65      0.50       256
          C       0.12      0.10      0.11        40
          G       0.23      0.19      0.21        72
          M       0.20      0.18      0.19       104
          O       0.00      0.00      0.00         7
          P       0.34      0.29      0.31       133
          R       0.34      0.19      0.24       220

avg / total       0.32      0.34      0.32       832

[[167  10  20  10   1  19  29]
 [ 17   4   4   6   0   2   7]
 [ 39   2  14   8   0   3   6]
 [ 49   2   6  19   0  12  16]
 [  2   1   0   1   0   2   1]
 [ 44   3   7  21   0  38  20]
 [ 90  11  11  30   1  36  41]]

NB
Classification_report:
             precision    recall  f1-score   support
          B       0.44      0.49      0.46       256
          C       0.09      0.15      0.11        40
          G       0.30      0.19      0.24        72
          M       0.19      0.15      0.17       104
          O       0.00      0.00      0.00         7
          P       0.31      0.29      0.30       133
          R       0.35      0.35      0.35       220

avg / total       0.33      0.33      0.33       832

[[125  21  24  23   0  22  41]
 [ 15   6   1   0   0   8  10]
 [ 37   3  14   2   0   7   9]
 [ 25   3   2  16   1  15  42]
 [  2   0   0   0   0   1   4]
 [ 23  16   3  13   0  39  39]
 [ 56  16   3  31   3  33  78]]

DT
Classification_report:
             precision    recall  f1-score   support
          B       0.35      0.31      0.33       256
          C       0.06      0.05      0.05        40
          G       0.21      0.25      0.23        72
          M       0.11      0.12      0.11       104
          O       0.00      0.00      0.00         7
          P       0.22      0.26      0.24       133
          R       0.33      0.33      0.33       220

avg / total       0.27      0.26      0.26       832

[[79  8 22 39  0 42 66]
 [15  2  6  4  0  5  8]
 [23  1 18  4  1 10 15]
 [35  3 12 12  0 19 23]
 [ 0  1  2  0  0  2  2]
 [27 11 10 16  3 34 32]
 [44  9 15 38  1 41 72]]

CRF
Classification_report:
             precision    recall  f1-score   support
          B      0.390     0.574     0.464       256
          C      0.000     0.000     0.000        40
          G      0.000     0.000     0.000        72
          M      0.000     0.000     0.000       104
          O      0.000     0.000     0.000         7
          P      0.327     0.256     0.287       133
          R      0.338     0.536     0.415       220

avg / total      0.262     0.359     0.298       832
