SVM RBF
Classification_report:
             precision    recall  f1-score   support
          B       0.47      0.77      0.58       256
          C       0.00      0.00      0.00        40
          G       0.00      0.00      0.00        72
          M       1.00      0.01      0.02       104
          O       0.00      0.00      0.00         7
          P       0.64      0.50      0.56       133
          R       0.41      0.57      0.48       220

avg / total       0.48      0.47      0.40       832

[[197   0   0   0   0   6  53]
 [ 17   0   0   0   0   7  16]
 [ 62   0   0   0   0   0  10]
 [ 32   0   0   1   0   5  66]
 [  0   0   0   0   0   3   4]
 [ 35   0   0   0   0  66  32]
 [ 78   0   0   0   0  16 126]]

SVM linear
Classification_report:
             precision    recall  f1-score   support
          B       0.46      0.50      0.48       256
          C       0.07      0.05      0.06        40
          G       0.34      0.35      0.34        72
          M       0.27      0.33      0.30       104
          O       0.00      0.00      0.00         7
          P       0.59      0.57      0.58       133
          R       0.40      0.35      0.37       220

avg / total       0.41      0.41      0.41       832

[[129  10  34  24   0  16  43]
 [ 10   2   5   3   0   9  11]
 [ 37   1  25   3   0   0   6]
 [ 26   1   0  34   0   6  37]
 [  0   1   0   0   0   4   2]
 [ 21   5   3  13   0  76  15]
 [ 58   8   7  49   3  18  77]]

KNN
Classification_report:
             precision    recall  f1-score   support
          B       0.39      0.52      0.44       256
          C       0.08      0.07      0.08        40
          G       0.22      0.12      0.16        72
          M       0.19      0.22      0.21       104
          O       0.00      0.00      0.00         7
          P       0.45      0.44      0.44       133
          R       0.38      0.28      0.32       220

avg / total       0.34      0.34      0.34       832

[[133  10  10  36   0  29  38]
 [ 17   3   1   2   0   6  11]
 [ 43   3   9   8   0   2   7]
 [ 32   6   3  23   0  11  29]
 [  0   2   0   0   0   2   3]
 [ 41   3   4  15   1  58  11]
 [ 77   9  14  36   1  22  61]]

NB
Classification_report:
             precision    recall  f1-score   support
          B       0.50      0.48      0.49       256
          C       0.10      0.17      0.12        40
          G       0.29      0.26      0.28        72
          M       0.23      0.25      0.24       104
          O       0.00      0.00      0.00         7
          P       0.43      0.44      0.43       133
          R       0.37      0.34      0.35       220

avg / total       0.38      0.37      0.37       832

[[122  24  26  23   0  22  39]
 [ 13   7   1   2   0   8   9]
 [ 30   4  19   3   0   7   9]
 [ 17   2   4  26   0  15  40]
 [  1   0   0   0   0   1   5]
 [ 21  12   4  14   0  58  24]
 [ 42  24  11  46   0  23  74]]

DT
Classification_report:
             precision    recall  f1-score   support
          B       0.35      0.33      0.34       256
          C       0.09      0.10      0.10        40
          G       0.09      0.11      0.10        72
          M       0.09      0.09      0.09       104
          O       0.00      0.00      0.00         7
          P       0.26      0.27      0.26       133
          R       0.27      0.25      0.26       220

avg / total       0.24      0.24      0.24       832

[[84 11 28 34  3 35 61]
 [ 4  4  2  6  1  5 18]
 [24  5  8 11  1  7 16]
 [30  6 11  9  1 20 27]
 [ 1  0  0  0  0  4  2]
 [36  7 16 12  1 36 25]
 [63 10 26 33  0 33 55]]

CRF
Classification_report:
             precision    recall  f1-score   support
          B      1.000     1.000     1.000       256
          C      1.000     1.000     1.000        40
          G      1.000     1.000     1.000        72
          M      1.000     1.000     1.000       104
          O      1.000     1.000     1.000         7
          P      1.000     1.000     1.000       133
          R      1.000     1.000     1.000       220

avg / total      1.000     1.000     1.000       832
