SVM RBF
Classification_report:
             precision    recall  f1-score   support
          B       0.42      0.69      0.52       256
          C       0.00      0.00      0.00        40
          G       0.00      0.00      0.00        72
          M       0.40      0.02      0.04       104
          O       0.00      0.00      0.00         7
          P       0.58      0.40      0.47       133
          R       0.37      0.54      0.44       220

avg / total       0.37      0.42      0.36       832

[[177   0   0   1   0   9  69]
 [ 20   0   0   0   0   4  16]
 [ 61   0   0   0   0   1  10]
 [ 30   0   0   2   0   6  66]
 [  0   0   0   0   0   3   4]
 [ 48   0   0   0   0  53  32]
 [ 84   0   0   2   0  16 118]]

SVM linear
Classification_report:
             precision    recall  f1-score   support
          B       0.42      0.52      0.46       256
          C       0.11      0.10      0.10        40
          G       0.29      0.26      0.28        72
          M       0.27      0.25      0.26       104
          O       0.33      0.29      0.31         7
          P       0.47      0.46      0.47       133
          R       0.43      0.35      0.39       220

avg / total       0.38      0.39      0.38       832

[[132  13  34  15   2  22  38]
 [ 19   4   0   1   0   7   9]
 [ 41   1  19   2   0   4   5]
 [ 29   4   3  26   0  12  30]
 [  1   0   0   0   2   2   2]
 [ 28   7   2  15   0  61  20]
 [ 67   9   7  36   2  21  78]]

KNN
Classification_report:
             precision    recall  f1-score   support
          B       0.37      0.57      0.45       256
          C       0.05      0.03      0.03        40
          G       0.09      0.07      0.08        72
          M       0.19      0.17      0.18       104
          O       0.00      0.00      0.00         7
          P       0.40      0.40      0.40       133
          R       0.37      0.22      0.28       220

avg / total       0.31      0.33      0.31       832

[[146  11  20  30   1  19  29]
 [ 17   1   2   3   0   6  11]
 [ 49   0   5   3   0   7   8]
 [ 44   2   8  18   0  15  17]
 [  1   1   0   2   0   1   2]
 [ 43   2   9   9   0  53  17]
 [ 94   5  11  28   0  33  49]]

NB
Classification_report:
             precision    recall  f1-score   support
          B       0.44      0.47      0.46       256
          C       0.09      0.17      0.12        40
          G       0.29      0.22      0.25        72
          M       0.18      0.18      0.18       104
          O       1.00      0.14      0.25         7
          P       0.29      0.27      0.28       133
          R       0.34      0.30      0.32       220

avg / total       0.33      0.32      0.32       832

[[121  23  27  21   0  23  41]
 [ 13   7   1   3   0   8   8]
 [ 34   9  16   3   0   3   7]
 [ 22   2   1  19   0  20  40]
 [  2   0   0   1   1   1   2]
 [ 27  19   3  20   0  36  28]
 [ 56  17   7  40   0  34  66]]

DT
Classification_report:
             precision    recall  f1-score   support
          B       0.33      0.32      0.32       256
          C       0.02      0.03      0.02        40
          G       0.11      0.12      0.12        72
          M       0.18      0.16      0.17       104
          O       0.00      0.00      0.00         7
          P       0.22      0.23      0.22       133
          R       0.29      0.29      0.29       220

avg / total       0.25      0.24      0.24       832

[[82 18 32 29  2 29 64]
 [ 9  1  5  2  0 10 13]
 [30  1  9  6  1 10 15]
 [30  5  6 17  0 19 27]
 [ 3  0  0  0  0  2  2]
 [35 10  7 15  1 30 35]
 [62  9 20 28  2 35 64]]