SVM RBF
Classification_report:
             precision    recall  f1-score   support
          B       0.45      0.79      0.58       256
          C       0.00      0.00      0.00        40
          G       0.00      0.00      0.00        72
          M       0.00      0.00      0.00       104
          O       0.00      0.00      0.00         7
          P       0.74      0.48      0.58       133
          R       0.42      0.57      0.48       220

avg / total       0.37      0.47      0.40       832

[[203   0   0   0   0   3  50]
 [ 20   0   0   0   0   4  16]
 [ 65   0   0   0   0   0   7]
 [ 35   0   0   0   0   2  67]
 [  0   0   0   0   0   3   4]
 [ 42   0   0   0   0  64  27]
 [ 85   0   0   0   0  10 125]]

SVM linear
Classification_report:
             precision    recall  f1-score   support
          B       0.48      0.62      0.54       256
          C       0.17      0.10      0.12        40
          G       0.38      0.28      0.32        72
          M       0.38      0.30      0.33       104
          O       0.00      0.00      0.00         7
          P       0.67      0.60      0.63       133
          R       0.45      0.45      0.45       220

avg / total       0.46      0.47      0.46       832

[[160   5  25  16   0  11  39]
 [ 16   4   1   0   0   5  14]
 [ 39   2  20   0   0   1  10]
 [ 29   1   1  31   0   6  36]
 [  0   1   0   0   0   3   3]
 [ 26   3   1   6   0  80  17]
 [ 66   8   4  29   1  14  98]]

KNN
Classification_report:
             precision    recall  f1-score   support
          B       0.35      0.43      0.38       256
          C       0.06      0.05      0.06        40
          G       0.23      0.11      0.15        72
          M       0.14      0.25      0.18       104
          O       0.00      0.00      0.00         7
          P       0.44      0.40      0.42       133
          R       0.35      0.22      0.27       220

avg / total       0.31      0.30      0.30       832

[[111   9  14  58   0  25  39]
 [ 19   2   1   7   0   2   9]
 [ 38   2   8  14   0   4   6]
 [ 31   3   4  26   0  13  27]
 [  1   1   0   1   0   2   2]
 [ 41   2   3  26   0  53   8]
 [ 80  12   5  52   0  22  49]]

NB
Classification_report:
             precision    recall  f1-score   support
          B       0.47      0.50      0.48       256
          C       0.07      0.12      0.09        40
          G       0.33      0.29      0.31        72
          M       0.28      0.21      0.24       104
          O       0.00      0.00      0.00         7
          P       0.42      0.40      0.41       133
          R       0.37      0.37      0.37       220

avg / total       0.38      0.37      0.37       832

[[127  23  25  13   0  25  43]
 [ 11   5   3   1   0   8  12]
 [ 31   6  21   2   0   2  10]
 [ 21   2   4  22   0  14  41]
 [  0   0   0   0   0   1   6]
 [ 26  16   2   8   0  53  28]
 [ 55  20   9  32   0  22  82]]

DT
Classification_report:
             precision    recall  f1-score   support
          B       0.36      0.38      0.37       256
          C       0.00      0.00      0.00        40
          G       0.09      0.10      0.09        72
          M       0.18      0.16      0.17       104
          O       0.00      0.00      0.00         7
          P       0.29      0.30      0.29       133
          R       0.35      0.33      0.34       220

avg / total       0.28      0.28      0.28       832

[[98  5 32 28  2 31 60]
 [13  0  4  5  0  8 10]
 [34  1  7  6  0  8 16]
 [26 10  9 17  1 21 20]
 [ 2  0  2  0  0  1  2]
 [32  6  9 17  2 40 27]
 [68 10 14 24  1 31 72]]

