SVM RBF
Classification_report:
             precision    recall  f1-score   support
          B       0.49      0.79      0.60       256
          C       0.00      0.00      0.00        40
          G       0.00      0.00      0.00        72
          M       1.00      0.01      0.02       104
          O       0.00      0.00      0.00         7
          P       0.73      0.54      0.62       133
          R       0.42      0.60      0.49       220

avg / total       0.50      0.49      0.42       832

[[201   0   0   0   0   3  52]
 [ 19   0   0   0   0   4  17]
 [ 62   0   0   0   0   0  10]
 [ 28   0   0   1   0   3  72]
 [  0   0   0   0   0   4   3]
 [ 29   0   0   0   0  72  32]
 [ 75   0   0   0   0  13 132]]

SVM linear
Classification_report:
             precision    recall  f1-score   support
          B       0.50      0.58      0.54       256
          C       0.14      0.10      0.12        40
          G       0.39      0.36      0.38        72
          M       0.37      0.37      0.37       104
          O       0.00      0.00      0.00         7
          P       0.66      0.62      0.64       133
          R       0.45      0.43      0.44       220

avg / total       0.46      0.47      0.47       832

[[148   9  31  20   0   7  41]
 [ 20   4   1   2   0   3  10]
 [ 34   2  26   0   0   2   8]
 [ 21   0   2  38   0   6  37]
 [  0   1   0   0   0   3   3]
 [ 19   4   2   6   0  83  19]
 [ 55   8   4  36   1  21  95]]

KNN
Classification_report:
             precision    recall  f1-score   support
          B       0.38      0.49      0.43       256
          C       0.19      0.12      0.15        40
          G       0.24      0.14      0.18        72
          M       0.16      0.25      0.19       104
          O       0.00      0.00      0.00         7
          P       0.42      0.38      0.40       133
          R       0.39      0.26      0.31       220

avg / total       0.34      0.33      0.32       832

[[126   6  13  52   1  23  35]
 [ 17   5   1   4   0   3  10]
 [ 39   2  10  13   0   5   3]
 [ 28   1   5  26   0  13  31]
 [  1   1   0   1   0   2   2]
 [ 49   2   5  19   0  50   8]
 [ 75  10   8  48   0  22  57]]

NB
Classification_report:
             precision    recall  f1-score   support
          B       0.49      0.49      0.49       256
          C       0.09      0.15      0.11        40
          G       0.38      0.33      0.35        72
          M       0.24      0.23      0.24       104
          O       0.00      0.00      0.00         7
          P       0.40      0.41      0.41       133
          R       0.38      0.36      0.37       220

avg / total       0.38      0.38      0.38       832

[[125  23  28  20   0  25  35]
 [ 13   6   1   1   0   7  12]
 [ 27   3  24   4   0   5   9]
 [ 21   4   2  24   0  16  37]
 [  1   0   0   0   0   1   5]
 [ 24  15   2   8   0  55  29]
 [ 46  19   7  42   0  27  79]]

DT
Classification_report:
             precision    recall  f1-score   support
          B       0.33      0.32      0.33       256
          C       0.03      0.03      0.03        40
          G       0.09      0.10      0.09        72
          M       0.16      0.17      0.16       104
          O       0.00      0.00      0.00         7
          P       0.23      0.23      0.23       133
          R       0.25      0.25      0.25       220

avg / total       0.23      0.23      0.23       832

[[83 13 29 31  1 34 65]
 [10  1  6  9  0  4 10]
 [27  0  7  8  0 12 18]
 [26  3  8 18  0 16 33]
 [ 0  1  0  1  0  2  3]
 [33  8 10 14  2 30 36]
 [73  8 16 34  3 30 56]]

