SVM RBF
Classification_report:
             precision    recall  f1-score   support
          B       0.51      0.82      0.63       256
          C       0.00      0.00      0.00        40
          G       0.00      0.00      0.00        72
          M       0.00      0.00      0.00       104
          O       0.00      0.00      0.00         7
          P       0.72      0.52      0.60       133
          R       0.44      0.65      0.53       220

avg / total       0.39      0.51      0.43       832

[[209   0   0   0   0   4  43]
 [ 10   0   0   0   0   5  25]
 [ 63   0   0   0   0   3   6]
 [ 29   0   0   0   0   3  72]
 [  0   0   0   0   0   2   5]
 [ 34   0   0   0   0  69  30]
 [ 66   0   0   1   0  10 143]]

SVM linear
Classification_report:
             precision    recall  f1-score   support
          B       0.51      0.59      0.55       256
          C       0.20      0.15      0.17        40
          G       0.37      0.32      0.34        72
          M       0.36      0.31      0.33       104
          O       0.00      0.00      0.00         7
          P       0.63      0.60      0.62       133
          R       0.46      0.46      0.46       220

avg / total       0.47      0.47      0.47       832

[[151   6  30  10   0  14  45]
 [ 12   6   1   1   2   4  14]
 [ 39   2  23   1   0   1   6]
 [ 27   3   2  32   0   5  35]
 [  0   1   0   0   0   4   2]
 [ 21   5   2   5   1  80  19]
 [ 46   7   4  41   2  18 102]]

KNN
Classification_report:
             precision    recall  f1-score   support
          B       0.41      0.55      0.47       256
          C       0.14      0.12      0.13        40
          G       0.24      0.21      0.22        72
          M       0.23      0.17      0.20       104
          O       0.33      0.14      0.20         7
          P       0.44      0.44      0.44       133
          R       0.33      0.26      0.29       220

avg / total       0.34      0.36      0.34       832

[[141   9  22  11   1  30  42]
 [ 11   5   2   3   0   2  17]
 [ 44   2  15   1   0   3   7]
 [ 29   6   6  18   0   5  40]
 [  0   0   0   0   1   4   2]
 [ 40   2   3  18   1  59  10]
 [ 76  13  14  29   0  31  57]]

NB
Classification_report:
             precision    recall  f1-score   support
          B       0.51      0.34      0.41       256
          C       0.10      0.07      0.08        40
          G       0.32      0.33      0.33        72
          M       0.35      0.53      0.42       104
          O       0.00      0.00      0.00         7
          P       0.36      0.47      0.41       133
          R       0.46      0.44      0.45       220

avg / total       0.41      0.40      0.40       832

[[88 10 39 30  6 52 31]
 [10  3  3  3  0  6 15]
 [28  1 24  3  0  6 10]
 [ 8  4  1 55  0 11 25]
 [ 2  0  0  0  0  0  5]
 [20  5  1 16  3 62 26]
 [17  8  6 52  4 36 97]]

DT
Classification_report:
             precision    recall  f1-score   support
          B       0.50      0.46      0.48       256
          C       0.13      0.15      0.14        40
          G       0.18      0.15      0.17        72
          M       0.19      0.19      0.19       104
          O       0.20      0.14      0.17         7
          P       0.54      0.62      0.58       133
          R       0.40      0.41      0.41       220

avg / total       0.39      0.39      0.39       832

[[117  13  24  27   0  22  53]
 [ 13   6   1   5   0   5  10]
 [ 32   4  11   8   0   7  10]
 [ 21   5   4  20   1   9  44]
 [  1   0   1   0   1   2   2]
 [ 16   5   5   5   3  82  17]
 [ 36  13  14  42   0  24  91]]

CRF
Classification_report:
             precision    recall  f1-score   support
          B      0.563     0.766     0.649       256
          C      0.433     0.325     0.371        40
          G      0.143     0.014     0.025        72
          M      0.068     0.029     0.041       104
          O      0.000     0.000     0.000         7
          P      0.577     0.451     0.506       133
          R      0.488     0.664     0.563       220

avg / total      0.436     0.504     0.455       832
